Официальный курс белорусского рубля по отношению к иностранным валютам, устанавливаемый Национальным банком																										
Республики Беларусь ежедневно, за период с 01.01.2004 по 31.12.2004																										
																										
Дата	1 австралийский доллар (AUD)	1 болгарский лев (BGN)	1 датская крона (DKK)	1 доллар США (USD)	1 евро (EUR)	1 исландская крона (ISK)	1 казахский тенге (KZT)	1 канадский доллар (CAD)	1 кувейтский динар (KWD)	1 кыргызский сом (KGS)	1 латвийский лат (LVL)	1 литовский лит (LTL)	1 молдавский лей (MDL)	1 норвежская крона (NOK)	1 польский злотый (PLN)	1 российский рубль (RUB)	1 СДР (XDR)	1 сингапурский доллар (SGD)	1 украинская гривна (UAH)	1 фунт стерлингов (GBP)	1 чешская крона (CZK)	1 шведская крона (SEK)	1 швейцарский франк (CHF)	1 эстонская крона (EEK)	10 иен (JPY)	10000 турецких лир (TRL)
01.01.2004	 1 609,78 	 1 377,81 	 362,04 	 2 156,00 	 2 695,22 	 30,12 	 15,00 	 1 646,68 	 7 314,18 	 48,79 	 4 030,66 	 780,81 	 167,13 	 319,75 	 573,43 	 73,19 	 2 946,67 	 1 267,01 	 404,20 	 3 826,79 	 82,82 	 293,51 	 1 727,56 	 172,21 	 201,55 	 15,38 
02.01.2004	 1 609,78 	 1 377,81 	 362,04 	 2 156,00 	 2 695,22 	 30,12 	 15,00 	 1 646,68 	 7 314,18 	 48,79 	 4 030,66 	 780,81 	 167,13 	 319,75 	 573,43 	 73,19 	 2 946,67 	 1 267,01 	 404,20 	 3 826,79 	 82,82 	 293,51 	 1 727,56 	 172,21 	 201,55 	 15,38 
03.01.2004	 1 609,78 	 1 377,81 	 362,04 	 2 156,00 	 2 695,22 	 30,12 	 15,00 	 1 646,68 	 7 314,18 	 48,79 	 4 030,66 	 780,81 	 167,13 	 319,75 	 573,43 	 73,19 	 2 946,67 	 1 267,01 	 404,20 	 3 826,79 	 82,82 	 293,51 	 1 727,56 	 172,21 	 201,55 	 15,38 
04.01.2004	 1 609,78 	 1 377,81 	 362,04 	 2 156,00 	 2 695,22 	 30,12 	 15,00 	 1 646,68 	 7 314,18 	 48,79 	 4 030,66 	 780,81 	 167,13 	 319,75 	 573,43 	 73,19 	 2 946,67 	 1 267,01 	 404,20 	 3 826,79 	 82,82 	 293,51 	 1 727,56 	 172,21 	 201,55 	 15,38 
05.01.2004	 1 609,78 	 1 377,81 	 362,04 	 2 156,00 	 2 695,22 	 30,12 	 15,00 	 1 646,68 	 7 314,18 	 48,79 	 4 030,66 	 780,81 	 167,13 	 319,75 	 573,43 	 73,19 	 2 946,67 	 1 267,01 	 404,20 	 3 826,79 	 82,82 	 293,51 	 1 727,56 	 172,21 	 201,55 	 15,38 
06.01.2004	 1 609,78 	 1 377,81 	 362,04 	 2 156,00 	 2 695,22 	 30,12 	 15,00 	 1 646,68 	 7 314,18 	 48,79 	 4 030,66 	 780,81 	 167,13 	 319,75 	 573,43 	 73,19 	 2 946,67 	 1 267,01 	 404,20 	 3 826,79 	 82,82 	 293,51 	 1 727,56 	 172,21 	 201,55 	 15,38 
07.01.2004	 1 609,78 	 1 377,81 	 362,04 	 2 156,00 	 2 695,22 	 30,12 	 15,00 	 1 646,68 	 7 314,18 	 48,79 	 4 030,66 	 780,81 	 167,13 	 319,75 	 573,43 	 73,19 	 2 946,67 	 1 267,01 	 404,20 	 3 826,79 	 82,82 	 293,51 	 1 727,56 	 172,21 	 201,55 	 15,38 
08.01.2004	 1 609,78 	 1 377,81 	 362,04 	 2 156,00 	 2 695,22 	 30,12 	 15,00 	 1 646,68 	 7 314,18 	 48,79 	 4 030,66 	 780,81 	 167,13 	 319,75 	 573,43 	 73,19 	 2 946,67 	 1 267,01 	 404,20 	 3 826,79 	 82,82 	 293,51 	 1 727,56 	 172,21 	 201,55 	 15,38 
09.01.2004	 1 651,60 	 1 386,27 	 364,04 	 2 156,00 	 2 711,49 	 30,66 	 15,14 	 1 665,70 	 7 312,44 	 48,79 	 4 046,17 	 785,11 	 163,02 	 314,86 	 581,52 	 74,00 	 2 946,67 	 1 271,60 	 404,12 	 3 906,13 	 83,76 	 298,36 	 1 727,70 	 173,27 	 203,12 	 15,75 
10.01.2004	 1 667,73 	 1 402,80 	 368,33 	 2 154,00 	 2 743,66 	 30,84 	 15,10 	 1 680,58 	 7 304,17 	 48,74 	 4 066,45 	 794,35 	 162,87 	 315,58 	 584,18 	 74,30 	 2 943,94 	 1 269,07 	 403,79 	 3 949,68 	 84,65 	 300,52 	 1 750,44 	 175,31 	 201,92 	 15,80 
11.01.2004	 1 667,73 	 1 402,80 	 368,33 	 2 154,00 	 2 743,66 	 30,84 	 15,10 	 1 680,58 	 7 304,17 	 48,74 	 4 066,45 	 794,35 	 162,87 	 315,58 	 584,18 	 74,30 	 2 943,94 	 1 269,07 	 403,79 	 3 949,68 	 84,65 	 300,52 	 1 750,44 	 175,31 	 201,92 	 15,80 
12.01.2004	 1 667,73 	 1 402,80 	 368,33 	 2 154,00 	 2 743,66 	 30,84 	 15,10 	 1 680,58 	 7 304,17 	 48,74 	 4 066,45 	 794,35 	 162,87 	 315,58 	 584,18 	 74,30 	 2 943,94 	 1 269,07 	 403,79 	 3 949,68 	 84,65 	 300,52 	 1 750,44 	 175,31 	 201,92 	 15,80 
13.01.2004	 1 679,58 	 1 419,81 	 372,82 	 2 154,00 	 2 776,72 	 31,17 	 15,12 	 1 696,00 	 7 312,48 	 48,73 	 4 092,72 	 804,06 	 162,87 	 321,26 	 590,90 	 74,61 	 2 943,94 	 1 273,84 	 403,67 	 4 000,30 	 85,20 	 304,02 	 1 772,62 	 177,45 	 202,32 	 16,09 
14.01.2004	 1 679,71 	 1 405,88 	 369,08 	 2 155,00 	 2 748,70 	 30,92 	 15,20 	 1 688,47 	 7 309,05 	 48,75 	 4 074,11 	 796,17 	 163,32 	 319,81 	 584,64 	 74,61 	 3 241,51 	 1 271,87 	 403,71 	 3 970,59 	 84,38 	 301,31 	 1 757,89 	 175,71 	 202,45 	 16,15 
15.01.2004	 1 674,03 	 1 397,41 	 366,84 	 2 156,00 	 2 732,51 	 30,82 	 15,24 	 1 690,45 	 7 307,24 	 48,77 	 4 065,62 	 791,31 	 163,52 	 319,19 	 576,70 	 74,68 	 3 229,86 	 1 272,58 	 403,97 	 3 961,33 	 83,86 	 297,91 	 1 748,79 	 174,67 	 202,85 	 16,02 
16.01.2004	 1 671,57 	 1 396,79 	 366,67 	 2 157,00 	 2 731,19 	 30,87 	 15,27 	 1 671,45 	 7 317,69 	 48,80 	 4 062,91 	 790,98 	 164,53 	 320,54 	 576,16 	 74,68 	 3 225,84 	 1 272,34 	 404,16 	 3 941,38 	 83,73 	 297,72 	 1 747,83 	 174,58 	 203,33 	 16,05 
17.01.2004	 1 655,15 	 1 376,73 	 361,39 	 2 155,00 	 2 691,92 	 30,73 	 15,22 	 1 664,67 	 7 301,00 	 48,75 	 4 035,58 	 779,65 	 166,15 	 313,64 	 569,50 	 74,81 	 3 215,91 	 1 267,76 	 403,92 	 3 905,18 	 82,23 	 292,63 	 1 718,77 	 172,06 	 203,46 	 16,06 
18.01.2004	 1 655,15 	 1 376,73 	 361,39 	 2 155,00 	 2 691,92 	 30,73 	 15,22 	 1 664,67 	 7 301,00 	 48,75 	 4 035,58 	 779,65 	 166,15 	 313,64 	 569,50 	 74,81 	 3 215,91 	 1 267,76 	 403,92 	 3 905,18 	 82,23 	 292,63 	 1 718,77 	 172,06 	 203,46 	 16,06 
19.01.2004	 1 655,15 	 1 376,73 	 361,39 	 2 155,00 	 2 691,92 	 30,73 	 15,22 	 1 664,67 	 7 301,00 	 48,75 	 4 035,58 	 779,65 	 166,15 	 313,64 	 569,50 	 74,81 	 3 215,91 	 1 267,76 	 403,92 	 3 905,18 	 82,23 	 292,63 	 1 718,77 	 172,06 	 203,46 	 16,06 
20.01.2004	 1 630,58 	 1 360,57 	 357,25 	 2 155,00 	 2 660,56 	 30,71 	 15,27 	 1 653,49 	 7 303,10 	 49,28 	 4 008,56 	 770,68 	 167,05 	 308,57 	 564,65 	 74,82 	 3 215,91 	 1 261,45 	 403,86 	 3 850,23 	 81,15 	 290,04 	 1 695,45 	 170,05 	 200,90 	 15,93 
21.01.2004	 1 642,65 	 1 375,72 	 361,23 	 2 155,00 	 2 690,09 	 31,05 	 15,36 	 1 659,86 	 7 314,01 	 49,28 	 4 026,91 	 779,10 	 167,57 	 312,41 	 567,96 	 74,85 	 3 215,91 	 1 260,68 	 403,58 	 3 882,12 	 81,98 	 293,83 	 1 710,79 	 171,93 	 200,86 	 16,08 
22.01.2004	 1 667,86 	 1 394,33 	 366,18 	 2 155,00 	 2 726,83 	 31,45 	 15,40 	 1 672,16 	 7 311,28 	 49,28 	 4 056,47 	 789,83 	 167,70 	 314,51 	 577,05 	 74,82 	 3 196,19 	 1 267,31 	 403,77 	 3 951,19 	 82,78 	 297,18 	 1 738,11 	 174,32 	 201,75 	 16,17 
23.01.2004	 1 670,97 	 1 396,34 	 366,68 	 2 154,00 	 2 731,38 	 31,41 	 15,40 	 1 658,33 	 7 313,35 	 49,25 	 4 060,70 	 791,08 	 166,98 	 318,97 	 579,97 	 75,06 	 3 194,71 	 1 270,23 	 403,69 	 3 960,99 	 82,95 	 299,46 	 1 741,38 	 174,46 	 202,03 	 16,17 
24.01.2004	 1 676,00 	 1 403,34 	 368,47 	 2 153,00 	 2 745,18 	 31,61 	 15,42 	 1 659,98 	 7 304,25 	 49,23 	 4 070,71 	 794,89 	 165,62 	 318,62 	 584,50 	 75,41 	 3 223,06 	 1 272,42 	 403,33 	 3 970,13 	 83,29 	 300,73 	 1 750,12 	 175,48 	 203,16 	 16,22 
25.01.2004	 1 676,00 	 1 403,34 	 368,47 	 2 153,00 	 2 745,18 	 31,61 	 15,42 	 1 659,98 	 7 304,25 	 49,23 	 4 070,71 	 794,89 	 165,62 	 318,62 	 584,50 	 75,41 	 3 223,06 	 1 272,42 	 403,33 	 3 970,13 	 83,29 	 300,73 	 1 750,12 	 175,48 	 203,16 	 16,22 
26.01.2004	 1 676,00 	 1 403,34 	 368,47 	 2 153,00 	 2 745,18 	 31,61 	 15,42 	 1 659,98 	 7 304,25 	 49,23 	 4 070,71 	 794,89 	 165,62 	 318,62 	 584,50 	 75,41 	 3 223,06 	 1 272,42 	 403,33 	 3 970,13 	 83,29 	 300,73 	 1 750,12 	 175,48 	 203,16 	 16,22 
27.01.2004	 1 665,80 	 1 385,57 	 363,82 	 2 154,00 	 2 710,27 	 31,37 	 15,43 	 1 642,90 	 7 307,64 	 49,25 	 4 045,07 	 784,84 	 165,50 	 314,25 	 575,89 	 75,59 	 3 230,55 	 1 272,00 	 403,69 	 3 928,14 	 82,21 	 295,81 	 1 732,07 	 173,21 	 202,84 	 16,22 
28.01.2004	 1 661,92 	 1 372,94 	 360,44 	 2 154,00 	 2 685,07 	 31,10 	 15,45 	 1 642,77 	 7 307,64 	 49,25 	 4 028,05 	 777,73 	 166,65 	 311,97 	 568,56 	 75,54 	 3 209,78 	 1 267,58 	 403,65 	 3 885,17 	 81,49 	 293,15 	 1 713,60 	 171,66 	 203,33 	 16,27 
29.01.2004	 1 674,11 	 1 389,11 	 364,71 	 2 155,00 	 2 716,59 	 31,22 	 15,46 	 1 644,47 	 7 311,03 	 50,61 	 4 057,23 	 786,70 	 166,73 	 315,20 	 573,37 	 75,65 	 3 199,92 	 1 271,91 	 403,82 	 3 945,59 	 82,25 	 297,61 	 1 732,66 	 173,55 	 203,78 	 16,25 
30.01.2004	 1 664,11 	 1 378,69 	 362,01 	 2 156,00 	 2 696,83 	 31,01 	 15,48 	 1 625,64 	 7 314,43 	 50,63 	 4 045,79 	 781,00 	 167,13 	 307,00 	 567,59 	 75,67 	 3 219,19 	 1 269,95 	 404,03 	 3 928,34 	 81,15 	 295,00 	 1 723,21 	 172,34 	 203,52 	 16,14 
31.01.2004	 1 637,59 	 1 363,61 	 357,91 	 2 156,00 	 2 666,54 	 30,98 	 15,44 	 1 618,25 	 7 314,43 	 50,63 	 4 025,39 	 772,18 	 166,42 	 303,98 	 560,48 	 75,67 	 3 206,75 	 1 268,05 	 404,02 	 3 900,64 	 79,99 	 290,41 	 1 708,47 	 170,40 	 203,46 	 16,05 
01.02.2004	 1 637,59 	 1 363,61 	 357,91 	 2 156,00 	 2 666,54 	 30,98 	 15,44 	 1 618,25 	 7 314,43 	 50,63 	 4 025,39 	 772,18 	 166,42 	 303,98 	 560,48 	 75,67 	 3 206,75 	 1 268,05 	 404,02 	 3 900,64 	 79,99 	 290,41 	 1 708,47 	 170,40 	 203,46 	 16,05 
02.02.2004	 1 637,59 	 1 363,61 	 357,91 	 2 156,00 	 2 666,54 	 30,98 	 15,44 	 1 618,25 	 7 314,43 	 50,63 	 4 025,39 	 772,18 	 166,42 	 303,98 	 560,48 	 75,67 	 3 206,75 	 1 268,05 	 404,02 	 3 900,64 	 79,99 	 290,41 	 1 708,47 	 170,40 	 203,46 	 16,05 
03.02.2004	 1 642,45 	 1 372,31 	 360,26 	 2 157,00 	 2 684,17 	 31,07 	 15,47 	 1 623,76 	 7 318,07 	 51,62 	 4 041,22 	 777,30 	 165,60 	 308,41 	 562,77 	 75,62 	 3 195,19 	 1 271,37 	 404,22 	 3 929,84 	 80,75 	 290,73 	 1 711,16 	 171,54 	 204,04 	 16,11 
04.02.2004	 1 648,50 	 1 384,86 	 363,51 	 2 159,00 	 2 708,14 	 31,34 	 15,48 	 1 620,26 	 7 324,60 	 51,67 	 4 060,94 	 784,29 	 166,72 	 311,97 	 562,49 	 75,44 	 3 207,04 	 1 275,06 	 404,72 	 3 964,68 	 81,29 	 294,84 	 1 728,51 	 173,10 	 204,89 	 16,12 
05.02.2004	 1 646,13 	 1 385,04 	 363,52 	 2 159,00 	 2 708,68 	 31,35 	 15,49 	 1 611,92 	 7 324,85 	 51,67 	 4 060,94 	 784,41 	 167,69 	 310,20 	 566,70 	 75,68 	 3 221,75 	 1 274,12 	 404,65 	 3 966,95 	 81,61 	 294,62 	 1 726,72 	 173,02 	 204,78 	 16,14 
06.02.2004	 1 648,40 	 1 390,05 	 364,86 	 2 160,00 	 2 718,25 	 31,46 	 15,52 	 1 617,86 	 7 328,24 	 51,70 	 4 065,50 	 787,14 	 167,77 	 311,14 	 563,04 	 75,81 	 3 221,23 	 1 276,03 	 405,06 	 3 960,36 	 81,81 	 296,48 	 1 731,12 	 173,76 	 204,67 	 16,26 
07.02.2004	 1 646,89 	 1 383,73 	 363,19 	 2 160,00 	 2 706,16 	 31,44 	 15,51 	 1 615,07 	 7 328,24 	 51,70 	 4 055,58 	 783,66 	 169,08 	 309,88 	 558,07 	 75,59 	 3 222,87 	 1 274,79 	 405,01 	 3 963,82 	 81,36 	 295,83 	 1 723,73 	 173,04 	 202,85 	 16,16 
08.02.2004	 1 646,89 	 1 383,73 	 363,19 	 2 160,00 	 2 706,16 	 31,44 	 15,51 	 1 615,07 	 7 328,24 	 51,70 	 4 055,58 	 783,66 	 169,08 	 309,88 	 558,07 	 75,59 	 3 222,87 	 1 274,79 	 405,01 	 3 963,82 	 81,36 	 295,83 	 1 723,73 	 173,04 	 202,85 	 16,16 
09.02.2004	 1 646,89 	 1 383,73 	 363,19 	 2 160,00 	 2 706,16 	 31,44 	 15,51 	 1 615,07 	 7 328,24 	 51,70 	 4 055,58 	 783,66 	 169,08 	 309,88 	 558,07 	 75,59 	 3 222,87 	 1 274,79 	 405,01 	 3 963,82 	 81,36 	 295,83 	 1 723,73 	 173,04 	 202,85 	 16,16 
10.02.2004	 1 679,25 	 1 407,47 	 369,40 	 2 158,00 	 2 752,10 	 31,66 	 15,50 	 1 628,68 	 7 321,21 	 51,04 	 4 089,44 	 796,99 	 169,39 	 315,51 	 567,75 	 75,74 	 3 210,41 	 1 280,90 	 404,75 	 4 016,47 	 82,82 	 301,54 	 1 752,83 	 175,83 	 204,28 	 15,97 
11.02.2004	 1 688,96 	 1 409,77 	 370,01 	 2 158,00 	 2 756,85 	 31,71 	 15,51 	 1 630,65 	 7 321,21 	 51,04 	 4 095,65 	 798,25 	 170,12 	 314,11 	 571,05 	 75,71 	 3 238,86 	 1 288,13 	 404,76 	 4 033,19 	 83,02 	 301,72 	 1 756,69 	 176,19 	 204,69 	 16,07 
12.02.2004	 1 676,53 	 1 396,93 	 366,67 	 2 157,00 	 2 731,95 	 31,47 	 15,50 	 1 619,00 	 7 317,82 	 51,02 	 4 079,43 	 791,08 	 169,51 	 310,68 	 563,11 	 75,60 	 3 244,88 	 1 288,30 	 404,25 	 4 028,84 	 82,88 	 300,33 	 1 737,97 	 174,59 	 204,28 	 16,07 
13.02.2004	 1 696,59 	 1 413,96 	 371,10 	 2 157,00 	 2 765,60 	 31,78 	 15,52 	 1 636,76 	 7 317,82 	 51,02 	 4 106,23 	 800,76 	 170,85 	 311,85 	 569,54 	 75,64 	 3 234,55 	 1 288,92 	 404,42 	 4 084,82 	 83,99 	 302,35 	 1 753,30 	 176,73 	 204,73 	 16,30 
14.02.2004	 1 706,65 	 1 412,14 	 370,64 	 2 155,00 	 2 761,74 	 31,81 	 15,50 	 1 637,16 	 7 311,28 	 50,97 	 4 100,86 	 799,79 	 170,69 	 312,32 	 567,40 	 75,72 	 3 250,75 	 1 289,26 	 404,03 	 4 077,91 	 84,76 	 302,35 	 1 748,62 	 176,51 	 204,55 	 16,34 
15.02.2004	 1 706,65 	 1 412,14 	 370,64 	 2 155,00 	 2 761,74 	 31,81 	 15,50 	 1 637,16 	 7 311,28 	 50,97 	 4 100,86 	 799,79 	 170,69 	 312,32 	 567,40 	 75,72 	 3 250,75 	 1 289,26 	 404,03 	 4 077,91 	 84,76 	 302,35 	 1 748,62 	 176,51 	 204,55 	 16,34 
16.02.2004	 1 706,65 	 1 412,14 	 370,64 	 2 155,00 	 2 761,74 	 31,81 	 15,50 	 1 637,16 	 7 311,28 	 50,97 	 4 100,86 	 799,79 	 170,69 	 312,32 	 567,40 	 75,72 	 3 250,75 	 1 289,26 	 404,03 	 4 077,91 	 84,76 	 302,35 	 1 748,62 	 176,51 	 204,55 	 16,34 
17.02.2004	 1 704,07 	 1 406,43 	 369,14 	 2 155,00 	 2 750,21 	 31,74 	 15,50 	 1 637,60 	 7 313,14 	 49,62 	 4 093,84 	 796,50 	 171,03 	 313,51 	 566,66 	 75,63 	 3 250,69 	 1 285,95 	 404,03 	 4 066,59 	 84,68 	 300,08 	 1 743,74 	 175,73 	 204,34 	 16,34 
18.02.2004	 1 715,98 	 1 414,41 	 371,19 	 2 154,00 	 2 765,41 	 31,79 	 15,49 	 1 644,71 	 7 314,96 	 49,60 	 4 103,64 	 800,89 	 171,29 	 315,29 	 568,45 	 75,61 	 3 240,48 	 1 286,39 	 403,73 	 4 090,34 	 84,63 	 301,39 	 1 757,15 	 176,79 	 204,10 	 16,34 
19.02.2004	 1 721,58 	 1 420,19 	 372,74 	 2 154,00 	 2 777,69 	 32,00 	 15,51 	 1 643,15 	 7 307,89 	 49,60 	 4 113,04 	 804,35 	 171,70 	 316,22 	 568,47 	 75,62 	 3 256,16 	 1 286,74 	 403,94 	 4 121,89 	 84,82 	 302,27 	 1 764,63 	 177,50 	 203,95 	 16,26 
20.02.2004	 1 700,40 	 1 399,31 	 366,94 	 2 152,00 	 2 734,65 	 31,60 	 15,49 	 1 625,13 	 7 302,09 	 49,55 	 4 075,37 	 791,74 	 171,61 	 311,18 	 559,07 	 75,52 	 3 252,75 	 1 278,06 	 403,41 	 4 070,40 	 83,46 	 298,26 	 1 735,55 	 174,75 	 201,19 	 16,21 
21.02.2004	 1 689,72 	 1 394,67 	 365,31 	 2 151,00 	 2 721,66 	 31,53 	 15,47 	 1 614,56 	 7 298,95 	 49,53 	 4 062,32 	 788,22 	 171,12 	 308,38 	 555,35 	 75,49 	 3 227,17 	 1 276,56 	 403,18 	 4 053,45 	 83,33 	 296,31 	 1 726,81 	 173,98 	 199,40 	 16,19 
22.02.2004	 1 689,72 	 1 394,67 	 365,31 	 2 151,00 	 2 721,66 	 31,53 	 15,47 	 1 614,56 	 7 298,95 	 49,53 	 4 062,32 	 788,22 	 171,12 	 308,38 	 555,35 	 75,49 	 3 227,17 	 1 276,56 	 403,18 	 4 053,45 	 83,33 	 296,31 	 1 726,81 	 173,98 	 199,40 	 16,19 
23.02.2004	 1 689,72 	 1 394,67 	 365,31 	 2 151,00 	 2 721,66 	 31,53 	 15,47 	 1 614,56 	 7 298,95 	 49,53 	 4 062,32 	 788,22 	 171,12 	 308,38 	 555,35 	 75,49 	 3 227,17 	 1 276,56 	 403,18 	 4 053,45 	 83,33 	 296,31 	 1 726,81 	 173,98 	 199,40 	 16,19 
24.02.2004	 1 664,55 	 1 383,99 	 362,32 	 2 151,00 	 2 699,61 	 31,18 	 15,45 	 1 602,77 	 7 298,95 	 50,26 	 4 040,20 	 781,81 	 170,38 	 307,36 	 551,61 	 75,49 	 3 215,49 	 1 270,68 	 403,11 	 3 997,31 	 82,88 	 293,50 	 1 710,60 	 172,59 	 198,64 	 16,17 
25.02.2004	 1 660,89 	 1 385,73 	 362,84 	 2 151,00 	 2 703,16 	 31,17 	 15,49 	 1 606,30 	 7 299,69 	 50,26 	 4 043,23 	 782,78 	 169,70 	 307,61 	 555,35 	 75,49 	 3 202,04 	 1 268,09 	 403,19 	 4 022,05 	 82,97 	 293,58 	 1 715,11 	 172,72 	 198,58 	 16,24 
26.02.2004	 1 676,73 	 1 399,81 	 365,84 	 2 152,00 	 2 726,37 	 31,31 	 15,47 	 1 615,98 	 7 300,48 	 50,28 	 4 061,14 	 789,62 	 169,98 	 309,68 	 557,73 	 75,52 	 3 211,13 	 1 272,85 	 403,29 	 4 062,44 	 84,01 	 295,38 	 1 731,57 	 174,24 	 198,19 	 16,31 
27.02.2004	 1 657,67 	 1 374,09 	 358,98 	 2 151,00 	 2 674,98 	 30,81 	 15,45 	 1 606,78 	 7 296,47 	 50,26 	 4 022,82 	 774,67 	 169,97 	 303,70 	 553,88 	 75,44 	 3 216,22 	 1 263,10 	 403,02 	 4 008,93 	 82,52 	 289,90 	 1 699,52 	 170,96 	 196,16 	 16,17 
28.02.2004	 1 654,66 	 1 368,97 	 357,90 	 2 151,00 	 2 666,49 	 30,81 	 15,47 	 1 597,59 	 7 299,82 	 50,26 	 4 017,56 	 772,25 	 169,77 	 304,49 	 546,56 	 75,43 	 3 184,28 	 1 266,34 	 403,17 	 3 983,54 	 82,12 	 289,42 	 1 689,18 	 170,46 	 197,21 	 16,18 
29.02.2004	 1 654,66 	 1 368,97 	 357,90 	 2 151,00 	 2 666,49 	 30,81 	 15,47 	 1 597,59 	 7 299,82 	 50,26 	 4 017,56 	 772,25 	 169,77 	 304,49 	 546,56 	 75,43 	 3 184,28 	 1 266,34 	 403,17 	 3 983,54 	 82,12 	 289,42 	 1 689,18 	 170,46 	 197,21 	 16,18 
01.03.2004	 1 654,66 	 1 368,97 	 357,90 	 2 151,00 	 2 666,49 	 30,81 	 15,47 	 1 597,59 	 7 299,82 	 50,26 	 4 017,56 	 772,25 	 169,77 	 304,49 	 546,56 	 75,43 	 3 184,28 	 1 266,34 	 403,17 	 3 983,54 	 82,12 	 289,42 	 1 689,18 	 170,46 	 197,21 	 16,18 
02.03.2004	 1 663,91 	 1 379,91 	 360,62 	 2 151,00 	 2 687,14 	 31,00 	 15,45 	 1 608,10 	 7 297,96 	 50,29 	 4 032,62 	 778,50 	 169,50 	 308,22 	 546,42 	 75,43 	 3 183,63 	 1 265,29 	 403,45 	 4 019,90 	 82,55 	 291,05 	 1 703,90 	 171,72 	 196,82 	 16,28 
03.03.2004	 1 662,53 	 1 370,88 	 358,34 	 2 152,00 	 2 670,52 	 30,78 	 15,46 	 1 604,53 	 7 303,33 	 50,31 	 4 022,43 	 773,46 	 169,85 	 307,19 	 548,03 	 75,42 	 3 195,14 	 1 261,58 	 403,28 	 4 007,24 	 82,01 	 289,03 	 1 688,04 	 170,60 	 196,53 	 16,28 
04.03.2004	 1 613,14 	 1 345,79 	 351,76 	 2 153,00 	 2 621,39 	 30,25 	 15,38 	 1 590,69 	 7 302,14 	 50,34 	 3 989,25 	 759,14 	 169,93 	 301,77 	 540,64 	 75,31 	 3 184,59 	 1 258,00 	 403,56 	 3 953,66 	 79,62 	 283,50 	 1 657,11 	 167,50 	 195,39 	 16,16 
05.03.2004	 1 617,33 	 1 346,04 	 351,72 	 2 154,00 	 2 620,99 	 30,17 	 15,42 	 1 609,44 	 7 310,37 	 50,36 	 3 982,99 	 759,37 	 169,47 	 303,24 	 544,87 	 75,14 	 3 154,64 	 1 254,18 	 403,37 	 3 938,59 	 79,48 	 284,27 	 1 658,52 	 167,56 	 194,71 	 16,19 
06.03.2004	 1 613,57 	 1 348,49 	 352,38 	 2 153,00 	 2 626,01 	 30,18 	 15,44 	 1 611,89 	 7 303,26 	 50,34 	 3 978,56 	 760,54 	 169,59 	 303,29 	 544,31 	 75,19 	 3 159,81 	 1 254,04 	 403,41 	 3 914,05 	 79,33 	 285,24 	 1 665,06 	 167,81 	 193,62 	 16,19 
07.03.2004	 1 613,57 	 1 348,49 	 352,38 	 2 153,00 	 2 626,01 	 30,18 	 15,44 	 1 611,89 	 7 303,26 	 50,34 	 3 978,56 	 760,54 	 169,59 	 303,29 	 544,31 	 75,19 	 3 159,81 	 1 254,04 	 403,41 	 3 914,05 	 79,33 	 285,24 	 1 665,06 	 167,81 	 193,62 	 16,19 
08.03.2004	 1 613,57 	 1 348,49 	 352,38 	 2 153,00 	 2 626,01 	 30,18 	 15,44 	 1 611,89 	 7 303,26 	 50,34 	 3 978,56 	 760,54 	 169,59 	 303,29 	 544,31 	 75,19 	 3 159,81 	 1 254,04 	 403,41 	 3 914,05 	 79,33 	 285,24 	 1 665,06 	 167,81 	 193,62 	 16,19 
09.03.2004	 1 613,57 	 1 348,49 	 352,38 	 2 153,00 	 2 626,01 	 30,18 	 15,44 	 1 611,89 	 7 303,26 	 50,34 	 3 978,56 	 760,54 	 169,59 	 303,29 	 544,31 	 75,19 	 3 159,81 	 1 254,04 	 403,41 	 3 914,05 	 79,33 	 285,24 	 1 665,06 	 167,81 	 193,62 	 16,19 
10.03.2004	 1 646,82 	 1 374,82 	 358,98 	 2 152,00 	 2 675,47 	 30,67 	 15,48 	 1 630,12 	 7 303,08 	 49,74 	 4 014,93 	 774,91 	 169,65 	 309,44 	 556,76 	 75,45 	 3 171,79 	 1 263,54 	 403,22 	 3 985,61 	 80,98 	 292,00 	 1 689,83 	 171,00 	 193,39 	 16,34 
11.03.2004	 1 622,82 	 1 359,54 	 355,00 	 2 151,00 	 2 645,62 	 30,47 	 15,49 	 1 624,01 	 7 297,34 	 49,72 	 3 990,72 	 766,39 	 170,11 	 304,94 	 556,28 	 75,28 	 3 170,55 	 1 257,12 	 403,41 	 3 921,49 	 79,80 	 288,32 	 1 677,39 	 169,13 	 193,39 	 16,27 
12.03.2004	 1 583,46 	 1 348,46 	 352,24 	 2 151,00 	 2 624,76 	 30,32 	 15,48 	 1 619,97 	 7 296,72 	 49,72 	 3 973,40 	 760,03 	 171,19 	 303,28 	 549,50 	 75,28 	 3 159,47 	 1 255,14 	 403,36 	 3 864,16 	 79,04 	 285,22 	 1 671,78 	 167,77 	 194,09 	 16,25 
13.03.2004	 1 570,77 	 1 353,85 	 353,63 	 2 151,00 	 2 635,41 	 30,43 	 15,49 	 1 627,14 	 7 297,21 	 49,72 	 3 970,47 	 763,24 	 170,58 	 307,69 	 553,38 	 75,45 	 3 152,10 	 1 253,72 	 403,19 	 3 858,46 	 79,65 	 285,72 	 1 683,36 	 168,45 	 193,20 	 16,28 
14.03.2004	 1 570,77 	 1 353,85 	 353,63 	 2 151,00 	 2 635,41 	 30,43 	 15,49 	 1 627,14 	 7 297,21 	 49,72 	 3 970,47 	 763,24 	 170,58 	 307,69 	 553,38 	 75,45 	 3 152,10 	 1 253,72 	 403,19 	 3 858,46 	 79,65 	 285,72 	 1 683,36 	 168,45 	 193,20 	 16,28 
15.03.2004	 1 570,77 	 1 353,85 	 353,63 	 2 151,00 	 2 635,41 	 30,43 	 15,49 	 1 627,14 	 7 297,21 	 49,72 	 3 970,47 	 763,24 	 170,58 	 307,69 	 553,38 	 75,45 	 3 152,10 	 1 253,72 	 403,19 	 3 858,46 	 79,65 	 285,72 	 1 683,36 	 168,45 	 193,20 	 16,28 
16.03.2004	 1 581,74 	 1 358,73 	 354,88 	 2 151,00 	 2 644,44 	 30,60 	 15,48 	 1 614,93 	 7 297,96 	 49,72 	 3 986,29 	 765,94 	 171,19 	 312,30 	 557,83 	 75,46 	 3 148,01 	 1 257,45 	 403,36 	 3 895,03 	 80,00 	 285,93 	 1 689,31 	 169,03 	 193,98 	 16,31 
17.03.2004	 1 589,36 	 1 362,54 	 355,85 	 2 152,00 	 2 651,59 	 30,71 	 15,45 	 1 614,52 	 7 303,58 	 49,95 	 3 999,26 	 768,05 	 171,00 	 312,96 	 562,00 	 75,48 	 3 158,32 	 1 262,65 	 403,47 	 3 895,66 	 79,81 	 286,80 	 1 692,49 	 169,45 	 196,40 	 16,33 
18.03.2004	 1 593,45 	 1 355,08 	 354,01 	 2 152,00 	 2 636,95 	 30,48 	 15,43 	 1 612,35 	 7 300,36 	 49,95 	 3 996,66 	 763,62 	 171,54 	 311,37 	 557,54 	 75,42 	 3 172,11 	 1 266,25 	 403,53 	 3 896,52 	 79,34 	 285,26 	 1 681,45 	 168,48 	 198,47 	 16,28 
19.03.2004	 1 602,70 	 1 356,79 	 354,56 	 2 152,00 	 2 640,40 	 30,53 	 15,48 	 1 607,95 	 7 301,10 	 49,95 	 4 011,18 	 764,58 	 172,23 	 311,63 	 557,40 	 75,51 	 3 166,56 	 1 273,41 	 403,47 	 3 931,70 	 79,68 	 285,85 	 1 689,10 	 168,77 	 201,59 	 16,18 
20.03.2004	 1 604,85 	 1 364,75 	 356,68 	 2 152,00 	 2 656,21 	 30,44 	 15,50 	 1 615,62 	 7 303,58 	 49,95 	 4 019,05 	 769,29 	 172,16 	 310,85 	 561,37 	 75,50 	 3 176,12 	 1 273,07 	 403,56 	 3 939,77 	 80,04 	 287,01 	 1 705,09 	 169,73 	 201,00 	 16,30 
21.03.2004	 1 604,85 	 1 364,75 	 356,68 	 2 152,00 	 2 656,21 	 30,44 	 15,50 	 1 615,62 	 7 303,58 	 49,95 	 4 019,05 	 769,29 	 172,16 	 310,85 	 561,37 	 75,50 	 3 176,12 	 1 273,07 	 403,56 	 3 939,77 	 80,04 	 287,01 	 1 705,09 	 169,73 	 201,00 	 16,30 
22.03.2004	 1 604,85 	 1 364,75 	 356,68 	 2 152,00 	 2 656,21 	 30,44 	 15,50 	 1 615,62 	 7 303,58 	 49,95 	 4 019,05 	 769,29 	 172,16 	 310,85 	 561,37 	 75,50 	 3 176,12 	 1 273,07 	 403,56 	 3 939,77 	 80,04 	 287,01 	 1 705,09 	 169,73 	 201,00 	 16,30 
23.03.2004	 1 612,60 	 1 358,24 	 355,06 	 2 152,00 	 2 644,05 	 30,13 	 15,49 	 1 614,89 	 7 302,59 	 49,95 	 4 012,68 	 765,69 	 173,69 	 312,90 	 559,91 	 75,48 	 3 184,27 	 1 270,67 	 403,71 	 3 948,60 	 79,73 	 286,90 	 1 698,10 	 169,04 	 200,81 	 16,31 
24.03.2004	 1 616,80 	 1 363,20 	 356,25 	 2 151,00 	 2 653,15 	 30,11 	 15,49 	 1 616,62 	 7 295,48 	 49,83 	 4 021,31 	 768,32 	 175,74 	 313,86 	 564,27 	 75,51 	 3 183,59 	 1 273,42 	 403,49 	 3 970,75 	 80,04 	 287,45 	 1 712,03 	 169,56 	 201,28 	 16,29 
25.03.2004	 1 614,22 	 1 358,81 	 355,02 	 2 151,00 	 2 644,55 	 29,97 	 15,49 	 1 614,44 	 7 296,47 	 49,83 	 4 019,06 	 765,83 	 177,84 	 313,71 	 562,13 	 75,51 	 3 180,62 	 1 274,82 	 403,38 	 3 966,55 	 80,55 	 286,48 	 1 703,96 	 169,04 	 202,49 	 16,34 
26.03.2004	 1 594,86 	 1 339,89 	 350,13 	 2 151,00 	 2 607,23 	 29,78 	 15,52 	 1 606,18 	 7 294,00 	 49,83 	 3 989,98 	 755,17 	 178,51 	 309,09 	 554,20 	 75,48 	 3 177,91 	 1 270,53 	 403,32 	 3 887,82 	 79,90 	 281,01 	 1 684,61 	 166,69 	 202,52 	 16,19 
27.03.2004	 1 593,57 	 1 339,23 	 350,02 	 2 151,00 	 2 606,90 	 29,81 	 15,53 	 1 621,07 	 7 299,44 	 49,83 	 3 990,72 	 755,04 	 182,68 	 309,03 	 547,57 	 75,50 	 3 159,02 	 1 272,86 	 403,31 	 3 894,60 	 79,68 	 281,68 	 1 675,30 	 166,60 	 203,44 	 16,25 
28.03.2004	 1 593,57 	 1 339,23 	 350,02 	 2 151,00 	 2 606,90 	 29,81 	 15,53 	 1 621,07 	 7 299,44 	 49,83 	 3 990,72 	 755,04 	 182,68 	 309,03 	 547,57 	 75,50 	 3 159,02 	 1 272,86 	 403,31 	 3 894,60 	 79,68 	 281,68 	 1 675,30 	 166,60 	 203,44 	 16,25 
29.03.2004	 1 593,57 	 1 339,23 	 350,02 	 2 151,00 	 2 606,90 	 29,81 	 15,53 	 1 621,07 	 7 299,44 	 49,83 	 3 990,72 	 755,04 	 182,68 	 309,03 	 547,57 	 75,50 	 3 159,02 	 1 272,86 	 403,31 	 3 894,60 	 79,68 	 281,68 	 1 675,30 	 166,60 	 203,44 	 16,25 
30.03.2004	 1 601,86 	 1 339,56 	 350,05 	 2 150,00 	 2 606,45 	 29,84 	 15,50 	 1 628,73 	 7 293,57 	 49,74 	 3 990,35 	 754,78 	 178,42 	 308,39 	 552,13 	 75,47 	 3 167,83 	 1 272,42 	 403,15 	 3 900,64 	 79,42 	 281,08 	 1 672,57 	 166,53 	 203,20 	 16,28 
31.03.2004	 1 615,62 	 1 348,34 	 352,46 	 2 150,00 	 2 624,18 	 29,76 	 15,49 	 1 643,73 	 7 293,33 	 49,74 	 4 003,35 	 759,96 	 179,32 	 311,57 	 553,58 	 75,48 	 3 161,64 	 1 276,53 	 403,19 	 3 919,99 	 79,61 	 283,31 	 1 681,79 	 167,72 	 203,19 	 16,32 
01.04.2004	 1 636,26 	 1 351,56 	 353,40 	 2 150,00 	 2 629,77 	 29,74 	 15,48 	 1 650,67 	 7 293,57 	 49,74 	 4 021,32 	 761,93 	 179,02 	 312,07 	 556,06 	 75,40 	 3 171,57 	 1 282,93 	 402,86 	 3 945,25 	 79,90 	 284,04 	 1 687,53 	 168,17 	 207,48 	 16,32 
02.04.2004	 1 640,34 	 1 357,62 	 354,97 	 2 150,00 	 2 643,10 	 29,89 	 15,49 	 1 640,72 	 7 295,31 	 49,74 	 4 029,24 	 765,51 	 178,42 	 312,73 	 556,69 	 75,43 	 3 183,10 	 1 284,89 	 403,15 	 3 969,11 	 80,33 	 284,99 	 1 695,65 	 168,94 	 206,54 	 16,36 
03.04.2004	 1 646,81 	 1 362,86 	 356,39 	 2 151,00 	 2 653,47 	 30,03 	 15,53 	 1 645,00 	 7 296,97 	 49,76 	 4 037,92 	 768,30 	 180,00 	 315,10 	 558,16 	 75,45 	 3 198,54 	 1 286,91 	 403,19 	 3 986,99 	 81,07 	 287,57 	 1 698,05 	 169,57 	 206,46 	 16,43 
04.04.2004	 1 646,81 	 1 362,86 	 356,39 	 2 151,00 	 2 653,47 	 30,03 	 15,53 	 1 645,00 	 7 296,97 	 49,76 	 4 037,92 	 768,30 	 180,00 	 315,10 	 558,16 	 75,45 	 3 198,54 	 1 286,91 	 403,19 	 3 986,99 	 81,07 	 287,57 	 1 698,05 	 169,57 	 206,46 	 16,43 
05.04.2004	 1 646,81 	 1 362,86 	 356,39 	 2 151,00 	 2 653,47 	 30,03 	 15,53 	 1 645,00 	 7 296,97 	 49,76 	 4 037,92 	 768,30 	 180,00 	 315,10 	 558,16 	 75,45 	 3 198,54 	 1 286,91 	 403,19 	 3 986,99 	 81,07 	 287,57 	 1 698,05 	 169,57 	 206,46 	 16,43 
06.04.2004	 1 629,27 	 1 338,10 	 349,74 	 2 151,00 	 2 604,54 	 29,72 	 15,55 	 1 636,24 	 7 296,47 	 49,80 	 3 999,63 	 754,26 	 179,25 	 310,52 	 551,82 	 75,37 	 3 193,65 	 1 282,04 	 403,34 	 3 923,53 	 79,44 	 283,35 	 1 663,32 	 166,45 	 205,11 	 16,35 
07.04.2004	 1 632,94 	 1 332,14 	 348,22 	 2 152,00 	 2 592,62 	 29,66 	 15,56 	 1 634,02 	 7 299,86 	 49,82 	 3 988,88 	 750,92 	 179,33 	 309,60 	 548,42 	 75,40 	 3 166,30 	 1 279,51 	 403,64 	 3 930,84 	 79,40 	 281,97 	 1 655,13 	 165,74 	 202,88 	 16,42 
08.04.2004	 1 639,29 	 1 335,77 	 349,14 	 2 152,00 	 2 599,51 	 29,73 	 15,56 	 1 641,75 	 7 300,11 	 49,82 	 3 996,66 	 752,91 	 180,46 	 310,29 	 550,88 	 75,43 	 3 164,54 	 1 282,59 	 403,76 	 3 958,39 	 79,50 	 282,82 	 1 668,02 	 166,19 	 203,57 	 16,25 
09.04.2004	 1 644,35 	 1 346,09 	 351,85 	 2 153,00 	 2 619,56 	 29,89 	 15,59 	 1 642,01 	 7 301,28 	 49,84 	 4 010,06 	 758,75 	 181,23 	 313,62 	 552,94 	 75,50 	 3 166,40 	 1 283,84 	 403,85 	 3 964,10 	 80,26 	 285,89 	 1 684,40 	 167,44 	 203,21 	 16,10 
10.04.2004	 1 643,70 	 1 338,35 	 349,80 	 2 152,00 	 2 604,46 	 29,75 	 15,60 	 1 622,86 	 7 300,36 	 49,82 	 3 995,17 	 754,29 	 183,70 	 310,94 	 550,57 	 75,49 	 3 172,03 	 1 282,48 	 403,89 	 3 944,08 	 80,46 	 284,11 	 1 680,92 	 166,43 	 202,15 	 16,18 
11.04.2004	 1 643,70 	 1 338,35 	 349,80 	 2 152,00 	 2 604,46 	 29,75 	 15,60 	 1 622,86 	 7 300,36 	 49,82 	 3 995,17 	 754,29 	 183,70 	 310,94 	 550,57 	 75,49 	 3 172,03 	 1 282,48 	 403,89 	 3 944,08 	 80,46 	 284,11 	 1 680,92 	 166,43 	 202,15 	 16,18 
12.04.2004	 1 643,70 	 1 338,35 	 349,80 	 2 152,00 	 2 604,46 	 29,75 	 15,60 	 1 622,86 	 7 300,36 	 49,82 	 3 995,17 	 754,29 	 183,70 	 310,94 	 550,57 	 75,49 	 3 172,03 	 1 282,48 	 403,89 	 3 944,08 	 80,46 	 284,11 	 1 680,92 	 166,43 	 202,15 	 16,18 
13.04.2004	 1 647,36 	 1 335,86 	 348,86 	 2 152,00 	 2 599,72 	 29,74 	 15,62 	 1 622,01 	 7 300,11 	 49,66 	 3 993,32 	 753,01 	 183,70 	 309,93 	 550,61 	 75,37 	 3 159,76 	 1 289,16 	 403,74 	 3 945,91 	 80,20 	 283,77 	 1 675,75 	 166,14 	 202,63 	 15,91 
14.04.2004	 1 637,99 	 1 326,76 	 346,81 	 2 152,00 	 2 582,08 	 29,60 	 15,60 	 1 606,45 	 7 299,37 	 49,66 	 3 984,08 	 747,69 	 182,37 	 309,68 	 545,78 	 75,27 	 3 165,33 	 1 290,79 	 403,77 	 3 932,24 	 80,07 	 281,88 	 1 666,09 	 165,04 	 203,13 	 15,79 
15.04.2004	 1 597,74 	 1 319,77 	 344,95 	 2 153,00 	 2 568,85 	 29,47 	 15,61 	 1 612,61 	 7 300,28 	 49,68 	 3 966,47 	 743,82 	 181,69 	 309,58 	 541,50 	 75,22 	 3 153,95 	 1 286,49 	 403,97 	 3 894,78 	 79,89 	 280,03 	 1 657,62 	 164,15 	 200,72 	 15,90 
16.04.2004	 1 586,55 	 1 322,32 	 345,69 	 2 153,00 	 2 573,91 	 29,31 	 15,62 	 1 603,19 	 7 302,02 	 49,68 	 3 956,63 	 745,12 	 182,23 	 311,05 	 534,04 	 75,25 	 3 136,88 	 1 281,24 	 404,21 	 3 851,61 	 79,88 	 279,80 	 1 663,19 	 164,48 	 198,04 	 15,81 
17.04.2004	 1 596,46 	 1 325,16 	 346,51 	 2 152,00 	 2 579,39 	 29,45 	 15,62 	 1 602,44 	 7 299,86 	 49,66 	 3 962,44 	 747,04 	 183,30 	 311,50 	 538,13 	 75,19 	 3 126,27 	 1 280,61 	 403,71 	 3 863,38 	 79,77 	 280,53 	 1 660,88 	 164,85 	 198,81 	 15,80 
18.04.2004	 1 596,46 	 1 325,16 	 346,51 	 2 152,00 	 2 579,39 	 29,45 	 15,62 	 1 602,44 	 7 299,86 	 49,66 	 3 962,44 	 747,04 	 183,30 	 311,50 	 538,13 	 75,19 	 3 126,27 	 1 280,61 	 403,71 	 3 863,38 	 79,77 	 280,53 	 1 660,88 	 164,85 	 198,81 	 15,80 
19.04.2004	 1 596,46 	 1 325,16 	 346,51 	 2 152,00 	 2 579,39 	 29,45 	 15,62 	 1 602,44 	 7 299,86 	 49,66 	 3 962,44 	 747,04 	 183,30 	 311,50 	 538,13 	 75,19 	 3 126,27 	 1 280,61 	 403,71 	 3 863,38 	 79,77 	 280,53 	 1 660,88 	 164,85 	 198,81 	 15,80 
20.04.2004	 1 596,46 	 1 325,16 	 346,51 	 2 152,00 	 2 579,39 	 29,45 	 15,62 	 1 602,44 	 7 299,86 	 49,66 	 3 962,44 	 747,04 	 183,30 	 311,50 	 538,13 	 75,19 	 3 126,27 	 1 280,61 	 403,71 	 3 863,38 	 79,77 	 280,53 	 1 660,88 	 164,85 	 198,81 	 15,80 
21.04.2004	 1 596,46 	 1 325,16 	 346,51 	 2 152,00 	 2 579,39 	 29,45 	 15,62 	 1 602,44 	 7 299,86 	 49,66 	 3 962,44 	 747,04 	 183,30 	 311,50 	 538,13 	 75,19 	 3 126,27 	 1 280,61 	 403,71 	 3 863,38 	 79,77 	 280,53 	 1 660,88 	 164,85 	 198,81 	 15,80 
22.04.2004	 1 567,09 	 1 307,61 	 341,89 	 2 152,00 	 2 544,63 	 29,20 	 15,60 	 1 580,20 	 7 297,39 	 49,70 	 3 932,03 	 736,94 	 184,88 	 307,37 	 536,16 	 74,40 	 3 133,63 	 1 271,19 	 403,83 	 3 809,90 	 78,17 	 277,89 	 1 634,26 	 162,55 	 197,11 	 15,51 
23.04.2004	 1 569,43 	 1 308,38 	 342,14 	 2 153,00 	 2 546,57 	 29,18 	 15,57 	 1 580,53 	 7 303,01 	 49,72 	 3 932,06 	 737,46 	 185,12 	 308,50 	 536,33 	 74,29 	 3 114,47 	 1 267,37 	 404,02 	 3 802,95 	 78,42 	 278,47 	 1 639,51 	 162,74 	 196,51 	 15,52 
24.04.2004	 1 576,75 	 1 315,61 	 344,04 	 2 153,00 	 2 560,13 	 29,31 	 15,58 	 1 589,75 	 7 303,26 	 49,72 	 3 944,31 	 741,48 	 185,60 	 310,48 	 536,67 	 74,33 	 3 117,78 	 1 269,76 	 403,98 	 3 826,20 	 79,29 	 280,16 	 1 640,94 	 163,62 	 197,26 	 15,54 
25.04.2004	 1 576,75 	 1 315,61 	 344,04 	 2 153,00 	 2 560,13 	 29,31 	 15,58 	 1 589,75 	 7 303,26 	 49,72 	 3 944,31 	 741,48 	 185,60 	 310,48 	 536,67 	 74,33 	 3 117,78 	 1 269,76 	 403,98 	 3 826,20 	 79,29 	 280,16 	 1 640,94 	 163,62 	 197,26 	 15,54 
26.04.2004	 1 576,75 	 1 315,61 	 344,04 	 2 153,00 	 2 560,13 	 29,31 	 15,58 	 1 589,75 	 7 303,26 	 49,72 	 3 944,31 	 741,48 	 185,60 	 310,48 	 536,67 	 74,33 	 3 117,78 	 1 269,76 	 403,98 	 3 826,20 	 79,29 	 280,16 	 1 640,94 	 163,62 	 197,26 	 15,54 
27.04.2004	 1 575,89 	 1 307,62 	 341,98 	 2 153,00 	 2 544,63 	 29,21 	 15,55 	 1 587,76 	 7 303,26 	 49,73 	 3 937,45 	 737,04 	 186,33 	 308,38 	 534,64 	 74,23 	 3 125,29 	 1 266,92 	 403,86 	 3 828,79 	 78,90 	 278,89 	 1 634,16 	 162,64 	 197,55 	 15,65 
28.04.2004	 1 583,10 	 1 314,61 	 343,86 	 2 153,00 	 2 558,63 	 29,27 	 15,54 	 1 597,83 	 7 303,01 	 49,73 	 3 949,73 	 741,12 	 187,22 	 310,77 	 536,44 	 74,58 	 3 121,63 	 1 271,56 	 403,99 	 3 855,70 	 78,73 	 280,78 	 1 651,33 	 163,48 	 198,26 	 15,37 
29.04.2004	 1 579,33 	 1 318,47 	 345,03 	 2 153,00 	 2 567,56 	 29,33 	 15,55 	 1 593,04 	 7 304,99 	 49,73 	 3 952,27 	 743,39 	 187,22 	 312,34 	 537,11 	 74,59 	 3 125,06 	 1 271,59 	 404,00 	 3 852,36 	 78,92 	 281,99 	 1 658,45 	 164,10 	 197,53 	 15,08 
30.04.2004	 1 542,41 	 1 306,71 	 342,23 	 2 153,00 	 2 546,68 	 29,06 	 15,56 	 1 570,21 	 7 303,01 	 49,73 	 3 926,68 	 737,52 	 187,22 	 312,02 	 530,75 	 74,54 	 3 124,71 	 1 262,68 	 404,06 	 3 802,95 	 77,82 	 279,38 	 1 645,71 	 162,76 	 194,66 	 14,89 
01.05.2004	 1 553,07 	 1 321,67 	 345,98 	 2 153,00 	 2 574,34 	 29,17 	 15,58 	 1 569,41 	 7 303,01 	 49,73 	 3 945,03 	 745,64 	 193,96 	 313,98 	 535,11 	 74,34 	 3 106,56 	 1 262,76 	 404,05 	 3 807,90 	 78,99 	 281,85 	 1 658,13 	 164,58 	 195,20 	 15,10 
02.05.2004	 1 553,07 	 1 321,67 	 345,98 	 2 153,00 	 2 574,34 	 29,17 	 15,58 	 1 569,41 	 7 303,01 	 49,73 	 3 945,03 	 745,64 	 193,96 	 313,98 	 535,11 	 74,34 	 3 106,56 	 1 262,76 	 404,05 	 3 807,90 	 78,99 	 281,85 	 1 658,13 	 164,58 	 195,20 	 15,10 
03.05.2004	 1 553,07 	 1 321,67 	 345,98 	 2 153,00 	 2 574,34 	 29,17 	 15,58 	 1 569,41 	 7 303,01 	 49,73 	 3 945,03 	 745,64 	 193,96 	 313,98 	 535,11 	 74,34 	 3 106,56 	 1 262,76 	 404,05 	 3 807,90 	 78,99 	 281,85 	 1 658,13 	 164,58 	 195,20 	 15,10 
04.05.2004	 1 553,57 	 1 323,14 	 346,12 	 2 154,00 	 2 575,86 	 29,19 	 15,59 	 1 566,60 	 7 306,65 	 49,75 	 3 948,31 	 745,94 	 197,61 	 313,68 	 536,35 	 74,34 	 3 127,24 	 1 267,25 	 404,24 	 3 820,44 	 79,24 	 281,88 	 1 657,75 	 164,65 	 195,67 	 15,06 
05.05.2004	 1 556,88 	 1 326,11 	 346,93 	 2 155,00 	 2 581,80 	 29,30 	 15,63 	 1 573,16 	 7 309,79 	 49,55 	 3 952,68 	 747,29 	 204,27 	 313,55 	 540,57 	 74,34 	 3 125,42 	 1 268,99 	 404,43 	 3 839,35 	 79,62 	 282,53 	 1 662,55 	 164,91 	 195,00 	 14,67 
06.05.2004	 1 576,38 	 1 344,06 	 351,49 	 2 155,00 	 2 615,85 	 29,43 	 15,67 	 1 569,44 	 7 309,79 	 49,55 	 3 981,52 	 757,54 	 197,25 	 319,39 	 550,80 	 74,57 	 3 140,35 	 1 275,37 	 404,46 	 3 871,67 	 80,98 	 285,87 	 1 690,46 	 167,17 	 197,04 	 14,83 
07.05.2004	 1 577,33 	 1 346,62 	 352,11 	 2 156,00 	 2 620,40 	 29,44 	 15,70 	 1 568,57 	 7 316,16 	 49,58 	 3 984,11 	 758,91 	 190,80 	 320,88 	 549,23 	 74,67 	 3 155,85 	 1 278,69 	 404,69 	 3 864,63 	 81,49 	 288,03 	 1 689,92 	 167,47 	 197,73 	 14,92 
08.05.2004	 1 545,10 	 1 334,49 	 349,02 	 2 156,00 	 2 597,44 	 29,30 	 15,70 	 1 561,02 	 7 306,99 	 49,58 	 3 964,33 	 752,22 	 190,80 	 319,11 	 547,21 	 74,47 	 3 153,24 	 1 271,98 	 404,67 	 3 858,81 	 80,76 	 285,87 	 1 674,76 	 166,05 	 195,00 	 14,58 
09.05.2004	 1 545,10 	 1 334,49 	 349,02 	 2 156,00 	 2 597,44 	 29,30 	 15,70 	 1 561,02 	 7 306,99 	 49,58 	 3 964,33 	 752,22 	 190,80 	 319,11 	 547,21 	 74,47 	 3 153,24 	 1 271,98 	 404,67 	 3 858,81 	 80,76 	 285,87 	 1 674,76 	 166,05 	 195,00 	 14,58 
10.05.2004	 1 545,10 	 1 334,49 	 349,02 	 2 156,00 	 2 597,44 	 29,30 	 15,70 	 1 561,02 	 7 306,99 	 49,58 	 3 964,33 	 752,22 	 190,80 	 319,11 	 547,21 	 74,47 	 3 153,24 	 1 271,98 	 404,67 	 3 858,81 	 80,76 	 285,87 	 1 674,76 	 166,05 	 195,00 	 14,58 
11.05.2004	 1 500,36 	 1 313,87 	 343,61 	 2 156,00 	 2 556,69 	 29,06 	 15,69 	 1 551,75 	 7 313,43 	 49,58 	 3 922,50 	 740,55 	 183,10 	 315,58 	 537,52 	 74,47 	 3 142,15 	 1 256,04 	 404,50 	 3 835,09 	 79,65 	 280,78 	 1 659,23 	 163,40 	 190,34 	 14,15 
12.05.2004	 1 502,73 	 1 312,99 	 343,31 	 2 156,00 	 2 554,54 	 29,01 	 15,70 	 1 549,07 	 7 313,43 	 49,29 	 3 916,08 	 739,93 	 183,88 	 311,96 	 538,13 	 74,38 	 3 104,34 	 1 251,81 	 404,69 	 3 808,90 	 79,65 	 278,65 	 1 655,79 	 163,30 	 189,98 	 14,01 
13.05.2004	 1 512,00 	 1 316,36 	 344,27 	 2 156,00 	 2 561,65 	 29,07 	 15,72 	 1 558,65 	 7 313,43 	 49,29 	 3 912,53 	 741,95 	 180,04 	 311,13 	 538,09 	 74,19 	 3 100,39 	 1 258,46 	 404,68 	 3 811,38 	 79,75 	 279,20 	 1 662,11 	 163,74 	 191,53 	 14,23 
14.05.2004	 1 491,31 	 1 314,63 	 343,81 	 2 156,00 	 2 558,85 	 29,12 	 15,74 	 1 549,69 	 7 313,18 	 49,29 	 3 903,68 	 741,01 	 178,18 	 312,69 	 535,25 	 74,15 	 3 109,47 	 1 251,12 	 404,66 	 3 815,69 	 79,90 	 279,75 	 1 664,54 	 163,53 	 189,16 	 13,89 
15.05.2004	 1 479,52 	 1 307,33 	 341,87 	 2 155,00 	 2 544,09 	 28,98 	 15,74 	 1 544,14 	 7 309,79 	 49,26 	 3 898,69 	 736,75 	 179,58 	 310,95 	 534,21 	 74,14 	 3 099,82 	 1 247,90 	 404,35 	 3 776,96 	 79,61 	 277,81 	 1 653,49 	 162,55 	 187,90 	 14,05 
16.05.2004	 1 479,52 	 1 307,33 	 341,87 	 2 155,00 	 2 544,09 	 28,98 	 15,74 	 1 544,14 	 7 309,79 	 49,26 	 3 898,69 	 736,75 	 179,58 	 310,95 	 534,21 	 74,14 	 3 099,82 	 1 247,90 	 404,35 	 3 776,96 	 79,61 	 277,81 	 1 653,49 	 162,55 	 187,90 	 14,05 
17.05.2004	 1 479,52 	 1 307,33 	 341,87 	 2 155,00 	 2 544,09 	 28,98 	 15,74 	 1 544,14 	 7 309,79 	 49,26 	 3 898,69 	 736,75 	 179,58 	 310,95 	 534,21 	 74,14 	 3 099,82 	 1 247,90 	 404,35 	 3 776,96 	 79,61 	 277,81 	 1 653,49 	 162,55 	 187,90 	 14,05 
18.05.2004	 1 496,97 	 1 333,75 	 348,86 	 2 155,00 	 2 595,59 	 29,42 	 15,76 	 1 560,24 	 7 310,04 	 49,13 	 3 938,95 	 751,87 	 179,58 	 314,71 	 542,89 	 74,20 	 3 091,63 	 1 253,13 	 404,28 	 3 809,50 	 81,18 	 282,49 	 1 692,19 	 165,91 	 190,12 	 14,06 
19.05.2004	 1 477,97 	 1 329,42 	 347,76 	 2 154,00 	 2 588,25 	 29,38 	 15,77 	 1 543,04 	 7 306,40 	 49,11 	 3 926,36 	 749,43 	 179,50 	 313,38 	 544,28 	 74,28 	 3 119,27 	 1 249,42 	 404,33 	 3 800,73 	 81,36 	 282,08 	 1 686,50 	 165,38 	 188,84 	 13,84 
20.05.2004	 1 507,48 	 1 328,40 	 347,49 	 2 154,00 	 2 585,45 	 29,33 	 15,79 	 1 553,72 	 7 306,65 	 49,11 	 3 933,17 	 748,87 	 181,47 	 311,39 	 549,63 	 74,30 	 3 114,60 	 1 255,68 	 404,22 	 3 837,67 	 81,13 	 282,78 	 1 679,93 	 165,29 	 191,06 	 13,85 
21.05.2004	 1 494,12 	 1 320,91 	 345,56 	 2 154,00 	 2 570,91 	 29,24 	 15,80 	 1 560,53 	 7 306,40 	 49,11 	 3 924,57 	 744,65 	 181,47 	 311,20 	 547,95 	 74,30 	 3 122,76 	 1 253,05 	 404,36 	 3 804,50 	 80,55 	 283,15 	 1 672,43 	 164,31 	 190,04 	 13,82 
22.05.2004	 1 508,18 	 1 328,36 	 347,50 	 2 153,00 	 2 585,65 	 29,38 	 15,76 	 1 567,53 	 7 304,74 	 49,08 	 3 941,42 	 748,84 	 180,55 	 313,06 	 550,43 	 74,28 	 3 112,68 	 1 255,80 	 404,22 	 3 845,58 	 81,07 	 283,77 	 1 684,73 	 165,34 	 192,14 	 13,80 
23.05.2004	 1 508,18 	 1 328,36 	 347,50 	 2 153,00 	 2 585,65 	 29,38 	 15,76 	 1 567,53 	 7 304,74 	 49,08 	 3 941,42 	 748,84 	 180,55 	 313,06 	 550,43 	 74,28 	 3 112,68 	 1 255,80 	 404,22 	 3 845,58 	 81,07 	 283,77 	 1 684,73 	 165,34 	 192,14 	 13,80 
24.05.2004	 1 508,18 	 1 328,36 	 347,50 	 2 153,00 	 2 585,65 	 29,38 	 15,76 	 1 567,53 	 7 304,74 	 49,08 	 3 941,42 	 748,84 	 180,55 	 313,06 	 550,43 	 74,28 	 3 112,68 	 1 255,80 	 404,22 	 3 845,58 	 81,07 	 283,77 	 1 684,73 	 165,34 	 192,14 	 13,80 
25.05.2004	 1 501,50 	 1 323,42 	 346,18 	 2 153,00 	 2 575,96 	 29,37 	 15,73 	 1 569,13 	 7 303,01 	 49,10 	 3 937,45 	 746,16 	 179,42 	 313,51 	 551,77 	 74,26 	 3 130,72 	 1 254,33 	 404,22 	 3 848,49 	 81,02 	 283,21 	 1 677,44 	 164,60 	 191,45 	 13,99 
26.05.2004	 1 513,45 	 1 335,77 	 349,36 	 2 153,00 	 2 599,42 	 29,61 	 15,71 	 1 571,76 	 7 303,26 	 49,10 	 3 953,00 	 752,76 	 180,32 	 315,69 	 559,51 	 74,30 	 3 119,87 	 1 253,97 	 404,31 	 3 888,00 	 81,81 	 284,71 	 1 691,75 	 166,09 	 191,30 	 14,16 
27.05.2004	 1 528,52 	 1 341,18 	 350,83 	 2 153,00 	 2 610,08 	 29,72 	 15,72 	 1 573,54 	 7 303,26 	 49,10 	 3 968,30 	 755,76 	 180,02 	 317,63 	 558,64 	 74,29 	 3 133,05 	 1 259,17 	 404,32 	 3 912,22 	 82,36 	 286,32 	 1 694,08 	 166,81 	 193,23 	 14,26 
28.05.2004	 1 535,41 	 1 344,28 	 351,63 	 2 153,00 	 2 615,46 	 29,85 	 15,68 	 1 575,10 	 7 303,01 	 49,10 	 3 974,16 	 757,53 	 179,34 	 319,89 	 561,85 	 74,28 	 3 144,03 	 1 261,35 	 404,40 	 3 929,55 	 82,06 	 287,97 	 1 701,17 	 167,14 	 192,96 	 14,19 
29.05.2004	 1 538,03 	 1 356,87 	 355,07 	 2 152,00 	 2 640,93 	 30,15 	 15,68 	 1 582,24 	 7 300,85 	 49,08 	 3 997,03 	 764,88 	 179,26 	 321,27 	 566,27 	 74,27 	 3 147,84 	 1 265,96 	 404,25 	 3 953,65 	 83,02 	 290,03 	 1 727,33 	 168,80 	 194,71 	 14,44 
30.05.2004	 1 538,03 	 1 356,87 	 355,07 	 2 152,00 	 2 640,93 	 30,15 	 15,68 	 1 582,24 	 7 300,85 	 49,08 	 3 997,03 	 764,88 	 179,26 	 321,27 	 566,27 	 74,27 	 3 147,84 	 1 265,96 	 404,25 	 3 953,65 	 83,02 	 290,03 	 1 727,33 	 168,80 	 194,71 	 14,44 
31.05.2004	 1 538,03 	 1 356,87 	 355,07 	 2 152,00 	 2 640,93 	 30,15 	 15,68 	 1 582,24 	 7 300,85 	 49,08 	 3 997,03 	 764,88 	 179,26 	 321,27 	 566,27 	 74,27 	 3 147,84 	 1 265,96 	 404,25 	 3 953,65 	 83,02 	 290,03 	 1 727,33 	 168,80 	 194,71 	 14,44 
01.06.2004	 1 539,86 	 1 351,08 	 353,72 	 2 152,00 	 2 630,71 	 30,13 	 15,73 	 1 581,36 	 7 299,86 	 48,98 	 3 996,29 	 761,89 	 179,26 	 320,46 	 565,87 	 74,21 	 3 160,90 	 1 267,60 	 404,25 	 3 948,60 	 83,12 	 289,14 	 1 720,77 	 168,15 	 196,67 	 14,35 
02.06.2004	 1 541,05 	 1 352,99 	 354,31 	 2 152,00 	 2 635,45 	 30,18 	 15,75 	 1 579,68 	 7 299,62 	 48,98 	 3 996,29 	 763,26 	 179,56 	 321,90 	 566,79 	 74,19 	 3 160,90 	 1 265,32 	 404,29 	 3 951,61 	 83,18 	 289,65 	 1 724,22 	 168,44 	 196,83 	 14,43 
03.06.2004	 1 518,51 	 1 356,39 	 355,30 	 2 153,00 	 2 642,27 	 30,23 	 15,77 	 1 577,87 	 7 303,26 	 49,00 	 3 997,77 	 765,32 	 179,87 	 322,21 	 567,40 	 74,11 	 3 166,80 	 1 262,35 	 404,46 	 3 974,44 	 83,86 	 289,39 	 1 731,40 	 168,88 	 194,62 	 14,19 
04.06.2004	 1 499,03 	 1 350,82 	 353,59 	 2 153,00 	 2 629,67 	 30,01 	 15,78 	 1 581,98 	 7 303,01 	 49,00 	 3 981,51 	 761,57 	 179,64 	 320,44 	 565,14 	 74,02 	 3 168,23 	 1 261,06 	 404,62 	 3 942,79 	 83,52 	 287,97 	 1 721,92 	 168,05 	 194,46 	 14,12 
05.06.2004	 1 490,57 	 1 344,74 	 353,64 	 2 154,00 	 2 629,71 	 30,11 	 15,80 	 1 579,87 	 7 306,65 	 49,03 	 3 976,74 	 761,64 	 179,50 	 320,84 	 565,47 	 74,11 	 3 159,12 	 1 258,69 	 404,80 	 3 959,27 	 83,89 	 287,21 	 1 720,10 	 168,05 	 194,11 	 14,35 
06.06.2004	 1 490,57 	 1 344,74 	 353,64 	 2 154,00 	 2 629,71 	 30,11 	 15,80 	 1 579,87 	 7 306,65 	 49,03 	 3 976,74 	 761,64 	 179,50 	 320,84 	 565,47 	 74,11 	 3 159,12 	 1 258,69 	 404,80 	 3 959,27 	 83,89 	 287,21 	 1 720,10 	 168,05 	 194,11 	 14,35 
07.06.2004	 1 490,57 	 1 344,74 	 353,64 	 2 154,00 	 2 629,71 	 30,11 	 15,80 	 1 579,87 	 7 306,65 	 49,03 	 3 976,74 	 761,64 	 179,50 	 320,84 	 565,47 	 74,11 	 3 159,12 	 1 258,69 	 404,80 	 3 959,27 	 83,89 	 287,21 	 1 720,10 	 168,05 	 194,11 	 14,35 
08.06.2004	 1 510,06 	 1 357,06 	 357,10 	 2 154,00 	 2 654,48 	 30,42 	 15,84 	 1 596,86 	 7 306,40 	 48,84 	 3 997,77 	 768,79 	 180,10 	 323,78 	 569,95 	 74,19 	 3 159,23 	 1 263,64 	 404,83 	 3 967,78 	 84,64 	 290,57 	 1 741,94 	 169,70 	 195,84 	 14,60 
09.06.2004	 1 521,21 	 1 358,72 	 357,46 	 2 155,00 	 2 657,65 	 30,33 	 15,84 	 1 601,52 	 7 310,04 	 48,86 	 4 005,20 	 769,74 	 179,88 	 323,99 	 577,59 	 74,25 	 3 176,23 	 1 265,30 	 405,04 	 3 975,01 	 84,95 	 291,79 	 1 746,28 	 169,85 	 196,54 	 14,58 
10.06.2004	 1 501,65 	 1 345,31 	 353,73 	 2 156,00 	 2 631,51 	 30,22 	 15,84 	 1 594,20 	 7 313,18 	 48,88 	 3 997,77 	 762,11 	 180,12 	 321,35 	 572,34 	 74,26 	 3 178,98 	 1 265,78 	 405,24 	 3 957,66 	 83,94 	 289,53 	 1 733,61 	 168,25 	 198,17 	 14,53 
11.06.2004	 1 493,14 	 1 330,13 	 349,76 	 2 156,00 	 2 601,54 	 29,94 	 15,84 	 1 586,29 	 7 313,43 	 48,88 	 3 974,56 	 753,37 	 180,12 	 315,93 	 565,88 	 74,24 	 3 168,57 	 1 257,00 	 405,29 	 3 941,92 	 83,01 	 284,86 	 1 717,52 	 166,25 	 195,92 	 14,44 
12.06.2004	 1 492,98 	 1 322,45 	 347,87 	 2 155,00 	 2 586,22 	 29,73 	 15,83 	 1 578,12 	 7 308,31 	 48,86 	 3 967,96 	 749,12 	 180,64 	 312,07 	 563,69 	 74,24 	 3 150,98 	 1 255,90 	 405,05 	 3 934,06 	 82,46 	 282,56 	 1 713,04 	 165,36 	 195,67 	 14,41 
13.06.2004	 1 492,98 	 1 322,45 	 347,87 	 2 155,00 	 2 586,22 	 29,73 	 15,83 	 1 578,12 	 7 308,31 	 48,86 	 3 967,96 	 749,12 	 180,64 	 312,07 	 563,69 	 74,24 	 3 150,98 	 1 255,90 	 405,05 	 3 934,06 	 82,46 	 282,56 	 1 713,04 	 165,36 	 195,67 	 14,41 
14.06.2004	 1 492,98 	 1 322,45 	 347,87 	 2 155,00 	 2 586,22 	 29,73 	 15,83 	 1 578,12 	 7 308,31 	 48,86 	 3 967,96 	 749,12 	 180,64 	 312,07 	 563,69 	 74,24 	 3 150,98 	 1 255,90 	 405,05 	 3 934,06 	 82,46 	 282,56 	 1 713,04 	 165,36 	 195,67 	 14,41 
15.06.2004	 1 483,61 	 1 319,21 	 347,10 	 2 155,00 	 2 580,18 	 29,62 	 15,82 	 1 575,98 	 7 309,79 	 49,82 	 3 951,59 	 747,29 	 180,79 	 309,01 	 565,51 	 74,24 	 3 150,98 	 1 252,54 	 405,06 	 3 894,84 	 82,17 	 281,03 	 1 705,31 	 164,89 	 194,42 	 14,26 
16.06.2004	 1 471,18 	 1 326,27 	 349,00 	 2 154,00 	 2 594,06 	 29,75 	 15,81 	 1 565,01 	 7 306,65 	 49,80 	 3 954,83 	 751,28 	 180,70 	 312,57 	 567,32 	 74,22 	 3 135,77 	 1 252,69 	 404,61 	 3 904,66 	 81,84 	 283,02 	 1 708,51 	 165,79 	 193,57 	 14,23 
17.06.2004	 1 496,60 	 1 335,61 	 351,46 	 2 154,00 	 2 612,26 	 29,79 	 15,79 	 1 574,56 	 7 306,65 	 49,80 	 3 981,15 	 756,59 	 181,54 	 315,04 	 569,77 	 74,22 	 3 139,54 	 1 257,00 	 404,39 	 3 942,57 	 81,84 	 285,81 	 1 714,90 	 166,97 	 196,45 	 14,44 
18.06.2004	 1 482,53 	 1 325,62 	 348,77 	 2 155,00 	 2 592,68 	 29,74 	 15,80 	 1 573,16 	 7 310,04 	 49,82 	 3 975,65 	 750,91 	 181,63 	 310,70 	 567,11 	 74,24 	 3 148,93 	 1 255,86 	 404,84 	 3 948,93 	 81,77 	 283,34 	 1 712,97 	 165,73 	 197,07 	 14,43 
19.06.2004	 1 471,11 	 1 323,87 	 348,33 	 2 155,00 	 2 589,12 	 29,70 	 15,81 	 1 566,99 	 7 312,02 	 49,82 	 3 971,98 	 749,88 	 182,16 	 308,53 	 565,54 	 74,24 	 3 154,77 	 1 252,58 	 404,92 	 3 944,08 	 81,39 	 282,70 	 1 712,83 	 165,47 	 196,87 	 14,41 
20.06.2004	 1 471,11 	 1 323,87 	 348,33 	 2 155,00 	 2 589,12 	 29,70 	 15,81 	 1 566,99 	 7 312,02 	 49,82 	 3 971,98 	 749,88 	 182,16 	 308,53 	 565,54 	 74,24 	 3 154,77 	 1 252,58 	 404,92 	 3 944,08 	 81,39 	 282,70 	 1 712,83 	 165,47 	 196,87 	 14,41 
21.06.2004	 1 471,11 	 1 323,87 	 348,33 	 2 155,00 	 2 589,12 	 29,70 	 15,81 	 1 566,99 	 7 312,02 	 49,82 	 3 971,98 	 749,88 	 182,16 	 308,53 	 565,54 	 74,24 	 3 154,77 	 1 252,58 	 404,92 	 3 944,08 	 81,39 	 282,70 	 1 712,83 	 165,47 	 196,87 	 14,41 
22.06.2004	 1 483,93 	 1 333,62 	 350,97 	 2 155,00 	 2 608,41 	 29,80 	 15,78 	 1 580,32 	 7 309,79 	 50,31 	 3 990,00 	 755,42 	 182,94 	 312,43 	 569,28 	 74,27 	 3 151,06 	 1 251,74 	 404,76 	 3 949,90 	 81,77 	 285,18 	 1 728,56 	 166,72 	 198,57 	 14,42 
23.06.2004	 1 480,34 	 1 330,70 	 350,19 	 2 154,00 	 2 602,68 	 29,70 	 15,78 	 1 577,33 	 7 306,65 	 50,28 	 3 982,99 	 753,74 	 183,01 	 311,98 	 566,06 	 74,22 	 3 158,30 	 1 253,42 	 404,52 	 3 928,36 	 81,56 	 284,08 	 1 722,03 	 166,31 	 198,69 	 14,52 
24.06.2004	 1 483,14 	 1 337,31 	 351,87 	 2 154,00 	 2 615,60 	 29,70 	 15,79 	 1 586,39 	 7 306,40 	 50,28 	 3 985,94 	 757,54 	 185,05 	 313,46 	 570,90 	 74,21 	 3 153,46 	 1 254,15 	 404,68 	 3 919,85 	 82,01 	 285,03 	 1 726,10 	 167,19 	 198,05 	 14,45 
25.06.2004	 1 495,09 	 1 334,37 	 351,16 	 2 154,00 	 2 609,89 	 29,65 	 15,79 	 1 588,96 	 7 306,40 	 50,28 	 3 987,78 	 755,87 	 182,08 	 311,65 	 572,95 	 74,22 	 3 151,69 	 1 256,23 	 404,74 	 3 915,97 	 82,12 	 284,94 	 1 727,21 	 166,83 	 199,86 	 14,48 
26.06.2004	 1 506,83 	 1 335,98 	 351,65 	 2 154,00 	 2 612,91 	 29,71 	 15,77 	 1 598,93 	 7 306,40 	 50,28 	 3 991,48 	 756,73 	 181,24 	 313,56 	 572,00 	 74,21 	 3 157,48 	 1 260,68 	 404,79 	 3 924,80 	 82,48 	 285,43 	 1 725,48 	 167,02 	 199,90 	 14,45 
27.06.2004	 1 506,83 	 1 335,98 	 351,65 	 2 154,00 	 2 612,91 	 29,71 	 15,77 	 1 598,93 	 7 306,40 	 50,28 	 3 991,48 	 756,73 	 181,24 	 313,56 	 572,00 	 74,21 	 3 157,48 	 1 260,68 	 404,79 	 3 924,80 	 82,48 	 285,43 	 1 725,48 	 167,02 	 199,90 	 14,45 
28.06.2004	 1 506,83 	 1 335,98 	 351,65 	 2 154,00 	 2 612,91 	 29,71 	 15,77 	 1 598,93 	 7 306,40 	 50,28 	 3 991,48 	 756,73 	 181,24 	 313,56 	 572,00 	 74,21 	 3 157,48 	 1 260,68 	 404,79 	 3 924,80 	 82,48 	 285,43 	 1 725,48 	 167,02 	 199,90 	 14,45 
29.06.2004	 1 505,54 	 1 339,84 	 352,53 	 2 154,00 	 2 620,02 	 29,70 	 15,79 	 1 598,04 	 7 306,65 	 50,47 	 3 993,33 	 758,77 	 181,01 	 315,06 	 576,78 	 74,21 	 3 161,23 	 1 259,87 	 404,83 	 3 933,42 	 82,37 	 286,15 	 1 722,30 	 167,97 	 199,20 	 14,41 
30.06.2004	 1 502,04 	 1 338,43 	 352,20 	 2 155,00 	 2 617,79 	 29,73 	 15,80 	 1 598,43 	 7 309,79 	 50,49 	 3 989,26 	 758,16 	 181,02 	 314,50 	 575,31 	 74,24 	 3 166,75 	 1 258,54 	 405,04 	 3 926,63 	 82,11 	 287,03 	 1 712,70 	 168,05 	 198,16 	 14,42 
01.07.2004	 1 487,96 	 1 335,94 	 351,55 	 2 156,00 	 2 612,75 	 29,63 	 15,87 	 1 599,41 	 7 313,43 	 50,52 	 3 981,17 	 756,78 	 181,10 	 311,37 	 575,32 	 74,22 	 3 164,08 	 1 253,63 	 405,32 	 3 895,89 	 82,07 	 286,04 	 1 709,69 	 168,13 	 198,00 	 14,47 
02.07.2004	 1 506,88 	 1 339,13 	 352,20 	 2 157,00 	 2 618,71 	 29,67 	 15,87 	 1 618,40 	 7 316,82 	 50,54 	 3 990,38 	 758,29 	 181,03 	 310,83 	 582,11 	 74,28 	 3 162,64 	 1 256,92 	 405,37 	 3 909,67 	 81,95 	 285,73 	 1 718,11 	 168,21 	 199,43 	 14,63 
03.07.2004	 1 518,26 	 1 340,91 	 352,82 	 2 158,00 	 2 622,73 	 29,59 	 15,89 	 1 619,69 	 7 319,97 	 50,56 	 3 996,67 	 759,61 	 182,03 	 308,06 	 580,97 	 74,31 	 3 169,76 	 1 258,02 	 405,56 	 3 926,80 	 82,18 	 285,76 	 1 726,61 	 168,28 	 198,13 	 14,79 
04.07.2004	 1 518,26 	 1 340,91 	 352,82 	 2 158,00 	 2 622,73 	 29,59 	 15,89 	 1 619,69 	 7 319,97 	 50,56 	 3 996,67 	 759,61 	 182,03 	 308,06 	 580,97 	 74,31 	 3 169,76 	 1 258,02 	 405,56 	 3 926,80 	 82,18 	 285,76 	 1 726,61 	 168,28 	 198,13 	 14,79 
05.07.2004	 1 518,26 	 1 340,91 	 352,82 	 2 158,00 	 2 622,73 	 29,59 	 15,89 	 1 619,69 	 7 319,97 	 50,56 	 3 996,67 	 759,61 	 182,03 	 308,06 	 580,97 	 74,31 	 3 169,76 	 1 258,02 	 405,56 	 3 926,80 	 82,18 	 285,76 	 1 726,61 	 168,28 	 198,13 	 14,79 
06.07.2004	 1 538,87 	 1 357,10 	 356,98 	 2 158,00 	 2 654,23 	 29,89 	 15,93 	 1 628,86 	 7 320,22 	 50,56 	 4 013,76 	 768,71 	 182,03 	 312,07 	 587,09 	 74,32 	 3 169,76 	 1 259,45 	 404,88 	 3 952,70 	 83,52 	 288,97 	 1 748,43 	 169,99 	 198,67 	 14,94 
07.07.2004	 1 543,73 	 1 356,55 	 356,68 	 2 158,00 	 2 652,51 	 29,96 	 15,92 	 1 631,70 	 7 320,22 	 50,56 	 4 010,78 	 768,46 	 181,57 	 312,82 	 585,57 	 74,31 	 3 169,76 	 1 258,09 	 405,80 	 3 956,26 	 83,44 	 288,52 	 1 744,97 	 169,99 	 197,32 	 15,02 
08.07.2004	 1 551,71 	 1 364,35 	 358,74 	 2 158,00 	 2 668,69 	 30,15 	 15,95 	 1 633,30 	 7 319,97 	 50,56 	 4 027,25 	 772,74 	 181,57 	 316,30 	 589,59 	 74,25 	 3 169,76 	 1 260,81 	 405,77 	 3 993,81 	 84,33 	 290,62 	 1 756,90 	 169,99 	 198,73 	 14,92 
09.07.2004	 1 553,11 	 1 363,58 	 358,77 	 2 158,00 	 2 666,96 	 30,12 	 15,95 	 1 630,09 	 7 320,22 	 50,56 	 4 028,37 	 772,52 	 181,57 	 315,29 	 588,43 	 74,15 	 3 193,02 	 1 263,54 	 405,73 	 3 994,03 	 84,89 	 290,66 	 1 756,33 	 170,47 	 198,02 	 14,94 
10.07.2004	 1 557,18 	 1 366,50 	 359,47 	 2 159,00 	 2 672,41 	 30,24 	 15,96 	 1 637,84 	 7 323,36 	 50,59 	 4 034,38 	 774,00 	 182,19 	 315,58 	 589,09 	 74,17 	 3 191,07 	 1 266,28 	 406,01 	 3 996,42 	 84,78 	 290,79 	 1 756,50 	 170,82 	 198,88 	 14,92 
11.07.2004	 1 557,18 	 1 366,50 	 359,47 	 2 159,00 	 2 672,41 	 30,24 	 15,96 	 1 637,84 	 7 323,36 	 50,59 	 4 034,38 	 774,00 	 182,19 	 315,58 	 589,09 	 74,17 	 3 191,07 	 1 266,28 	 406,01 	 3 996,42 	 84,78 	 290,79 	 1 756,50 	 170,82 	 198,88 	 14,92 
12.07.2004	 1 557,18 	 1 366,50 	 359,47 	 2 159,00 	 2 672,41 	 30,24 	 15,96 	 1 637,84 	 7 323,36 	 50,59 	 4 034,38 	 774,00 	 182,19 	 315,58 	 589,09 	 74,17 	 3 191,07 	 1 266,28 	 406,01 	 3 996,42 	 84,78 	 290,79 	 1 756,50 	 170,82 	 198,88 	 14,92 
13.07.2004	 1 567,54 	 1 371,23 	 360,70 	 2 159,00 	 2 682,23 	 30,44 	 15,95 	 1 640,45 	 7 323,61 	 50,59 	 4 047,24 	 776,79 	 182,12 	 316,74 	 595,09 	 74,11 	 3 197,37 	 1 271,65 	 405,79 	 4 024,70 	 85,26 	 291,48 	 1 766,49 	 171,29 	 200,27 	 14,87 
14.07.2004	 1 564,77 	 1 366,60 	 359,45 	 2 158,00 	 2 672,79 	 30,32 	 15,94 	 1 631,70 	 7 319,97 	 50,75 	 4 035,91 	 774,03 	 182,03 	 315,98 	 597,66 	 74,09 	 3 201,72 	 1 269,34 	 405,88 	 4 011,51 	 85,03 	 290,10 	 1 755,33 	 171,21 	 199,10 	 15,02 
15.07.2004	 1 565,63 	 1 365,30 	 359,10 	 2 158,00 	 2 670,42 	 30,31 	 15,93 	 1 637,45 	 7 319,97 	 50,75 	 4 031,76 	 773,45 	 181,34 	 313,55 	 598,03 	 74,15 	 3 194,90 	 1 267,47 	 405,87 	 4 014,42 	 84,85 	 289,95 	 1 750,77 	 171,21 	 197,72 	 15,06 
16.07.2004	 1 557,86 	 1 362,16 	 358,29 	 2 158,00 	 2 663,94 	 30,23 	 15,94 	 1 630,22 	 7 319,97 	 50,75 	 4 023,49 	 771,58 	 181,34 	 313,26 	 600,86 	 74,22 	 3 192,01 	 1 263,84 	 405,93 	 3 994,13 	 84,86 	 289,73 	 1 746,24 	 171,21 	 197,13 	 15,02 
17.07.2004	 1 561,96 	 1 364,74 	 358,45 	 2 158,00 	 2 669,34 	 30,34 	 15,94 	 1 635,41 	 7 320,22 	 50,75 	 4 028,37 	 773,13 	 181,96 	 315,46 	 601,53 	 74,18 	 3 189,05 	 1 264,65 	 405,81 	 4 002,77 	 85,08 	 290,26 	 1 748,01 	 171,21 	 196,98 	 15,00 
18.07.2004	 1 561,96 	 1 364,74 	 358,45 	 2 158,00 	 2 669,34 	 30,34 	 15,94 	 1 635,41 	 7 320,22 	 50,75 	 4 028,37 	 773,13 	 181,96 	 315,46 	 601,53 	 74,18 	 3 189,05 	 1 264,65 	 405,81 	 4 002,77 	 85,08 	 290,26 	 1 748,01 	 171,21 	 196,98 	 15,00 
19.07.2004	 1 561,96 	 1 364,74 	 358,45 	 2 158,00 	 2 669,34 	 30,34 	 15,94 	 1 635,41 	 7 320,22 	 50,75 	 4 028,37 	 773,13 	 181,96 	 315,46 	 601,53 	 74,18 	 3 189,05 	 1 264,65 	 405,81 	 4 002,77 	 85,08 	 290,26 	 1 748,01 	 171,21 	 196,98 	 15,00 
20.07.2004	 1 582,89 	 1 371,81 	 360,85 	 2 158,00 	 2 682,93 	 30,45 	 15,95 	 1 649,22 	 7 319,97 	 50,75 	 4 046,12 	 777,04 	 181,96 	 316,77 	 607,37 	 74,21 	 3 187,30 	 1 268,63 	 406,21 	 4 037,94 	 85,96 	 291,49 	 1 756,97 	 171,48 	 199,22 	 15,11 
21.07.2004	 1 576,96 	 1 372,56 	 361,01 	 2 158,00 	 2 684,44 	 30,39 	 15,96 	 1 649,78 	 7 319,97 	 50,60 	 4 043,85 	 777,45 	 181,96 	 316,54 	 601,53 	 74,21 	 3 200,38 	 1 267,73 	 406,14 	 4 017,44 	 85,80 	 291,56 	 1 757,33 	 171,58 	 199,16 	 15,02 
22.07.2004	 1 567,49 	 1 361,10 	 357,97 	 2 157,00 	 2 661,85 	 30,41 	 15,94 	 1 638,56 	 7 316,58 	 50,58 	 4 027,64 	 770,85 	 181,87 	 313,09 	 595,94 	 74,15 	 3 196,59 	 1 264,18 	 405,68 	 3 993,79 	 84,93 	 289,70 	 1 735,95 	 170,11 	 198,77 	 14,89 
23.07.2004	 1 540,46 	 1 350,33 	 355,14 	 2 156,00 	 2 640,88 	 30,23 	 15,94 	 1 627,72 	 7 313,18 	 50,55 	 4 004,83 	 764,86 	 181,94 	 311,76 	 593,25 	 74,12 	 3 177,92 	 1 254,66 	 405,36 	 3 959,39 	 84,01 	 287,45 	 1 721,63 	 168,76 	 196,27 	 14,70 
24.07.2004	 1 530,76 	 1 346,95 	 354,24 	 2 156,00 	 2 634,31 	 30,21 	 15,92 	 1 633,95 	 7 313,43 	 50,55 	 4 000,37 	 763,02 	 181,18 	 310,76 	 593,86 	 74,13 	 3 173,83 	 1 254,66 	 405,88 	 3 958,74 	 83,71 	 286,70 	 1 721,63 	 168,39 	 196,10 	 14,76 
25.07.2004	 1 530,76 	 1 346,95 	 354,24 	 2 156,00 	 2 634,31 	 30,21 	 15,92 	 1 633,95 	 7 313,43 	 50,55 	 4 000,37 	 763,02 	 181,18 	 310,76 	 593,86 	 74,13 	 3 173,83 	 1 254,66 	 405,88 	 3 958,74 	 83,71 	 286,70 	 1 721,63 	 168,39 	 196,10 	 14,76 
26.07.2004	 1 530,76 	 1 346,95 	 354,24 	 2 156,00 	 2 634,31 	 30,21 	 15,92 	 1 633,95 	 7 313,43 	 50,55 	 4 000,37 	 763,02 	 181,18 	 310,76 	 593,86 	 74,13 	 3 173,83 	 1 254,66 	 405,88 	 3 958,74 	 83,71 	 286,70 	 1 721,63 	 168,39 	 196,10 	 14,76 
27.07.2004	 1 534,64 	 1 339,84 	 352,46 	 2 156,00 	 2 620,62 	 30,22 	 15,88 	 1 632,96 	 7 315,17 	 50,75 	 3 994,07 	 758,94 	 182,09 	 307,84 	 589,72 	 74,11 	 3 162,18 	 1 252,83 	 405,69 	 3 962,08 	 83,12 	 284,88 	 1 710,30 	 167,45 	 196,31 	 14,63 
28.07.2004	 1 533,67 	 1 339,34 	 352,26 	 2 156,00 	 2 619,43 	 30,20 	 15,86 	 1 619,23 	 7 314,18 	 50,75 	 3 994,07 	 758,69 	 181,56 	 309,57 	 589,72 	 74,13 	 3 163,11 	 1 253,49 	 405,72 	 3 972,00 	 82,79 	 284,55 	 1 705,09 	 167,38 	 196,59 	 14,44 
29.07.2004	 1 511,14 	 1 331,11 	 350,09 	 2 156,00 	 2 603,05 	 30,11 	 15,79 	 1 616,62 	 7 314,92 	 50,75 	 3 974,93 	 754,00 	 181,33 	 307,48 	 588,27 	 74,12 	 3 165,50 	 1 251,31 	 405,87 	 3 929,74 	 82,23 	 282,62 	 1 693,57 	 166,38 	 194,20 	 14,47 
30.07.2004	 1 505,91 	 1 326,28 	 348,88 	 2 157,00 	 2 593,79 	 30,01 	 15,82 	 1 618,76 	 7 318,31 	 50,77 	 3 962,89 	 751,23 	 181,87 	 307,40 	 588,02 	 74,15 	 3 141,63 	 1 248,91 	 405,40 	 3 921,64 	 81,77 	 281,16 	 1 686,41 	 165,77 	 192,54 	 14,61 
31.07.2004	 1 513,46 	 1 330,62 	 349,99 	 2 157,00 	 2 602,53 	 30,10 	 15,81 	 1 633,41 	 7 316,82 	 50,77 	 3 972,38 	 753,85 	 181,57 	 308,86 	 593,97 	 74,12 	 3 138,78 	 1 254,62 	 405,34 	 3 919,92 	 81,94 	 281,78 	 1 689,71 	 166,33 	 193,70 	 14,71 
01.08.2004	 1 513,46 	 1 330,62 	 349,99 	 2 157,00 	 2 602,53 	 30,10 	 15,81 	 1 633,41 	 7 316,82 	 50,77 	 3 972,38 	 753,85 	 181,57 	 308,86 	 593,97 	 74,12 	 3 138,78 	 1 254,62 	 405,34 	 3 919,92 	 81,94 	 281,78 	 1 689,71 	 166,33 	 193,70 	 14,71 
02.08.2004	 1 513,46 	 1 330,62 	 349,99 	 2 157,00 	 2 602,53 	 30,10 	 15,81 	 1 633,41 	 7 316,82 	 50,77 	 3 972,38 	 753,85 	 181,57 	 308,86 	 593,97 	 74,12 	 3 138,78 	 1 254,62 	 405,34 	 3 919,92 	 81,94 	 281,78 	 1 689,71 	 166,33 	 193,70 	 14,71 
03.08.2004	 1 519,93 	 1 332,47 	 350,48 	 2 157,00 	 2 606,09 	 30,20 	 15,81 	 1 626,21 	 7 316,82 	 50,76 	 3 980,07 	 754,83 	 181,91 	 309,44 	 594,74 	 74,02 	 3 144,39 	 1 256,77 	 405,59 	 3 950,87 	 82,37 	 282,44 	 1 698,36 	 166,53 	 194,80 	 14,80 
04.08.2004	 1 511,68 	 1 326,20 	 349,38 	 2 158,00 	 2 593,81 	 30,09 	 15,84 	 1 622,25 	 7 320,22 	 50,78 	 3 969,10 	 751,13 	 181,42 	 307,42 	 586,97 	 73,95 	 3 152,58 	 1 254,29 	 405,56 	 3 926,16 	 81,86 	 281,95 	 1 686,66 	 165,77 	 194,36 	 14,63 
05.08.2004	 1 516,59 	 1 326,49 	 348,95 	 2 159,00 	 2 594,47 	 30,03 	 15,81 	 1 635,73 	 7 324,35 	 50,80 	 3 969,48 	 751,31 	 181,66 	 308,58 	 584,07 	 74,00 	 3 145,58 	 1 252,61 	 405,56 	 3 930,24 	 81,71 	 281,96 	 1 683,96 	 165,80 	 193,91 	 14,64 
06.08.2004	 1 523,45 	 1 332,10 	 350,38 	 2 160,00 	 2 605,50 	 30,16 	 15,83 	 1 640,03 	 7 326,75 	 50,83 	 3 978,63 	 754,37 	 181,36 	 310,67 	 590,65 	 74,03 	 3 144,96 	 1 255,23 	 405,57 	 3 940,60 	 82,08 	 283,35 	 1 693,52 	 166,51 	 194,62 	 14,68 
07.08.2004	 1 517,94 	 1 331,69 	 350,31 	 2 160,00 	 2 604,53 	 30,07 	 15,84 	 1 637,79 	 7 326,75 	 50,83 	 3 978,63 	 754,30 	 181,28 	 312,34 	 592,95 	 74,00 	 3 151,33 	 1 253,95 	 406,24 	 3 944,16 	 82,41 	 283,31 	 1 692,39 	 166,46 	 193,61 	 14,66 
08.08.2004	 1 517,94 	 1 331,69 	 350,31 	 2 160,00 	 2 604,53 	 30,07 	 15,84 	 1 637,79 	 7 326,75 	 50,83 	 3 978,63 	 754,30 	 181,28 	 312,34 	 592,95 	 74,00 	 3 151,33 	 1 253,95 	 406,24 	 3 944,16 	 82,41 	 283,31 	 1 692,39 	 166,46 	 193,61 	 14,66 
09.08.2004	 1 517,94 	 1 331,69 	 350,31 	 2 160,00 	 2 604,53 	 30,07 	 15,84 	 1 637,79 	 7 326,75 	 50,83 	 3 978,63 	 754,30 	 181,28 	 312,34 	 592,95 	 74,00 	 3 151,33 	 1 253,95 	 406,24 	 3 944,16 	 82,41 	 283,31 	 1 692,39 	 166,46 	 193,61 	 14,66 
10.08.2004	 1 547,10 	 1 355,04 	 356,51 	 2 160,00 	 2 650,75 	 30,42 	 15,91 	 1 645,09 	 7 328,00 	 51,12 	 4 013,38 	 767,66 	 180,90 	 318,01 	 605,68 	 73,85 	 3 148,78 	 1 259,62 	 406,51 	 3 981,74 	 83,96 	 288,35 	 1 723,73 	 169,41 	 195,59 	 14,92 
11.08.2004	 1 545,11 	 1 356,18 	 356,72 	 2 161,00 	 2 651,98 	 30,34 	 15,98 	 1 639,11 	 7 330,39 	 51,14 	 4 011,51 	 768,08 	 180,99 	 319,10 	 605,04 	 73,91 	 3 176,82 	 1 260,90 	 407,51 	 3 968,46 	 84,50 	 288,93 	 1 723,29 	 169,48 	 195,03 	 14,92 
12.08.2004	 1 537,44 	 1 350,75 	 355,21 	 2 161,00 	 2 641,50 	 30,26 	 15,96 	 1 631,62 	 7 331,89 	 51,14 	 4 000,37 	 764,98 	 180,84 	 316,58 	 595,97 	 73,88 	 3 177,79 	 1 261,12 	 406,55 	 3 948,36 	 83,88 	 287,14 	 1 713,58 	 168,79 	 194,14 	 14,85 
13.08.2004	 1 547,56 	 1 356,38 	 356,58 	 2 162,00 	 2 652,45 	 30,41 	 16,00 	 1 634,66 	 7 333,79 	 51,16 	 4 013,37 	 768,45 	 181,15 	 318,85 	 600,76 	 73,85 	 3 171,26 	 1 263,07 	 407,41 	 3 961,76 	 84,21 	 288,42 	 1 722,64 	 169,56 	 195,51 	 14,82 
14.08.2004	 1 529,40 	 1 347,71 	 354,37 	 2 162,00 	 2 636,02 	 30,31 	 15,97 	 1 624,16 	 7 333,54 	 51,16 	 3 993,35 	 763,45 	 181,00 	 317,68 	 590,87 	 73,89 	 3 176,43 	 1 255,59 	 406,75 	 3 926,30 	 83,54 	 285,90 	 1 716,89 	 168,43 	 193,30 	 14,66 
15.08.2004	 1 529,40 	 1 347,71 	 354,37 	 2 162,00 	 2 636,02 	 30,31 	 15,97 	 1 624,16 	 7 333,54 	 51,16 	 3 993,35 	 763,45 	 181,00 	 317,68 	 590,87 	 73,89 	 3 176,43 	 1 255,59 	 406,75 	 3 926,30 	 83,54 	 285,90 	 1 716,89 	 168,43 	 193,30 	 14,66 
16.08.2004	 1 529,40 	 1 347,71 	 354,37 	 2 162,00 	 2 636,02 	 30,31 	 15,97 	 1 624,16 	 7 333,54 	 51,16 	 3 993,35 	 763,45 	 181,00 	 317,68 	 590,87 	 73,89 	 3 176,43 	 1 255,59 	 406,75 	 3 926,30 	 83,54 	 285,90 	 1 716,89 	 168,43 	 193,30 	 14,66 
17.08.2004	 1 549,55 	 1 363,67 	 358,58 	 2 161,00 	 2 666,89 	 30,63 	 15,92 	 1 648,17 	 7 330,14 	 51,58 	 4 021,21 	 772,46 	 180,91 	 321,96 	 599,40 	 73,95 	 3 163,10 	 1 258,37 	 406,89 	 3 978,18 	 84,75 	 288,85 	 1 738,61 	 170,47 	 195,07 	 14,81 
18.08.2004	 1 550,56 	 1 364,58 	 358,86 	 2 160,00 	 2 668,68 	 30,60 	 15,82 	 1 656,00 	 7 326,75 	 51,56 	 4 021,60 	 772,93 	 180,90 	 322,66 	 602,38 	 73,93 	 3 182,37 	 1 260,17 	 406,55 	 3 969,76 	 84,81 	 289,03 	 1 740,32 	 170,57 	 195,76 	 14,81 
19.08.2004	 1 543,54 	 1 361,44 	 358,04 	 2 160,00 	 2 662,63 	 30,34 	 15,86 	 1 653,53 	 7 327,00 	 51,56 	 4 017,86 	 771,24 	 180,90 	 320,51 	 599,54 	 73,93 	 3 182,05 	 1 260,50 	 405,82 	 3 946,43 	 84,52 	 288,79 	 1 734,31 	 170,14 	 196,62 	 14,82 
20.08.2004	 1 548,18 	 1 363,16 	 358,48 	 2 160,00 	 2 666,09 	 30,44 	 15,82 	 1 656,25 	 7 327,00 	 51,56 	 4 019,35 	 772,13 	 180,45 	 320,38 	 596,64 	 73,89 	 3 181,05 	 1 262,35 	 405,75 	 3 933,90 	 84,46 	 288,82 	 1 735,64 	 170,47 	 197,13 	 14,67 
21.08.2004	 1 565,35 	 1 366,31 	 359,25 	 2 160,00 	 2 672,03 	 30,44 	 15,85 	 1 665,06 	 7 327,00 	 51,56 	 4 029,85 	 773,92 	 180,30 	 323,23 	 597,46 	 73,92 	 3 186,35 	 1 265,53 	 406,26 	 3 957,01 	 84,41 	 290,29 	 1 740,25 	 170,73 	 197,87 	 14,65 
22.08.2004	 1 565,35 	 1 366,31 	 359,25 	 2 160,00 	 2 672,03 	 30,44 	 15,85 	 1 665,06 	 7 327,00 	 51,56 	 4 029,85 	 773,92 	 180,30 	 323,23 	 597,46 	 73,92 	 3 186,35 	 1 265,53 	 406,26 	 3 957,01 	 84,41 	 290,29 	 1 740,25 	 170,73 	 197,87 	 14,65 
23.08.2004	 1 565,35 	 1 366,31 	 359,25 	 2 160,00 	 2 672,03 	 30,44 	 15,85 	 1 665,06 	 7 327,00 	 51,56 	 4 029,85 	 773,92 	 180,30 	 323,23 	 597,46 	 73,92 	 3 186,35 	 1 265,53 	 406,26 	 3 957,01 	 84,41 	 290,29 	 1 740,25 	 170,73 	 197,87 	 14,65 
24.08.2004	 1 557,83 	 1 356,84 	 356,75 	 2 159,00 	 2 653,84 	 30,38 	 15,83 	 1 659,68 	 7 323,61 	 51,32 	 4 012,27 	 768,57 	 180,07 	 320,88 	 595,13 	 73,89 	 3 181,26 	 1 264,75 	 406,68 	 3 922,26 	 83,70 	 288,67 	 1 722,65 	 169,58 	 197,38 	 14,43 
25.08.2004	 1 532,35 	 1 341,70 	 352,82 	 2 159,00 	 2 624,16 	 30,16 	 15,81 	 1 654,41 	 7 324,11 	 51,32 	 3 984,87 	 760,01 	 180,07 	 317,51 	 591,91 	 73,89 	 3 172,78 	 1 261,69 	 406,68 	 3 900,56 	 82,87 	 286,31 	 1 702,88 	 167,69 	 196,69 	 14,21 
26.08.2004	 1 528,85 	 1 336,55 	 351,50 	 2 160,00 	 2 614,14 	 29,98 	 15,82 	 1 653,59 	 7 326,75 	 51,34 	 3 978,63 	 757,10 	 180,00 	 313,99 	 588,35 	 73,92 	 3 159,39 	 1 261,79 	 406,11 	 3 884,54 	 82,42 	 285,19 	 1 700,18 	 167,02 	 196,82 	 14,41 
27.08.2004	 1 527,29 	 1 332,80 	 350,61 	 2 161,00 	 2 606,81 	 29,90 	 15,81 	 1 653,97 	 7 330,39 	 51,37 	 3 973,89 	 755,04 	 179,93 	 312,64 	 586,43 	 73,95 	 3 153,37 	 1 260,43 	 406,78 	 3 881,05 	 81,97 	 284,93 	 1 693,77 	 166,67 	 196,15 	 14,29 
28.08.2004	 1 526,42 	 1 335,52 	 351,28 	 2 161,00 	 2 612,32 	 29,99 	 15,82 	 1 652,84 	 7 330,39 	 51,37 	 3 980,48 	 756,47 	 179,78 	 312,25 	 584,69 	 73,93 	 3 152,29 	 1 262,23 	 406,51 	 3 887,31 	 81,94 	 285,96 	 1 694,97 	 166,94 	 197,30 	 14,35 
29.08.2004	 1 526,42 	 1 335,52 	 351,28 	 2 161,00 	 2 612,32 	 29,99 	 15,82 	 1 652,84 	 7 330,39 	 51,37 	 3 980,48 	 756,47 	 179,78 	 312,25 	 584,69 	 73,93 	 3 152,29 	 1 262,23 	 406,51 	 3 887,31 	 81,94 	 285,96 	 1 694,97 	 166,94 	 197,30 	 14,35 
30.08.2004	 1 526,42 	 1 335,52 	 351,28 	 2 161,00 	 2 612,32 	 29,99 	 15,82 	 1 652,84 	 7 330,39 	 51,37 	 3 980,48 	 756,47 	 179,78 	 312,25 	 584,69 	 73,93 	 3 152,29 	 1 262,23 	 406,51 	 3 887,31 	 81,94 	 285,96 	 1 694,97 	 166,94 	 197,30 	 14,35 
31.08.2004	 1 509,78 	 1 328,99 	 349,48 	 2 161,00 	 2 599,14 	 29,77 	 15,82 	 1 640,04 	 7 330,14 	 51,21 	 3 970,60 	 752,78 	 179,78 	 311,05 	 585,08 	 73,89 	 3 158,60 	 1 260,28 	 406,09 	 3 869,49 	 81,69 	 284,57 	 1 687,23 	 166,01 	 196,32 	 14,26 
01.09.2004	 1 512,75 	 1 334,77 	 351,07 	 2 162,00 	 2 610,94 	 29,92 	 15,87 	 1 643,29 	 7 333,79 	 51,23 	 3 978,29 	 756,08 	 179,87 	 309,89 	 587,58 	 73,89 	 3 152,07 	 1 262,48 	 406,31 	 3 878,52 	 81,92 	 285,83 	 1 692,30 	 166,09 	 196,77 	 14,30 
02.09.2004	 1 522,75 	 1 344,98 	 353,63 	 2 163,00 	 2 630,75 	 30,00 	 15,93 	 1 644,30 	 7 337,18 	 51,25 	 3 993,35 	 761,89 	 179,95 	 314,33 	 591,51 	 73,94 	 3 159,56 	 1 264,88 	 407,19 	 3 882,04 	 82,45 	 288,07 	 1 708,73 	 166,16 	 197,82 	 14,36 
03.09.2004	 1 515,45 	 1 348,79 	 354,68 	 2 164,00 	 2 637,81 	 30,00 	 15,94 	 1 656,46 	 7 340,57 	 51,28 	 3 998,15 	 763,96 	 179,73 	 316,35 	 593,36 	 74,03 	 3 170,91 	 1 269,84 	 407,05 	 3 887,73 	 83,15 	 289,23 	 1 719,17 	 166,24 	 197,82 	 14,36 
04.09.2004	 1 509,33 	 1 347,40 	 354,33 	 2 165,00 	 2 634,91 	 30,05 	 15,92 	 1 665,58 	 7 343,96 	 51,30 	 3 996,68 	 763,26 	 180,45 	 317,16 	 595,11 	 74,07 	 3 169,30 	 1 271,32 	 407,05 	 3 870,37 	 83,21 	 288,65 	 1 717,57 	 166,32 	 197,55 	 14,37 
05.09.2004	 1 509,33 	 1 347,40 	 354,33 	 2 165,00 	 2 634,91 	 30,05 	 15,92 	 1 665,58 	 7 343,96 	 51,30 	 3 996,68 	 763,26 	 180,45 	 317,16 	 595,11 	 74,07 	 3 169,30 	 1 271,32 	 407,05 	 3 870,37 	 83,21 	 288,65 	 1 717,57 	 166,32 	 197,55 	 14,37 
06.09.2004	 1 509,33 	 1 347,40 	 354,33 	 2 165,00 	 2 634,91 	 30,05 	 15,92 	 1 665,58 	 7 343,96 	 51,30 	 3 996,68 	 763,26 	 180,45 	 317,16 	 595,11 	 74,07 	 3 169,30 	 1 271,32 	 407,05 	 3 870,37 	 83,21 	 288,65 	 1 717,57 	 166,32 	 197,55 	 14,37 
07.09.2004	 1 497,96 	 1 334,77 	 351,03 	 2 165,00 	 2 610,34 	 29,81 	 15,92 	 1 667,31 	 7 344,71 	 51,16 	 3 978,32 	 756,00 	 180,42 	 313,90 	 591,89 	 74,10 	 3 169,54 	 1 269,20 	 407,11 	 3 848,72 	 82,32 	 286,02 	 1 702,98 	 166,85 	 196,49 	 14,29 
08.09.2004	 1 505,65 	 1 339,40 	 352,26 	 2 165,00 	 2 619,33 	 29,90 	 15,92 	 1 666,15 	 7 343,71 	 51,16 	 3 981,98 	 758,64 	 180,27 	 314,42 	 598,40 	 74,10 	 3 169,54 	 1 271,81 	 406,79 	 3 860,63 	 82,65 	 286,86 	 1 708,09 	 167,41 	 197,51 	 14,41 
09.09.2004	 1 498,44 	 1 338,81 	 352,11 	 2 166,00 	 2 618,15 	 29,87 	 15,95 	 1 678,61 	 7 347,10 	 51,18 	 3 984,55 	 758,30 	 179,98 	 314,02 	 595,30 	 74,12 	 3 159,11 	 1 274,60 	 407,16 	 3 847,68 	 82,38 	 287,96 	 1 705,65 	 167,34 	 197,76 	 14,44 
10.09.2004	 1 502,34 	 1 349,91 	 355,00 	 2 166,00 	 2 639,81 	 30,03 	 15,98 	 1 680,18 	 7 347,35 	 51,18 	 4 000,37 	 764,60 	 179,98 	 317,35 	 602,12 	 74,13 	 3 155,21 	 1 273,78 	 407,31 	 3 869,45 	 83,24 	 289,46 	 1 715,78 	 168,73 	 197,55 	 14,45 
11.09.2004	 1 494,07 	 1 353,76 	 356,06 	 2 165,00 	 2 647,58 	 30,04 	 15,95 	 1 680,25 	 7 346,70 	 51,16 	 4 003,33 	 766,86 	 179,89 	 317,66 	 600,89 	 74,10 	 3 167,01 	 1 272,86 	 407,45 	 3 874,48 	 83,32 	 290,56 	 1 717,23 	 169,16 	 196,53 	 14,52 
12.09.2004	 1 494,07 	 1 353,76 	 356,06 	 2 165,00 	 2 647,58 	 30,04 	 15,95 	 1 680,25 	 7 346,70 	 51,16 	 4 003,33 	 766,86 	 179,89 	 317,66 	 600,89 	 74,10 	 3 167,01 	 1 272,86 	 407,45 	 3 874,48 	 83,32 	 290,56 	 1 717,23 	 169,16 	 196,53 	 14,52 
13.09.2004	 1 494,07 	 1 353,76 	 356,06 	 2 165,00 	 2 647,58 	 30,04 	 15,95 	 1 680,25 	 7 346,70 	 51,16 	 4 003,33 	 766,86 	 179,89 	 317,66 	 600,89 	 74,10 	 3 167,01 	 1 272,86 	 407,45 	 3 874,48 	 83,32 	 290,56 	 1 717,23 	 169,16 	 196,53 	 14,52 
14.09.2004	 1 507,49 	 1 357,32 	 356,98 	 2 165,00 	 2 654,83 	 30,19 	 15,96 	 1 677,90 	 7 343,71 	 50,19 	 4 011,12 	 768,90 	 179,74 	 317,81 	 603,43 	 74,11 	 3 168,80 	 1 274,84 	 407,07 	 3 889,64 	 83,78 	 291,94 	 1 721,88 	 169,64 	 197,52 	 14,44 
15.09.2004	 1 517,77 	 1 359,03 	 357,36 	 2 165,00 	 2 658,08 	 30,32 	 15,99 	 1 666,22 	 7 343,96 	 50,19 	 4 013,72 	 769,76 	 180,57 	 318,06 	 605,51 	 74,10 	 3 175,97 	 1 279,85 	 407,18 	 3 897,32 	 84,23 	 292,27 	 1 722,83 	 170,51 	 197,31 	 14,39 
16.09.2004	 1 516,37 	 1 354,44 	 356,18 	 2 165,00 	 2 649,74 	 30,20 	 15,99 	 1 669,49 	 7 343,96 	 50,19 	 4 008,15 	 767,35 	 181,70 	 315,69 	 605,21 	 74,11 	 3 173,85 	 1 282,62 	 407,35 	 3 881,85 	 84,40 	 290,70 	 1 718,80 	 169,39 	 197,83 	 14,50 
17.09.2004	 1 505,54 	 1 346,35 	 354,00 	 2 165,00 	 2 633,40 	 30,10 	 16,01 	 1 670,27 	 7 343,71 	 50,19 	 3 995,57 	 762,67 	 180,64 	 312,70 	 606,32 	 74,10 	 3 173,20 	 1 281,22 	 407,49 	 3 853,38 	 83,73 	 288,44 	 1 706,47 	 168,30 	 197,33 	 14,45 
18.09.2004	 1 513,50 	 1 350,35 	 354,98 	 2 164,00 	 2 641,27 	 30,23 	 16,02 	 1 676,28 	 7 340,32 	 50,16 	 4 000,74 	 764,83 	 180,56 	 312,99 	 606,33 	 74,06 	 3 164,05 	 1 278,51 	 406,96 	 3 882,87 	 83,92 	 289,62 	 1 707,70 	 168,81 	 197,16 	 14,28 
19.09.2004	 1 513,50 	 1 350,35 	 354,98 	 2 164,00 	 2 641,27 	 30,23 	 16,02 	 1 676,28 	 7 340,32 	 50,16 	 4 000,74 	 764,83 	 180,56 	 312,99 	 606,33 	 74,06 	 3 164,05 	 1 278,51 	 406,96 	 3 882,87 	 83,92 	 289,62 	 1 707,70 	 168,81 	 197,16 	 14,28 
20.09.2004	 1 513,50 	 1 350,35 	 354,98 	 2 164,00 	 2 641,27 	 30,23 	 16,02 	 1 676,28 	 7 340,32 	 50,16 	 4 000,74 	 764,83 	 180,56 	 312,99 	 606,33 	 74,06 	 3 164,05 	 1 278,51 	 406,96 	 3 882,87 	 83,92 	 289,62 	 1 707,70 	 168,81 	 197,16 	 14,28 
21.09.2004	 1 511,77 	 1 344,60 	 353,56 	 2 164,00 	 2 630,13 	 30,17 	 15,98 	 1 666,15 	 7 340,57 	 50,40 	 3 993,36 	 761,60 	 180,56 	 312,51 	 609,27 	 74,07 	 3 169,98 	 1 281,00 	 406,79 	 3 870,42 	 83,85 	 289,40 	 1 701,19 	 168,08 	 197,13 	 14,07 
22.09.2004	 1 515,34 	 1 349,67 	 354,92 	 2 164,00 	 2 639,65 	 30,22 	 16,00 	 1 671,43 	 7 340,57 	 50,40 	 3 998,52 	 764,54 	 180,26 	 314,54 	 612,48 	 74,07 	 3 160,59 	 1 278,36 	 406,71 	 3 863,61 	 83,94 	 291,15 	 1 705,15 	 168,66 	 196,83 	 14,15 
23.09.2004	 1 523,78 	 1 361,05 	 357,90 	 2 164,00 	 2 662,04 	 30,43 	 16,02 	 1 679,34 	 7 342,81 	 50,40 	 4 011,49 	 770,93 	 179,96 	 315,78 	 615,47 	 74,07 	 3 175,06 	 1 281,23 	 406,54 	 3 888,49 	 84,53 	 293,87 	 1 720,40 	 170,09 	 196,70 	 14,29 
24.09.2004	 1 534,17 	 1 358,49 	 357,25 	 2 164,00 	 2 656,85 	 30,33 	 16,05 	 1 686,01 	 7 343,06 	 50,40 	 4 006,67 	 769,61 	 179,88 	 318,70 	 611,56 	 74,07 	 3 171,23 	 1 275,76 	 406,77 	 3 887,30 	 84,12 	 293,15 	 1 718,41 	 169,83 	 195,40 	 14,35 
25.09.2004	 1 542,93 	 1 357,68 	 356,92 	 2 164,00 	 2 655,12 	 30,31 	 16,07 	 1 689,83 	 7 342,81 	 50,40 	 4 006,67 	 769,09 	 179,29 	 318,49 	 611,39 	 74,07 	 3 178,55 	 1 279,49 	 406,53 	 3 891,41 	 84,07 	 293,41 	 1 716,71 	 169,73 	 195,47 	 14,50 
26.09.2004	 1 542,93 	 1 357,68 	 356,92 	 2 164,00 	 2 655,12 	 30,31 	 16,07 	 1 689,83 	 7 342,81 	 50,40 	 4 006,67 	 769,09 	 179,29 	 318,49 	 611,39 	 74,07 	 3 178,55 	 1 279,49 	 406,53 	 3 891,41 	 84,07 	 293,41 	 1 716,71 	 169,73 	 195,47 	 14,50 
27.09.2004	 1 542,93 	 1 357,68 	 356,92 	 2 164,00 	 2 655,12 	 30,31 	 16,07 	 1 689,83 	 7 342,81 	 50,40 	 4 006,67 	 769,09 	 179,29 	 318,49 	 611,39 	 74,07 	 3 178,55 	 1 279,49 	 406,53 	 3 891,41 	 84,07 	 293,41 	 1 716,71 	 169,73 	 195,47 	 14,50 
28.09.2004	 1 541,59 	 1 358,64 	 356,64 	 2 165,00 	 2 652,88 	 30,43 	 16,06 	 1 698,44 	 7 346,45 	 50,95 	 4 007,77 	 768,51 	 179,07 	 317,93 	 610,46 	 74,10 	 3 178,57 	 1 279,55 	 406,68 	 3 908,80 	 84,00 	 293,36 	 1 712,95 	 169,57 	 195,21 	 14,46 
29.09.2004	 1 548,37 	 1 359,27 	 358,27 	 2 166,00 	 2 664,83 	 30,45 	 16,08 	 1 699,22 	 7 349,85 	 50,97 	 4 002,96 	 771,86 	 178,79 	 318,85 	 610,69 	 74,14 	 3 175,29 	 1 276,37 	 406,87 	 3 922,63 	 84,42 	 293,79 	 1 717,07 	 170,30 	 194,01 	 14,42 
30.09.2004	 1 552,66 	 1 359,90 	 358,73 	 2 167,00 	 2 669,31 	 30,44 	 16,12 	 1 700,01 	 7 353,24 	 50,99 	 4 012,96 	 773,06 	 178,87 	 320,04 	 613,67 	 74,17 	 3 180,70 	 1 278,99 	 407,06 	 3 922,49 	 84,58 	 294,19 	 1 718,34 	 170,53 	 194,99 	 14,40 
01.10.2004	 1 548,86 	 1 365,47 	 358,86 	 2 167,00 	 2 670,29 	 30,42 	 16,12 	 1 704,42 	 7 353,24 	 50,99 	 4 012,22 	 773,45 	 178,91 	 318,76 	 607,81 	 74,16 	 3 182,22 	 1 281,79 	 407,29 	 3 892,58 	 84,29 	 294,48 	 1 719,09 	 170,64 	 195,37 	 14,41 
02.10.2004	 1 570,50 	 1 375,85 	 361,65 	 2 168,00 	 2 690,92 	 30,68 	 16,14 	 1 716,07 	 7 356,63 	 51,02 	 4 032,74 	 779,35 	 177,92 	 322,46 	 614,38 	 74,20 	 3 184,77 	 1 285,65 	 407,75 	 3 920,94 	 85,25 	 297,84 	 1 737,11 	 171,97 	 196,49 	 14,40 
03.10.2004	 1 570,50 	 1 375,85 	 361,65 	 2 168,00 	 2 690,92 	 30,68 	 16,14 	 1 716,07 	 7 356,63 	 51,02 	 4 032,74 	 779,35 	 177,92 	 322,46 	 614,38 	 74,20 	 3 184,77 	 1 285,65 	 407,75 	 3 920,94 	 85,25 	 297,84 	 1 737,11 	 171,97 	 196,49 	 14,40 
04.10.2004	 1 570,50 	 1 375,85 	 361,65 	 2 168,00 	 2 690,92 	 30,68 	 16,14 	 1 716,07 	 7 356,63 	 51,02 	 4 032,74 	 779,35 	 177,92 	 322,46 	 614,38 	 74,20 	 3 184,77 	 1 285,65 	 407,75 	 3 920,94 	 85,25 	 297,84 	 1 737,11 	 171,97 	 196,49 	 14,40 
05.10.2004	 1 566,81 	 1 371,67 	 360,57 	 2 168,00 	 2 683,01 	 30,58 	 16,14 	 1 715,60 	 7 356,63 	 51,47 	 4 025,25 	 777,09 	 177,85 	 323,72 	 616,87 	 74,21 	 3 184,77 	 1 287,41 	 407,44 	 3 890,80 	 85,01 	 297,91 	 1 729,56 	 171,46 	 196,06 	 14,35 
06.10.2004	 1 562,15 	 1 360,78 	 357,68 	 2 168,00 	 2 661,44 	 30,35 	 16,13 	 1 702,26 	 7 356,38 	 51,47 	 4 005,17 	 770,79 	 177,70 	 321,24 	 615,47 	 74,20 	 3 180,33 	 1 285,46 	 407,48 	 3 874,00 	 84,61 	 293,98 	 1 714,04 	 170,10 	 195,54 	 14,38 
07.10.2004	 1 565,15 	 1 362,44 	 358,15 	 2 169,00 	 2 664,72 	 30,44 	 16,15 	 1 716,12 	 7 360,03 	 51,50 	 4 005,54 	 771,52 	 177,64 	 322,05 	 618,04 	 74,23 	 3 177,04 	 1 282,79 	 407,40 	 3 871,56 	 84,82 	 294,82 	 1 715,03 	 170,29 	 194,95 	 14,44 
08.10.2004	 1 573,79 	 1 363,71 	 358,42 	 2 170,00 	 2 667,36 	 30,51 	 16,17 	 1 722,97 	 7 363,42 	 51,52 	 4 008,13 	 772,50 	 177,58 	 322,42 	 616,21 	 74,26 	 3 177,83 	 1 284,59 	 407,89 	 3 864,55 	 84,98 	 295,01 	 1 717,18 	 170,44 	 195,09 	 14,43 
09.10.2004	 1 577,05 	 1 369,26 	 359,89 	 2 170,00 	 2 677,35 	 30,60 	 16,20 	 1 723,73 	 7 363,17 	 51,52 	 4 022,99 	 775,44 	 176,85 	 323,32 	 617,35 	 74,26 	 3 178,05 	 1 288,83 	 407,97 	 3 878,22 	 85,63 	 296,02 	 1 725,99 	 171,10 	 196,58 	 14,51 
10.10.2004	 1 577,05 	 1 369,26 	 359,89 	 2 170,00 	 2 677,35 	 30,60 	 16,20 	 1 723,73 	 7 363,17 	 51,52 	 4 022,99 	 775,44 	 176,85 	 323,32 	 617,35 	 74,26 	 3 178,05 	 1 288,83 	 407,97 	 3 878,22 	 85,63 	 296,02 	 1 725,99 	 171,10 	 196,58 	 14,51 
11.10.2004	 1 577,05 	 1 369,26 	 359,89 	 2 170,00 	 2 677,35 	 30,60 	 16,20 	 1 723,73 	 7 363,17 	 51,52 	 4 022,99 	 775,44 	 176,85 	 323,32 	 617,35 	 74,26 	 3 178,05 	 1 288,83 	 407,97 	 3 878,22 	 85,63 	 296,02 	 1 725,99 	 171,10 	 196,58 	 14,51 
12.10.2004	 1 594,52 	 1 376,47 	 361,83 	 2 170,00 	 2 692,10 	 30,75 	 16,24 	 1 731,84 	 7 363,42 	 51,54 	 4 037,96 	 779,71 	 176,64 	 324,40 	 622,06 	 74,50 	 3 184,47 	 1 291,21 	 407,74 	 3 894,82 	 85,77 	 296,86 	 1 735,72 	 172,08 	 198,60 	 14,52 
13.10.2004	 1 582,91 	 1 366,84 	 359,37 	 2 170,00 	 2 673,33 	 30,56 	 16,24 	 1 724,41 	 7 363,17 	 51,54 	 4 024,48 	 774,24 	 176,57 	 325,33 	 622,40 	 74,53 	 3 184,47 	 1 287,22 	 407,89 	 3 881,91 	 85,16 	 295,46 	 1 726,47 	 170,84 	 197,56 	 14,51 
14.10.2004	 1 578,24 	 1 367,75 	 359,62 	 2 170,00 	 2 674,96 	 30,66 	 16,28 	 1 719,77 	 7 357,43 	 51,54 	 4 020,01 	 774,72 	 176,28 	 325,61 	 620,80 	 74,52 	 3 184,54 	 1 286,88 	 407,40 	 3 887,23 	 84,98 	 294,90 	 1 729,50 	 170,98 	 197,50 	 14,53 
15.10.2004	 1 572,82 	 1 371,16 	 360,54 	 2 170,00 	 2 681,47 	 30,71 	 16,32 	 1 725,85 	 7 363,42 	 51,54 	 4 029,71 	 776,66 	 176,28 	 327,12 	 624,77 	 74,53 	 3 185,34 	 1 289,13 	 407,91 	 3 904,26 	 85,35 	 295,55 	 1 734,96 	 171,40 	 198,07 	 14,56 
16.10.2004	 1 582,91 	 1 374,81 	 361,53 	 2 170,00 	 2 688,63 	 30,80 	 16,34 	 1 724,89 	 7 363,42 	 51,54 	 4 034,21 	 778,77 	 176,14 	 327,87 	 624,64 	 74,53 	 3 195,80 	 1 291,86 	 408,40 	 3 899,92 	 85,45 	 295,27 	 1 744,23 	 171,88 	 197,89 	 14,54 
17.10.2004	 1 582,91 	 1 374,81 	 361,53 	 2 170,00 	 2 688,63 	 30,80 	 16,34 	 1 724,89 	 7 363,42 	 51,54 	 4 034,21 	 778,77 	 176,14 	 327,87 	 624,64 	 74,53 	 3 195,80 	 1 291,86 	 408,40 	 3 899,92 	 85,45 	 295,27 	 1 744,23 	 171,88 	 197,89 	 14,54 
18.10.2004	 1 582,91 	 1 374,81 	 361,53 	 2 170,00 	 2 688,63 	 30,80 	 16,34 	 1 724,89 	 7 363,42 	 51,54 	 4 034,21 	 778,77 	 176,14 	 327,87 	 624,64 	 74,53 	 3 195,80 	 1 291,86 	 408,40 	 3 899,92 	 85,45 	 295,27 	 1 744,23 	 171,88 	 197,89 	 14,54 
19.10.2004	 1 587,14 	 1 384,24 	 363,91 	 2 170,00 	 2 707,29 	 30,97 	 16,33 	 1 729,57 	 7 363,17 	 51,54 	 4 050,02 	 784,07 	 175,78 	 330,00 	 630,08 	 74,52 	 3 198,99 	 1 292,78 	 408,32 	 3 913,38 	 86,06 	 297,25 	 1 757,30 	 173,05 	 198,52 	 14,63 
20.10.2004	 1 573,76 	 1 385,45 	 364,23 	 2 171,00 	 2 709,84 	 31,02 	 16,35 	 1 723,77 	 7 378,08 	 51,56 	 4 049,62 	 784,69 	 175,65 	 329,43 	 630,92 	 74,56 	 3 208,26 	 1 293,49 	 408,18 	 3 896,73 	 86,28 	 298,49 	 1 759,32 	 173,16 	 198,67 	 14,71 
21.10.2004	 1 586,86 	 1 394,72 	 366,77 	 2 172,00 	 2 727,81 	 31,18 	 16,37 	 1 729,85 	 7 370,21 	 51,58 	 4 068,94 	 790,11 	 175,73 	 329,92 	 635,51 	 74,60 	 3 215,67 	 1 298,62 	 408,46 	 3 925,89 	 86,81 	 300,06 	 1 774,22 	 174,39 	 200,53 	 14,66 
22.10.2004	 1 604,35 	 1 401,34 	 368,59 	 2 172,00 	 2 740,96 	 31,29 	 16,38 	 1 747,24 	 7 370,21 	 51,58 	 4 081,17 	 793,73 	 174,74 	 332,90 	 636,16 	 74,60 	 3 224,57 	 1 298,65 	 408,27 	 3 959,56 	 87,04 	 302,49 	 1 783,25 	 175,06 	 201,72 	 14,63 
23.10.2004	 1 601,85 	 1 402,56 	 368,92 	 2 172,00 	 2 742,91 	 31,41 	 16,39 	 1 746,33 	 7 370,21 	 51,58 	 4 084,24 	 794,50 	 174,74 	 333,59 	 638,26 	 74,90 	 3 236,17 	 1 301,89 	 408,54 	 3 974,22 	 86,91 	 301,69 	 1 783,69 	 175,32 	 201,89 	 14,68 
24.10.2004	 1 601,85 	 1 402,56 	 368,92 	 2 172,00 	 2 742,91 	 31,41 	 16,39 	 1 746,33 	 7 370,21 	 51,58 	 4 084,24 	 794,50 	 174,74 	 333,59 	 638,26 	 74,90 	 3 236,17 	 1 301,89 	 408,54 	 3 974,22 	 86,91 	 301,69 	 1 783,69 	 175,32 	 201,89 	 14,68 
25.10.2004	 1 601,85 	 1 402,56 	 368,92 	 2 172,00 	 2 742,91 	 31,41 	 16,39 	 1 746,33 	 7 370,21 	 51,58 	 4 084,24 	 794,50 	 174,74 	 333,59 	 638,26 	 74,90 	 3 236,17 	 1 301,89 	 408,54 	 3 974,22 	 86,91 	 301,69 	 1 783,69 	 175,32 	 201,89 	 14,68 
26.10.2004	 1 622,38 	 1 419,33 	 373,38 	 2 172,00 	 2 775,92 	 31,77 	 16,41 	 1 759,35 	 7 370,21 	 51,58 	 4 108,19 	 804,01 	 174,18 	 338,08 	 644,99 	 75,24 	 3 236,61 	 1 306,58 	 408,52 	 3 972,70 	 88,22 	 305,21 	 1 811,51 	 177,42 	 203,72 	 14,73 
27.10.2004	 1 621,94 	 1 421,09 	 373,84 	 2 172,00 	 2 779,83 	 31,68 	 16,44 	 1 759,35 	 7 370,21 	 51,67 	 4 107,41 	 804,98 	 174,60 	 337,16 	 637,18 	 75,49 	 3 259,76 	 1 305,84 	 408,50 	 3 992,57 	 87,87 	 307,67 	 1 812,64 	 177,64 	 203,37 	 14,64 
28.10.2004	 1 619,99 	 1 416,88 	 372,68 	 2 172,00 	 2 771,25 	 31,43 	 16,44 	 1 773,79 	 7 367,96 	 51,67 	 4 102,76 	 802,54 	 174,53 	 338,58 	 637,23 	 75,50 	 3 256,72 	 1 306,51 	 408,46 	 3 990,72 	 87,64 	 306,76 	 1 808,42 	 177,09 	 203,44 	 14,71 
29.10.2004	 1 629,32 	 1 412,69 	 371,73 	 2 173,00 	 2 763,62 	 31,30 	 16,46 	 1 776,49 	 7 373,60 	 51,69 	 4 101,55 	 800,43 	 174,61 	 338,39 	 636,73 	 75,51 	 3 258,72 	 1 306,87 	 408,34 	 3 979,63 	 87,52 	 306,10 	 1 802,35 	 176,63 	 204,84 	 14,73 
30.10.2004	 1 622,92 	 1 417,57 	 373,02 	 2 172,00 	 2 772,45 	 31,49 	 16,46 	 1 781,06 	 7 369,96 	 51,67 	 4 101,21 	 803,05 	 174,53 	 340,07 	 640,44 	 75,51 	 3 244,40 	 1 305,92 	 408,85 	 3 980,19 	 87,82 	 306,10 	 1 814,23 	 177,32 	 205,15 	 14,74 
31.10.2004	 1 622,92 	 1 417,57 	 373,02 	 2 172,00 	 2 772,45 	 31,49 	 16,46 	 1 781,06 	 7 369,96 	 51,67 	 4 101,21 	 803,05 	 174,53 	 340,07 	 640,44 	 75,51 	 3 244,40 	 1 305,92 	 408,85 	 3 980,19 	 87,82 	 306,10 	 1 814,23 	 177,32 	 205,15 	 14,74 
01.11.2004	 1 622,92 	 1 417,57 	 373,02 	 2 172,00 	 2 772,45 	 31,49 	 16,46 	 1 781,06 	 7 369,96 	 51,67 	 4 101,21 	 803,05 	 174,53 	 340,07 	 640,44 	 75,51 	 3 244,40 	 1 305,92 	 408,85 	 3 980,19 	 87,82 	 306,10 	 1 814,23 	 177,32 	 205,15 	 14,74 
02.11.2004	 1 622,80 	 1 419,52 	 373,56 	 2 173,00 	 2 776,55 	 31,46 	 16,48 	 1 779,25 	 7 373,60 	 52,04 	 4 104,65 	 804,13 	 174,47 	 341,01 	 641,85 	 75,54 	 3 256,85 	 1 305,11 	 408,46 	 3 986,69 	 88,21 	 306,44 	 1 813,78 	 177,45 	 204,22 	 14,68 
03.11.2004	 1 619,96 	 1 413,06 	 371,90 	 2 174,00 	 2 764,46 	 31,56 	 16,51 	 1 776,51 	 7 376,99 	 52,07 	 4 099,57 	 800,59 	 174,27 	 338,66 	 640,73 	 75,54 	 3 256,65 	 1 304,22 	 408,61 	 3 984,07 	 87,69 	 305,49 	 1 804,45 	 176,63 	 204,20 	 14,73 
04.11.2004	 1 625,16 	 1 410,92 	 371,26 	 2 175,00 	 2 759,31 	 31,46 	 16,54 	 1 772,83 	 7 376,88 	 52,09 	 4 099,13 	 799,13 	 174,35 	 337,68 	 639,80 	 75,57 	 3 254,13 	 1 303,57 	 408,83 	 3 997,00 	 87,67 	 304,39 	 1 800,50 	 176,37 	 204,03 	 14,80 
05.11.2004	 1 641,04 	 1 423,71 	 374,53 	 2 175,00 	 2 784,11 	 31,81 	 16,56 	 1 798,26 	 7 380,39 	 52,09 	 4 115,42 	 806,42 	 174,21 	 341,33 	 646,02 	 75,61 	 3 254,50 	 1 309,22 	 409,14 	 4 011,79 	 88,57 	 307,07 	 1 819,02 	 177,96 	 204,36 	 14,84 
06.11.2004	 1 645,82 	 1 430,26 	 376,36 	 2 175,00 	 2 797,49 	 32,03 	 16,56 	 1 800,05 	 7 388,16 	 52,09 	 4 122,44 	 810,12 	 174,77 	 341,96 	 651,20 	 75,87 	 3 271,16 	 1 312,93 	 408,83 	 4 007,87 	 89,01 	 307,59 	 1 828,81 	 178,79 	 204,86 	 14,84 
07.11.2004	 1 645,82 	 1 430,26 	 376,36 	 2 175,00 	 2 797,49 	 32,03 	 16,56 	 1 800,05 	 7 388,16 	 52,09 	 4 122,44 	 810,12 	 174,77 	 341,96 	 651,20 	 75,87 	 3 271,16 	 1 312,93 	 408,83 	 4 007,87 	 89,01 	 307,59 	 1 828,81 	 178,79 	 204,86 	 14,84 
08.11.2004	 1 645,82 	 1 430,26 	 376,36 	 2 175,00 	 2 797,49 	 32,03 	 16,56 	 1 800,05 	 7 388,16 	 52,09 	 4 122,44 	 810,12 	 174,77 	 341,96 	 651,20 	 75,87 	 3 271,16 	 1 312,93 	 408,83 	 4 007,87 	 89,01 	 307,59 	 1 828,81 	 178,79 	 204,86 	 14,84 
09.11.2004	 1 652,13 	 1 440,54 	 379,04 	 2 175,00 	 2 817,49 	 32,33 	 16,56 	 1 818,71 	 7 378,13 	 52,22 	 4 144,44 	 815,61 	 175,12 	 344,22 	 658,59 	 75,87 	 3 273,18 	 1 317,14 	 409,43 	 4 035,93 	 89,49 	 310,05 	 1 843,92 	 180,05 	 206,15 	 14,94 
10.11.2004	 1 645,93 	 1 437,26 	 378,19 	 2 175,00 	 2 810,86 	 32,18 	 16,58 	 1 822,37 	 7 380,39 	 52,22 	 4 138,92 	 814,21 	 175,54 	 341,19 	 657,84 	 75,92 	 3 285,05 	 1 317,78 	 409,30 	 4 030,71 	 89,49 	 308,38 	 1 839,40 	 179,68 	 205,92 	 14,90 
11.11.2004	 1 653,11 	 1 435,74 	 377,88 	 2 175,00 	 2 807,92 	 32,09 	 16,61 	 1 815,15 	 7 380,14 	 52,22 	 4 137,34 	 813,18 	 175,12 	 341,42 	 658,29 	 75,86 	 3 278,20 	 1 313,37 	 409,22 	 4 041,04 	 89,38 	 308,38 	 1 840,57 	 179,47 	 205,30 	 14,87 
12.11.2004	 1 651,04 	 1 434,03 	 377,45 	 2 175,00 	 2 804,77 	 32,09 	 16,62 	 1 816,13 	 7 380,39 	 52,22 	 4 129,49 	 812,20 	 175,02 	 344,58 	 654,37 	 75,81 	 3 285,27 	 1 312,93 	 409,03 	 4 012,22 	 89,16 	 310,23 	 1 843,22 	 179,27 	 203,60 	 14,94 
13.11.2004	 1 665,51 	 1 436,40 	 378,08 	 2 175,00 	 2 809,23 	 32,11 	 16,62 	 1 823,67 	 7 378,38 	 52,22 	 4 136,55 	 813,72 	 175,05 	 344,88 	 653,57 	 75,88 	 3 268,50 	 1 314,68 	 409,26 	 4 014,07 	 89,17 	 312,93 	 1 845,88 	 179,57 	 205,04 	 14,94 
14.11.2004	 1 665,51 	 1 436,40 	 378,08 	 2 175,00 	 2 809,23 	 32,11 	 16,62 	 1 823,67 	 7 378,38 	 52,22 	 4 136,55 	 813,72 	 175,05 	 344,88 	 653,57 	 75,88 	 3 268,50 	 1 314,68 	 409,26 	 4 014,07 	 89,17 	 312,93 	 1 845,88 	 179,57 	 205,04 	 14,94 
15.11.2004	 1 665,51 	 1 436,40 	 378,08 	 2 175,00 	 2 809,23 	 32,11 	 16,62 	 1 823,67 	 7 378,38 	 52,22 	 4 136,55 	 813,72 	 175,05 	 344,88 	 653,57 	 75,88 	 3 268,50 	 1 314,68 	 409,26 	 4 014,07 	 89,17 	 312,93 	 1 845,88 	 179,57 	 205,04 	 14,94 
16.11.2004	 1 679,43 	 1 441,21 	 379,31 	 2 175,00 	 2 818,91 	 32,36 	 16,65 	 1 817,65 	 7 378,38 	 52,32 	 4 149,18 	 816,43 	 175,05 	 348,83 	 659,65 	 75,86 	 3 277,62 	 1 318,14 	 409,45 	 4 036,47 	 89,65 	 314,69 	 1 850,51 	 180,17 	 206,17 	 15,01 
17.11.2004	 1 681,17 	 1 442,59 	 379,63 	 2 175,00 	 2 821,95 	 32,45 	 16,67 	 1 819,02 	 7 380,14 	 52,32 	 4 148,39 	 817,15 	 175,05 	 348,45 	 662,40 	 75,82 	 3 283,82 	 1 317,94 	 409,53 	 4 025,27 	 89,84 	 314,62 	 1 851,46 	 180,32 	 206,56 	 14,92 
18.11.2004	 1 693,35 	 1 445,28 	 380,28 	 2 175,00 	 2 826,52 	 32,56 	 16,67 	 1 825,35 	 7 380,39 	 52,32 	 4 155,52 	 818,70 	 175,05 	 349,17 	 662,45 	 75,87 	 3 286,34 	 1 319,74 	 409,37 	 4 037,02 	 90,37 	 315,81 	 1 856,59 	 180,68 	 207,91 	 14,96 
19.11.2004	 1 704,66 	 1 453,25 	 382,40 	 2 175,00 	 2 842,18 	 32,76 	 16,70 	 1 824,74 	 7 380,14 	 52,32 	 4 167,47 	 823,19 	 175,05 	 349,81 	 670,37 	 76,21 	 3 297,76 	 1 321,71 	 409,30 	 4 047,89 	 90,96 	 316,64 	 1 873,71 	 181,70 	 209,62 	 15,06 
20.11.2004	 1 700,96 	 1 444,80 	 380,28 	 2 175,00 	 2 825,54 	 32,51 	 16,73 	 1 808,43 	 7 380,14 	 52,32 	 4 155,52 	 818,30 	 175,05 	 348,30 	 664,61 	 76,19 	 3 298,56 	 1 319,14 	 409,57 	 4 036,15 	 90,68 	 314,72 	 1 864,55 	 180,60 	 209,02 	 15,04 
21.11.2004	 1 700,96 	 1 444,80 	 380,28 	 2 175,00 	 2 825,54 	 32,51 	 16,73 	 1 808,43 	 7 380,14 	 52,32 	 4 155,52 	 818,30 	 175,05 	 348,30 	 664,61 	 76,19 	 3 298,56 	 1 319,14 	 409,57 	 4 036,15 	 90,68 	 314,72 	 1 864,55 	 180,60 	 209,02 	 15,04 
22.11.2004	 1 700,96 	 1 444,80 	 380,28 	 2 175,00 	 2 825,54 	 32,51 	 16,73 	 1 808,43 	 7 380,14 	 52,32 	 4 155,52 	 818,30 	 175,05 	 348,30 	 664,61 	 76,19 	 3 298,56 	 1 319,14 	 409,57 	 4 036,15 	 90,68 	 314,72 	 1 864,55 	 180,60 	 209,02 	 15,04 
23.11.2004	 1 701,18 	 1 448,36 	 381,22 	 2 175,00 	 2 832,94 	 32,65 	 16,74 	 1 827,58 	 7 380,39 	 52,71 	 4 161,88 	 820,51 	 175,26 	 347,09 	 670,57 	 76,26 	 3 299,56 	 1 321,95 	 409,22 	 4 030,82 	 91,27 	 316,30 	 1 869,92 	 181,05 	 210,76 	 15,08 
24.11.2004	 1 695,63 	 1 444,80 	 380,26 	 2 175,00 	 2 825,76 	 32,55 	 16,73 	 1 826,81 	 7 380,14 	 52,71 	 4 159,50 	 818,41 	 175,26 	 346,64 	 671,96 	 76,26 	 3 302,91 	 1 319,70 	 409,22 	 4 035,28 	 90,97 	 315,28 	 1 862,48 	 180,59 	 209,91 	 15,11 
25.11.2004	 1 714,88 	 1 460,32 	 384,35 	 2 175,00 	 2 856,32 	 32,81 	 16,72 	 1 838,31 	 7 379,39 	 52,71 	 4 186,72 	 827,20 	 175,19 	 351,16 	 678,80 	 76,55 	 3 308,24 	 1 324,60 	 409,14 	 4 076,49 	 91,99 	 319,64 	 1 884,75 	 182,54 	 210,93 	 15,23 
26.11.2004	 1 719,66 	 1 466,62 	 386,17 	 2 175,00 	 2 868,93 	 32,96 	 16,75 	 1 845,64 	 7 380,14 	 52,71 	 4 199,65 	 830,98 	 175,19 	 352,51 	 680,90 	 76,80 	 3 319,12 	 1 325,82 	 409,10 	 4 100,53 	 92,47 	 321,37 	 1 899,07 	 183,35 	 212,10 	 15,23 
27.11.2004	 1 715,18 	 1 471,06 	 387,26 	 2 174,00 	 2 877,18 	 33,19 	 16,72 	 1 845,11 	 7 374,49 	 52,68 	 4 202,59 	 833,33 	 175,11 	 354,79 	 682,17 	 76,91 	 3 317,59 	 1 325,25 	 408,92 	 4 105,71 	 92,81 	 321,96 	 1 901,10 	 183,88 	 211,61 	 15,23 
28.11.2004	 1 715,18 	 1 471,06 	 387,26 	 2 174,00 	 2 877,18 	 33,19 	 16,72 	 1 845,11 	 7 374,49 	 52,68 	 4 202,59 	 833,33 	 175,11 	 354,79 	 682,17 	 76,91 	 3 317,59 	 1 325,25 	 408,92 	 4 105,71 	 92,81 	 321,96 	 1 901,10 	 183,88 	 211,61 	 15,23 
29.11.2004	 1 715,18 	 1 471,06 	 387,26 	 2 174,00 	 2 877,18 	 33,19 	 16,72 	 1 845,11 	 7 374,49 	 52,68 	 4 202,59 	 833,33 	 175,11 	 354,79 	 682,17 	 76,91 	 3 317,59 	 1 325,25 	 408,92 	 4 105,71 	 92,81 	 321,96 	 1 901,10 	 183,88 	 211,61 	 15,23 
30.11.2004	 1 706,37 	 1 473,05 	 387,82 	 2 174,00 	 2 881,20 	 33,27 	 16,71 	 1 835,68 	 7 376,74 	 52,64 	 4 200,97 	 834,29 	 175,11 	 356,29 	 682,51 	 76,99 	 3 317,59 	 1 325,04 	 409,22 	 4 100,38 	 92,92 	 322,86 	 1 899,69 	 184,69 	 211,21 	 15,27 
01.12.2004	 1 681,82 	 1 474,13 	 388,21 	 2 175,00 	 2 883,51 	 33,36 	 16,73 	 1 830,35 	 7 380,14 	 52,66 	 4 198,03 	 835,05 	 174,98 	 355,94 	 683,75 	 77,27 	 3 331,36 	 1 325,98 	 408,72 	 4 119,02 	 93,09 	 323,23 	 1 904,39 	 184,78 	 210,90 	 15,17 
02.12.2004	 1 685,63 	 1 478,79 	 389,30 	 2 175,00 	 2 892,21 	 33,51 	 16,73 	 1 828,42 	 7 380,39 	 52,66 	 4 213,48 	 837,67 	 174,98 	 355,28 	 690,15 	 77,63 	 3 340,58 	 1 330,44 	 408,85 	 4 177,85 	 93,35 	 323,16 	 1 906,97 	 184,78 	 211,43 	 15,23 
03.12.2004	 1 697,15 	 1 484,84 	 390,84 	 2 175,00 	 2 903,95 	 33,83 	 16,73 	 1 834,05 	 7 378,13 	 52,66 	 4 229,05 	 841,07 	 174,98 	 355,53 	 696,68 	 77,69 	 3 344,19 	 1 331,66 	 409,15 	 4 213,30 	 93,94 	 323,48 	 1 907,98 	 185,60 	 212,43 	 15,34 
04.12.2004	 1 683,67 	 1 476,53 	 388,71 	 2 175,00 	 2 887,75 	 33,62 	 16,73 	 1 826,66 	 7 378,13 	 52,66 	 4 214,30 	 836,49 	 175,12 	 351,96 	 691,97 	 77,88 	 3 349,72 	 1 323,64 	 408,82 	 4 182,96 	 93,69 	 321,69 	 1 892,13 	 184,60 	 210,41 	 15,30 
05.12.2004	 1 683,67 	 1 476,53 	 388,71 	 2 175,00 	 2 887,75 	 33,62 	 16,73 	 1 826,66 	 7 378,13 	 52,66 	 4 214,30 	 836,49 	 175,12 	 351,96 	 691,97 	 77,88 	 3 349,72 	 1 323,64 	 408,82 	 4 182,96 	 93,69 	 321,69 	 1 892,13 	 184,60 	 210,41 	 15,30 
06.12.2004	 1 683,67 	 1 476,53 	 388,71 	 2 175,00 	 2 887,75 	 33,62 	 16,73 	 1 826,66 	 7 378,13 	 52,66 	 4 214,30 	 836,49 	 175,12 	 351,96 	 691,97 	 77,88 	 3 349,72 	 1 323,64 	 408,82 	 4 182,96 	 93,69 	 321,69 	 1 892,13 	 184,60 	 210,41 	 15,30 
07.12.2004	 1 688,78 	 1 494,02 	 393,29 	 2 175,00 	 2 922,11 	 34,89 	 16,72 	 1 820,54 	 7 380,01 	 52,58 	 4 241,42 	 846,27 	 175,12 	 358,77 	 700,93 	 78,12 	 3 339,89 	 1 329,62 	 409,03 	 4 225,70 	 94,90 	 328,10 	 1 915,20 	 186,77 	 212,21 	 15,59 
08.12.2004	 1 693,35 	 1 495,77 	 393,77 	 2 175,00 	 2 925,48 	 34,94 	 16,71 	 1 817,04 	 7 380,14 	 52,58 	 4 242,25 	 847,28 	 175,12 	 358,86 	 699,40 	 78,03 	 3 360,90 	 1 330,03 	 409,11 	 4 234,07 	 95,24 	 328,94 	 1 912,76 	 186,99 	 212,05 	 15,57 
09.12.2004	 1 654,96 	 1 481,25 	 389,94 	 2 175,00 	 2 897,10 	 35,30 	 16,68 	 1 787,92 	 7 380,14 	 52,58 	 4 214,30 	 839,09 	 175,12 	 353,18 	 693,54 	 77,74 	 3 363,57 	 1 320,26 	 408,83 	 4 196,55 	 94,16 	 322,85 	 1 889,17 	 185,14 	 209,46 	 15,43 
10.12.2004	 1 645,61 	 1 481,41 	 389,92 	 2 175,00 	 2 897,21 	 34,83 	 16,71 	 1 782,35 	 7 380,14 	 52,58 	 4 212,67 	 839,09 	 175,12 	 351,99 	 694,42 	 77,60 	 3 340,54 	 1 320,98 	 408,83 	 4 184,81 	 94,15 	 322,48 	 1 889,58 	 185,15 	 208,96 	 15,35 
11.12.2004	 1 632,45 	 1 468,21 	 386,43 	 2 175,00 	 2 871,54 	 34,33 	 16,72 	 1 769,95 	 7 379,39 	 52,58 	 4 188,33 	 831,69 	 175,12 	 349,02 	 679,86 	 77,34 	 3 333,14 	 1 310,71 	 408,64 	 4 151,86 	 92,86 	 317,65 	 1 872,42 	 183,53 	 205,53 	 15,09 
12.12.2004	 1 632,45 	 1 468,21 	 386,43 	 2 175,00 	 2 871,54 	 34,33 	 16,72 	 1 769,95 	 7 379,39 	 52,58 	 4 188,33 	 831,69 	 175,12 	 349,02 	 679,86 	 77,34 	 3 333,14 	 1 310,71 	 408,64 	 4 151,86 	 92,86 	 317,65 	 1 872,42 	 183,53 	 205,53 	 15,09 
13.12.2004	 1 632,45 	 1 468,21 	 386,43 	 2 175,00 	 2 871,54 	 34,33 	 16,72 	 1 769,95 	 7 379,39 	 52,58 	 4 188,33 	 831,69 	 175,12 	 349,02 	 679,86 	 77,34 	 3 333,14 	 1 310,71 	 408,64 	 4 151,86 	 92,86 	 317,65 	 1 872,42 	 183,53 	 205,53 	 15,09 
14.12.2004	 1 650,50 	 1 478,28 	 389,12 	 2 175,00 	 2 891,55 	 34,55 	 16,72 	 1 781,25 	 7 380,39 	 53,15 	 4 206,15 	 837,52 	 175,69 	 352,59 	 688,95 	 77,34 	 3 315,11 	 1 319,62 	 408,66 	 4 173,17 	 94,65 	 322,72 	 1 882,14 	 184,73 	 207,61 	 15,21 
15.12.2004	 1 655,50 	 1 480,75 	 389,63 	 2 175,00 	 2 895,79 	 34,46 	 16,72 	 1 771,17 	 7 380,39 	 53,15 	 4 207,78 	 838,72 	 175,69 	 353,31 	 690,65 	 77,69 	 3 327,95 	 1 320,82 	 409,09 	 4 188,18 	 94,48 	 324,43 	 1 884,26 	 185,11 	 207,27 	 15,33 
16.12.2004	 1 649,08 	 1 481,25 	 389,70 	 2 175,00 	 2 896,99 	 34,43 	 16,76 	 1 760,63 	 7 379,01 	 53,15 	 4 209,41 	 838,97 	 175,69 	 351,78 	 693,80 	 77,93 	 3 337,12 	 1 320,34 	 409,07 	 4 194,16 	 94,59 	 322,94 	 1 890,56 	 185,14 	 207,28 	 15,32 
17.12.2004	 1 659,85 	 1 491,77 	 392,48 	 2 175,00 	 2 917,65 	 34,44 	 16,76 	 1 773,77 	 7 378,26 	 53,15 	 4 229,87 	 844,82 	 175,69 	 355,89 	 699,90 	 78,13 	 3 345,22 	 1 323,72 	 408,85 	 4 224,61 	 95,15 	 324,67 	 1 904,39 	 186,48 	 208,54 	 15,47 
18.12.2004	 1 650,72 	 1 477,00 	 388,73 	 2 174,00 	 2 889,03 	 34,25 	 16,75 	 1 765,40 	 7 374,37 	 53,12 	 4 211,55 	 836,67 	 175,61 	 351,87 	 695,84 	 77,97 	 3 351,11 	 1 319,98 	 408,69 	 4 218,43 	 94,34 	 321,23 	 1 881,36 	 184,64 	 208,49 	 15,38 
19.12.2004	 1 650,72 	 1 477,00 	 388,73 	 2 174,00 	 2 889,03 	 34,25 	 16,75 	 1 765,40 	 7 374,37 	 53,12 	 4 211,55 	 836,67 	 175,61 	 351,87 	 695,84 	 77,97 	 3 351,11 	 1 319,98 	 408,69 	 4 218,43 	 94,34 	 321,23 	 1 881,36 	 184,64 	 208,49 	 15,38 
20.12.2004	 1 650,72 	 1 477,00 	 388,73 	 2 174,00 	 2 889,03 	 34,25 	 16,75 	 1 765,40 	 7 374,37 	 53,12 	 4 211,55 	 836,67 	 175,61 	 351,87 	 695,84 	 77,97 	 3 351,11 	 1 319,98 	 408,69 	 4 218,43 	 94,34 	 321,23 	 1 881,36 	 184,64 	 208,49 	 15,38 
21.12.2004	 1 660,93 	 1 485,56 	 390,89 	 2 173,00 	 2 905,41 	 34,47 	 16,73 	 1 773,88 	 7 372,35 	 52,58 	 4 223,52 	 841,50 	 175,31 	 353,56 	 704,60 	 77,91 	 3 332,32 	 1 320,61 	 408,46 	 4 234,20 	 95,32 	 324,40 	 1 890,72 	 185,70 	 208,38 	 15,52 
22.12.2004	 1 661,26 	 1 484,75 	 390,67 	 2 173,00 	 2 904,11 	 34,53 	 16,71 	 1 771,56 	 7 373,60 	 52,58 	 4 219,42 	 841,06 	 175,31 	 351,97 	 705,46 	 77,92 	 3 344,42 	 1 322,82 	 408,65 	 4 204,97 	 95,13 	 323,80 	 1 885,30 	 185,60 	 208,46 	 15,61 
23.12.2004	 1 663,32 	 1 485,35 	 390,81 	 2 173,00 	 2 905,19 	 34,67 	 16,71 	 1 768,25 	 7 373,60 	 52,58 	 4 217,78 	 841,40 	 175,31 	 350,46 	 708,16 	 78,06 	 3 345,59 	 1 324,48 	 408,84 	 4 190,96 	 94,83 	 322,63 	 1 884,49 	 185,68 	 208,38 	 15,60 
24.12.2004	 1 662,88 	 1 493,66 	 392,84 	 2 172,00 	 2 921,45 	 34,80 	 16,72 	 1 757,99 	 7 370,21 	 52,55 	 4 227,33 	 846,21 	 175,23 	 352,45 	 715,65 	 78,03 	 3 334,65 	 1 324,55 	 408,50 	 4 176,00 	 95,51 	 323,95 	 1 892,89 	 186,70 	 209,06 	 15,71 
25.12.2004	 1 668,96 	 1 502,79 	 394,98 	 2 171,00 	 2 939,21 	 35,08 	 16,70 	 1 763,03 	 7 366,56 	 52,53 	 4 237,75 	 851,21 	 175,15 	 355,24 	 719,92 	 78,02 	 3 345,88 	 1 322,89 	 408,27 	 4 180,48 	 96,05 	 325,23 	 1 901,30 	 187,81 	 209,53 	 15,83 
26.12.2004	 1 668,96 	 1 502,79 	 394,98 	 2 171,00 	 2 939,21 	 35,08 	 16,70 	 1 763,03 	 7 366,56 	 52,53 	 4 237,75 	 851,21 	 175,15 	 355,24 	 719,92 	 78,02 	 3 345,88 	 1 322,89 	 408,27 	 4 180,48 	 96,05 	 325,23 	 1 901,30 	 187,81 	 209,53 	 15,83 
27.12.2004	 1 668,96 	 1 502,79 	 394,98 	 2 171,00 	 2 939,21 	 35,08 	 16,70 	 1 763,03 	 7 366,56 	 52,53 	 4 237,75 	 851,21 	 175,15 	 355,24 	 719,92 	 78,02 	 3 345,88 	 1 322,89 	 408,27 	 4 180,48 	 96,05 	 325,23 	 1 901,30 	 187,81 	 209,53 	 15,83 
28.12.2004	 1 673,50 	 1 501,00 	 394,55 	 2 170,00 	 2 935,79 	 35,02 	 16,69 	 1 767,46 	 7 363,42 	 52,13 	 4 231,67 	 850,25 	 175,07 	 354,28 	 719,69 	 78,11 	 3 344,34 	 1 322,77 	 408,20 	 4 159,13 	 96,15 	 325,02 	 1 898,35 	 187,63 	 208,91 	 15,94 
29.12.2004	 1 693,14 	 1 512,30 	 397,47 	 2 170,00 	 2 957,82 	 35,02 	 16,69 	 1 783,51 	 7 363,17 	 52,13 	 4 250,73 	 856,66 	 175,07 	 357,61 	 729,83 	 78,13 	 3 367,60 	 1 328,11 	 408,18 	 4 159,13 	 96,74 	 328,06 	 1 914,00 	 189,01 	 210,73 	 16,12 
30.12.2004	 1 691,62 	 1 512,51 	 397,60 	 2 170,00 	 2 958,36 	 35,02 	 16,69 	 1 784,17 	 7 361,17 	 52,13 	 4 245,74 	 856,66 	 175,50 	 357,60 	 728,89 	 78,20 	 3 365,43 	 1 325,96 	 408,39 	 4 159,13 	 96,83 	 329,74 	 1 914,17 	 189,06 	 210,19 	 16,00 
31.12.2004	 1 683,38 	 1 511,19 	 397,54 	 2 170,00 	 2 955,65 	 35,02 	 16,70 	 1 793,39 	 7 363,42 	 52,13 	 4 233,32 	 855,95 	 175,50 	 358,50 	 725,27 	 77,91 	 3 361,31 	 1 325,76 	 408,78 	 4 159,13 	 96,84 	 328,36 	 1 914,00 	 188,89 	 209,24 	 16,09 
