Официальный курс белорусского рубля по отношению к иностранным валютам, устанавливаемый Национальным банком																										
Республики Беларусь ежедневно, за период с 01.01.2005 по 31.12.2005																										
																										
Дата	1 австралийский доллар (AUD)	1 болгарский лев (BGN)	1 датская крона (DKK)	1 доллар США (USD)	1 евро (EUR)	1 исландская крона (ISK)	1 казахский тенге (KZT)	1 канадский доллар (CAD)	1 кувейтский динар (KWD)	1 кыргызский сом (KGS)	1 латвийский лат (LVL)	1 литовский лит (LTL)	1 молдавский лей (MDL)	1 норвежская крона (NOK)	1 польский злотый (PLN)	1 российский рубль (RUB)	1 СДР (XDR)	1 сингапурский доллар (SGD)	1 украинская гривна (UAH)	1 фунт стерлингов (GBP)	1 чешская крона (CZK)	1 шведская крона (SEK)	1 швейцарский франк (CHF)	1 эстонская крона (EEK)	10 иен (JPY)	10000 турецких лир (TRL)
01.01.2005	 1 683,38 	 1 511,19 	 397,54 	 2 170,00 	 2 955,65 	 35,02 	 16,70 	 1 793,39 	 7 363,42 	 52,13 	 4 233,32 	 855,95 	 175,50 	 358,50 	 725,27 	 77,91 	 3 361,31 	 1 325,76 	 408,78 	 4 159,13 	 96,84 	 328,36 	 1 914,00 	 188,89 	 209,24 	 16,09 
02.01.2005	 1 683,38 	 1 511,19 	 397,54 	 2 170,00 	 2 955,65 	 35,02 	 16,70 	 1 793,39 	 7 363,42 	 52,13 	 4 233,32 	 855,95 	 175,50 	 358,50 	 725,27 	 77,91 	 3 361,31 	 1 325,76 	 408,78 	 4 159,13 	 96,84 	 328,36 	 1 914,00 	 188,89 	 209,24 	 16,09 
03.01.2005	 1 683,38 	 1 511,19 	 397,54 	 2 170,00 	 2 955,65 	 35,02 	 16,70 	 1 793,39 	 7 363,42 	 52,13 	 4 233,32 	 855,95 	 175,50 	 358,50 	 725,27 	 77,91 	 3 361,31 	 1 325,76 	 408,78 	 4 159,13 	 96,84 	 328,36 	 1 914,00 	 188,89 	 209,24 	 16,09 
04.01.2005	 1 688,69 	 1 502,30 	 395,08 	 2 170,00 	 2 938,40 	 35,20 	 16,70 	 1 800,83 	 7 430,74 	 53,17 	 4 220,56 	 850,95 	 175,35 	 357,11 	 720,33 	 77,91 	 3 358,81 	 1 325,51 	 408,66 	 4 147,63 	 96,61 	 326,56 	 1 903,17 	 187,77 	 211,34 	 16,09 
05.01.2005	 1 682,84 	 1 487,42 	 391,29 	 2 170,00 	 2 909,43 	 34,76 	 16,70 	 1 790,87 	 7 430,62 	 53,17 	 4 176,69 	 842,65 	 175,35 	 353,16 	 715,06 	 77,91 	 3 347,70 	 1 323,01 	 408,66 	 4 122,57 	 96,03 	 321,95 	 1 880,66 	 185,93 	 210,32 	 16,09 
06.01.2005	 1 658,75 	 1 471,98 	 387,22 	 2 170,00 	 2 879,37 	 34,65 	 16,69 	 1 773,31 	 7 431,25 	 53,17 	 4 134,12 	 833,91 	 175,21 	 346,94 	 697,42 	 77,91 	 3 334,01 	 1 316,35 	 408,47 	 4 076,35 	 94,62 	 317,62 	 1 855,57 	 184,01 	 207,32 	 16,09 
07.01.2005	 1 647,03 	 1 464,04 	 384,89 	 2 170,00 	 2 863,64 	 34,46 	 16,69 	 1 765,30 	 7 430,62 	 53,17 	 4 108,29 	 829,30 	 175,21 	 346,46 	 693,18 	 77,91 	 3 312,68 	 1 313,44 	 408,99 	 4 066,36 	 94,06 	 316,87 	 1 846,34 	 183,02 	 207,21 	 16,09 
08.01.2005	 1 647,03 	 1 464,04 	 384,89 	 2 170,00 	 2 863,64 	 34,46 	 16,69 	 1 765,30 	 7 430,62 	 53,17 	 4 108,29 	 829,30 	 175,21 	 346,46 	 693,18 	 77,91 	 3 312,68 	 1 313,44 	 408,99 	 4 066,36 	 94,06 	 316,87 	 1 846,34 	 183,02 	 207,21 	 16,09 
09.01.2005	 1 647,03 	 1 464,04 	 384,89 	 2 170,00 	 2 863,64 	 34,46 	 16,69 	 1 765,30 	 7 430,62 	 53,17 	 4 108,29 	 829,30 	 175,21 	 346,46 	 693,18 	 77,91 	 3 312,68 	 1 313,44 	 408,99 	 4 066,36 	 94,06 	 316,87 	 1 846,34 	 183,02 	 207,21 	 16,09 
10.01.2005	 1 647,03 	 1 464,04 	 384,89 	 2 170,00 	 2 863,64 	 34,46 	 16,69 	 1 765,30 	 7 430,62 	 53,17 	 4 108,29 	 829,30 	 175,21 	 346,46 	 693,18 	 77,91 	 3 312,68 	 1 313,44 	 408,99 	 4 066,36 	 94,06 	 316,87 	 1 846,34 	 183,02 	 207,21 	 16,09 
11.01.2005	 1 646,05 	 1 450,68 	 382,16 	 2 170,00 	 2 843,24 	 34,20 	 16,68 	 1 766,17 	 7 419,82 	 53,15 	 4 080,87 	 823,31 	 175,28 	 345,31 	 696,47 	 77,91 	 3 311,25 	 1 318,03 	 408,74 	 4 061,81 	 93,79 	 314,37 	 1 838,52 	 181,74 	 207,63 	 16,09 
12.01.2005	 1 655,71 	 1 451,35 	 383,54 	 2 171,00 	 2 853,56 	 34,26 	 16,70 	 1 779,80 	 7 434,93 	 53,17 	 4 095,45 	 826,51 	 175,08 	 347,57 	 701,77 	 77,66 	 3 302,29 	 1 321,97 	 409,12 	 4 063,68 	 94,25 	 315,66 	 1 846,09 	 182,42 	 208,59 	 16,10 
13.01.2005	 1 641,49 	 1 451,35 	 382,08 	 2 171,00 	 2 841,95 	 34,37 	 16,70 	 1 779,07 	 7 434,68 	 53,17 	 4 080,06 	 823,19 	 174,73 	 346,52 	 698,68 	 77,87 	 3 310,43 	 1 322,33 	 408,43 	 4 066,07 	 93,59 	 314,02 	 1 834,54 	 181,63 	 209,74 	 16,10 
14.01.2005	 1 660,38 	 1 451,35 	 385,86 	 2 171,00 	 2 870,82 	 34,60 	 16,70 	 1 805,26 	 7 434,04 	 53,17 	 4 121,11 	 831,42 	 174,45 	 350,08 	 706,19 	 77,90 	 3 308,95 	 1 331,86 	 408,81 	 4 099,17 	 94,50 	 317,21 	 1 854,53 	 183,45 	 212,04 	 16,10 
15.01.2005	 1 646,70 	 1 454,59 	 382,39 	 2 172,00 	 2 844,99 	 34,62 	 16,72 	 1 792,23 	 7 438,36 	 53,19 	 4 085,78 	 824,07 	 174,25 	 348,00 	 698,39 	 77,72 	 3 324,68 	 1 323,18 	 409,04 	 4 056,32 	 93,48 	 314,59 	 1 835,00 	 181,82 	 211,13 	 16,11 
16.01.2005	 1 646,70 	 1 454,59 	 382,39 	 2 172,00 	 2 844,99 	 34,62 	 16,72 	 1 792,23 	 7 438,36 	 53,19 	 4 085,78 	 824,07 	 174,25 	 348,00 	 698,39 	 77,72 	 3 324,68 	 1 323,18 	 409,04 	 4 056,32 	 93,48 	 314,59 	 1 835,00 	 181,82 	 211,13 	 16,11 
17.01.2005	 1 646,70 	 1 454,59 	 382,39 	 2 172,00 	 2 844,99 	 34,62 	 16,72 	 1 792,23 	 7 438,36 	 53,19 	 4 085,78 	 824,07 	 174,25 	 348,00 	 698,39 	 77,72 	 3 324,68 	 1 323,18 	 409,04 	 4 056,32 	 93,48 	 314,59 	 1 835,00 	 181,82 	 211,13 	 16,11 
18.01.2005	 1 649,96 	 1 456,20 	 382,82 	 2 172,00 	 2 848,03 	 34,72 	 16,71 	 1 789,35 	 7 438,36 	 53,12 	 4 091,17 	 824,84 	 174,39 	 347,09 	 698,37 	 77,66 	 3 309,85 	 1 330,47 	 408,89 	 4 066,20 	 93,63 	 314,13 	 1 843,49 	 182,02 	 213,28 	 16,11 
19.01.2005	 1 633,89 	 1 446,26 	 380,11 	 2 172,00 	 2 828,49 	 34,79 	 16,71 	 1 774,15 	 7 438,10 	 53,12 	 4 062,47 	 819,16 	 173,83 	 346,14 	 693,38 	 77,26 	 3 309,85 	 1 326,90 	 409,21 	 4 047,09 	 93,05 	 312,26 	 1 830,59 	 180,78 	 211,27 	 16,11 
20.01.2005	 1 659,30 	 1 455,12 	 382,50 	 2 173,00 	 2 846,30 	 34,99 	 16,71 	 1 784,66 	 7 441,78 	 53,14 	 4 088,43 	 824,12 	 173,77 	 349,41 	 695,89 	 77,17 	 3 307,05 	 1 329,21 	 409,19 	 4 076,87 	 93,83 	 315,41 	 1 844,18 	 181,88 	 211,97 	 16,11 
21.01.2005	 1 650,28 	 1 443,28 	 379,42 	 2 173,00 	 2 823,27 	 34,73 	 16,71 	 1 766,88 	 7 441,53 	 53,14 	 4 054,48 	 817,52 	 173,77 	 345,70 	 687,71 	 77,17 	 3 313,72 	 1 326,66 	 409,09 	 4 057,53 	 93,06 	 312,56 	 1 831,44 	 180,42 	 211,29 	 16,11 
22.01.2005	 1 660,17 	 1 444,62 	 379,70 	 2 173,00 	 2 825,23 	 34,63 	 16,70 	 1 770,55 	 7 441,78 	 53,14 	 4 060,16 	 818,35 	 173,91 	 344,55 	 689,97 	 77,17 	 3 313,72 	 1 325,81 	 409,23 	 4 070,79 	 93,00 	 312,24 	 1 827,43 	 180,57 	 209,66 	 16,11 
23.01.2005	 1 660,17 	 1 444,62 	 379,70 	 2 173,00 	 2 825,23 	 34,63 	 16,70 	 1 770,55 	 7 441,78 	 53,14 	 4 060,16 	 818,35 	 173,91 	 344,55 	 689,97 	 77,17 	 3 313,72 	 1 325,81 	 409,23 	 4 070,79 	 93,00 	 312,24 	 1 827,43 	 180,57 	 209,66 	 16,11 
24.01.2005	 1 660,17 	 1 444,62 	 379,70 	 2 173,00 	 2 825,23 	 34,63 	 16,70 	 1 770,55 	 7 441,78 	 53,14 	 4 060,16 	 818,35 	 173,91 	 344,55 	 689,97 	 77,17 	 3 313,72 	 1 325,81 	 409,23 	 4 070,79 	 93,00 	 312,24 	 1 827,43 	 180,57 	 209,66 	 16,11 
25.01.2005	 1 672,23 	 1 453,51 	 381,95 	 2 173,00 	 2 842,83 	 34,77 	 16,69 	 1 784,44 	 7 441,78 	 52,34 	 4 084,20 	 823,36 	 173,56 	 346,81 	 697,97 	 77,56 	 3 293,27 	 1 330,27 	 409,23 	 4 088,72 	 93,82 	 313,39 	 1 839,27 	 181,70 	 211,09 	 16,11 
26.01.2005	 1 673,86 	 1 452,25 	 381,66 	 2 173,00 	 2 840,22 	 34,84 	 16,67 	 1 777,65 	 7 441,53 	 52,34 	 4 080,37 	 822,61 	 173,56 	 346,40 	 699,19 	 77,66 	 3 309,89 	 1 329,13 	 409,27 	 4 084,59 	 94,38 	 313,24 	 1 839,89 	 181,51 	 210,57 	 16,11 
27.01.2005	 1 669,41 	 1 444,00 	 379,46 	 2 173,00 	 2 824,25 	 34,69 	 16,65 	 1 761,58 	 7 441,53 	 52,34 	 4 057,13 	 818,07 	 173,63 	 343,10 	 693,92 	 77,33 	 3 303,89 	 1 328,16 	 409,21 	 4 061,12 	 93,87 	 310,94 	 1 822,68 	 180,50 	 209,92 	 16,11 
28.01.2005	 1 684,29 	 1 453,03 	 381,84 	 2 173,00 	 2 841,96 	 34,86 	 16,65 	 1 760,73 	 7 441,78 	 52,34 	 4 082,28 	 823,06 	 173,56 	 343,91 	 699,57 	 77,60 	 3 301,72 	 1 330,19 	 409,27 	 4 094,15 	 94,51 	 313,32 	 1 836,93 	 181,69 	 210,52 	 16,11 
29.01.2005	 1 684,51 	 1 448,28 	 380,65 	 2 173,00 	 2 833,37 	 34,87 	 16,68 	 1 750,87 	 7 438,98 	 52,34 	 4 067,76 	 820,40 	 172,87 	 343,48 	 697,23 	 77,37 	 3 306,63 	 1 327,67 	 409,07 	 4 100,77 	 93,70 	 311,38 	 1 832,36 	 181,05 	 210,40 	 16,11 
30.01.2005	 1 684,51 	 1 448,28 	 380,65 	 2 173,00 	 2 833,37 	 34,87 	 16,68 	 1 750,87 	 7 438,98 	 52,34 	 4 067,76 	 820,40 	 172,87 	 343,48 	 697,23 	 77,37 	 3 306,63 	 1 327,67 	 409,07 	 4 100,77 	 93,70 	 311,38 	 1 832,36 	 181,05 	 210,40 	 16,11 
31.01.2005	 1 684,51 	 1 448,28 	 380,65 	 2 173,00 	 2 833,37 	 34,87 	 16,68 	 1 750,87 	 7 438,98 	 52,34 	 4 067,76 	 820,40 	 172,87 	 343,48 	 697,23 	 77,37 	 3 306,63 	 1 327,67 	 409,07 	 4 100,77 	 93,70 	 311,38 	 1 832,36 	 181,05 	 210,40 	 16,11 
01.02.2005	 1 678,30 	 1 441,94 	 378,94 	 2 172,00 	 2 820,02 	 34,86 	 16,71 	 1 747,53 	 7 438,36 	 53,16 	 4 050,35 	 816,59 	 173,27 	 341,68 	 696,38 	 77,26 	 3 303,29 	 1 326,01 	 409,23 	 4 086,62 	 93,31 	 309,86 	 1 819,55 	 180,24 	 209,40 	 16,11 
02.02.2005	 1 676,89 	 1 447,47 	 380,41 	 2 172,00 	 2 830,66 	 35,06 	 16,70 	 1 750,20 	 7 438,36 	 53,16 	 4 066,27 	 819,79 	 173,34 	 341,29 	 697,27 	 77,67 	 3 302,50 	 1 323,42 	 409,14 	 4 089,22 	 94,11 	 311,34 	 1 824,29 	 180,93 	 209,12 	 16,11 
03.02.2005	 1 681,01 	 1 451,25 	 381,40 	 2 171,00 	 2 838,26 	 35,23 	 16,69 	 1 760,82 	 7 434,68 	 53,14 	 4 077,38 	 821,97 	 173,61 	 342,95 	 697,73 	 77,63 	 3 299,49 	 1 327,18 	 409,11 	 4 090,60 	 94,42 	 312,41 	 1 828,13 	 181,38 	 209,57 	 16,10 
04.02.2005	 1 681,95 	 1 443,74 	 379,33 	 2 169,00 	 2 823,71 	 35,21 	 16,67 	 1 750,75 	 7 427,83 	 53,09 	 4 056,86 	 817,77 	 173,94 	 341,89 	 704,91 	 77,44 	 3 302,58 	 1 325,27 	 408,94 	 4 084,77 	 94,15 	 311,41 	 1 814,76 	 180,47 	 208,36 	 16,08 
05.02.2005	 1 666,65 	 1 437,24 	 377,68 	 2 168,00 	 2 811,25 	 34,76 	 16,69 	 1 746,27 	 7 424,66 	 53,06 	 4 038,37 	 814,23 	 173,86 	 338,95 	 704,86 	 77,47 	 3 294,21 	 1 325,06 	 408,83 	 4 077,47 	 93,91 	 309,37 	 1 803,36 	 179,68 	 207,73 	 16,08 
06.02.2005	 1 666,65 	 1 437,24 	 377,68 	 2 168,00 	 2 811,25 	 34,76 	 16,69 	 1 746,27 	 7 424,66 	 53,06 	 4 038,37 	 814,23 	 173,86 	 338,95 	 704,86 	 77,47 	 3 294,21 	 1 325,06 	 408,83 	 4 077,47 	 93,91 	 309,37 	 1 803,36 	 179,68 	 207,73 	 16,08 
07.02.2005	 1 666,65 	 1 437,24 	 377,68 	 2 168,00 	 2 811,25 	 34,76 	 16,69 	 1 746,27 	 7 424,66 	 53,06 	 4 038,37 	 814,23 	 173,86 	 338,95 	 704,86 	 77,47 	 3 294,21 	 1 325,06 	 408,83 	 4 077,47 	 93,91 	 309,37 	 1 803,36 	 179,68 	 207,73 	 16,08 
08.02.2005	 1 673,91 	 1 423,88 	 374,09 	 2 168,00 	 2 784,80 	 34,26 	 16,69 	 1 731,91 	 7 424,40 	 52,73 	 4 001,11 	 806,59 	 173,93 	 335,47 	 703,38 	 77,09 	 3 287,64 	 1 321,95 	 408,23 	 4 058,60 	 93,07 	 306,98 	 1 787,53 	 177,97 	 207,74 	 16,08 
09.02.2005	 1 661,77 	 1 415,98 	 372,13 	 2 168,00 	 2 769,29 	 34,23 	 16,66 	 1 727,21 	 7 424,40 	 52,73 	 3 978,35 	 802,09 	 174,07 	 332,11 	 698,90 	 76,91 	 3 274,59 	 1 312,87 	 408,29 	 4 024,13 	 92,59 	 304,74 	 1 775,08 	 177,02 	 205,57 	 16,08 
10.02.2005	 1 664,06 	 1 416,67 	 372,32 	 2 169,00 	 2 770,90 	 34,17 	 16,68 	 1 738,75 	 7 427,83 	 52,76 	 3 980,18 	 802,50 	 174,08 	 331,18 	 691,54 	 77,10 	 3 256,34 	 1 315,58 	 408,47 	 4 030,11 	 92,40 	 305,51 	 1 779,84 	 177,09 	 205,33 	 16,08 
11.02.2005	 1 683,79 	 1 419,83 	 372,92 	 2 169,00 	 2 775,56 	 34,27 	 16,69 	 1 736,52 	 7 427,32 	 52,76 	 3 987,50 	 803,88 	 174,15 	 329,43 	 695,37 	 77,23 	 3 262,07 	 1 314,55 	 409,17 	 4 032,71 	 92,56 	 305,85 	 1 782,47 	 177,44 	 205,15 	 16,08 
12.02.2005	 1 696,44 	 1 425,28 	 374,55 	 2 167,00 	 2 787,85 	 34,49 	 16,66 	 1 744,98 	 7 420,98 	 52,71 	 4 004,43 	 807,33 	 173,85 	 330,70 	 692,00 	 77,20 	 3 256,35 	 1 312,46 	 409,03 	 4 051,75 	 92,72 	 306,77 	 1 792,46 	 178,20 	 205,20 	 16,07 
13.02.2005	 1 696,44 	 1 425,28 	 374,55 	 2 167,00 	 2 787,85 	 34,49 	 16,66 	 1 744,98 	 7 420,98 	 52,71 	 4 004,43 	 807,33 	 173,85 	 330,70 	 692,00 	 77,20 	 3 256,35 	 1 312,46 	 409,03 	 4 051,75 	 92,72 	 306,77 	 1 792,46 	 178,20 	 205,20 	 16,07 
14.02.2005	 1 696,44 	 1 425,28 	 374,55 	 2 167,00 	 2 787,85 	 34,49 	 16,66 	 1 744,98 	 7 420,98 	 52,71 	 4 004,43 	 807,33 	 173,85 	 330,70 	 692,00 	 77,20 	 3 256,35 	 1 312,46 	 409,03 	 4 051,75 	 92,72 	 306,77 	 1 792,46 	 178,20 	 205,20 	 16,07 
15.02.2005	 1 705,86 	 1 437,72 	 377,71 	 2 167,00 	 2 811,57 	 34,71 	 16,61 	 1 759,64 	 7 419,96 	 52,51 	 4 039,52 	 814,37 	 173,78 	 334,04 	 699,30 	 77,31 	 3 266,06 	 1 320,21 	 409,07 	 4 078,40 	 93,28 	 308,71 	 1 809,07 	 179,71 	 206,95 	 16,07 
16.02.2005	 1 704,05 	 1 439,58 	 378,20 	 2 168,00 	 2 815,69 	 34,68 	 16,59 	 1 757,32 	 7 423,51 	 52,53 	 4 045,15 	 815,54 	 173,86 	 335,71 	 706,07 	 77,37 	 3 285,13 	 1 321,87 	 409,41 	 4 094,70 	 93,53 	 310,37 	 1 814,68 	 179,92 	 206,49 	 16,08 
17.02.2005	 1 698,82 	 1 441,78 	 378,89 	 2 167,00 	 2 820,13 	 34,81 	 16,58 	 1 758,00 	 7 420,98 	 52,51 	 4 051,22 	 816,78 	 173,57 	 337,06 	 708,59 	 77,39 	 3 283,87 	 1 320,70 	 409,25 	 4 098,56 	 93,56 	 310,66 	 1 823,00 	 180,22 	 206,11 	 16,07 
18.02.2005	 1 704,10 	 1 445,20 	 379,84 	 2 166,00 	 2 826,85 	 34,89 	 16,64 	 1 753,78 	 7 417,55 	 52,48 	 4 061,50 	 818,83 	 173,28 	 337,66 	 707,10 	 77,36 	 3 285,71 	 1 318,64 	 408,93 	 4 090,27 	 93,91 	 310,76 	 1 827,15 	 180,70 	 205,38 	 16,06 
19.02.2005	 1 700,61 	 1 446,42 	 380,03 	 2 165,00 	 2 828,79 	 35,00 	 16,64 	 1 760,38 	 7 414,38 	 52,46 	 4 063,82 	 819,33 	 172,99 	 340,94 	 708,40 	 77,50 	 3 288,16 	 1 320,61 	 408,80 	 4 103,76 	 94,42 	 311,18 	 1 828,47 	 180,81 	 205,60 	 16,05 
20.02.2005	 1 700,61 	 1 446,42 	 380,03 	 2 165,00 	 2 828,79 	 35,00 	 16,64 	 1 760,38 	 7 414,38 	 52,46 	 4 063,82 	 819,33 	 172,99 	 340,94 	 708,40 	 77,50 	 3 288,16 	 1 320,61 	 408,80 	 4 103,76 	 94,42 	 311,18 	 1 828,47 	 180,81 	 205,60 	 16,05 
21.02.2005	 1 700,61 	 1 446,42 	 380,03 	 2 165,00 	 2 828,79 	 35,00 	 16,64 	 1 760,38 	 7 414,38 	 52,46 	 4 063,82 	 819,33 	 172,99 	 340,94 	 708,40 	 77,50 	 3 288,16 	 1 320,61 	 408,80 	 4 103,76 	 94,42 	 311,18 	 1 828,47 	 180,81 	 205,60 	 16,05 
22.02.2005	 1 707,97 	 1 446,18 	 379,97 	 2 165,00 	 2 828,46 	 35,02 	 16,65 	 1 757,23 	 7 412,73 	 52,79 	 4 063,44 	 819,19 	 172,85 	 341,19 	 709,91 	 77,50 	 3 284,50 	 1 321,98 	 408,37 	 4 110,36 	 94,66 	 310,30 	 1 830,02 	 180,81 	 205,07 	 16,05 
23.02.2005	 1 716,45 	 1 457,15 	 382,89 	 2 163,00 	 2 850,19 	 35,54 	 16,62 	 1 763,27 	 7 406,77 	 52,74 	 4 094,65 	 825,37 	 172,56 	 345,10 	 716,94 	 77,72 	 3 281,47 	 1 327,40 	 408,50 	 4 126,14 	 95,48 	 313,47 	 1 849,67 	 182,16 	 207,39 	 16,04 
24.02.2005	 1 707,80 	 1 460,89 	 384,05 	 2 163,00 	 2 858,30 	 35,44 	 16,61 	 1 759,75 	 7 406,65 	 52,74 	 4 106,31 	 827,90 	 172,21 	 346,22 	 722,01 	 77,72 	 3 308,27 	 1 326,99 	 408,34 	 4 126,46 	 95,37 	 314,10 	 1 858,97 	 182,59 	 206,54 	 16,04 
25.02.2005	 1 704,06 	 1 465,13 	 385,05 	 2 161,00 	 2 865,49 	 35,53 	 16,59 	 1 735,32 	 7 400,43 	 52,69 	 4 116,19 	 829,88 	 171,99 	 347,74 	 727,36 	 77,89 	 3 302,18 	 1 326,50 	 408,06 	 4 123,62 	 95,56 	 315,89 	 1 863,17 	 183,11 	 206,32 	 16,03 
26.02.2005	 1 694,66 	 1 459,05 	 383,46 	 2 161,00 	 2 853,49 	 35,53 	 16,60 	 1 740,43 	 7 400,68 	 52,69 	 4 100,18 	 826,47 	 171,37 	 346,01 	 729,14 	 77,81 	 3 307,56 	 1 324,63 	 408,20 	 4 130,75 	 95,62 	 314,36 	 1 850,57 	 182,38 	 205,37 	 16,03 
27.02.2005	 1 694,66 	 1 459,05 	 383,46 	 2 161,00 	 2 853,49 	 35,53 	 16,60 	 1 740,43 	 7 400,68 	 52,69 	 4 100,18 	 826,47 	 171,37 	 346,01 	 729,14 	 77,81 	 3 307,56 	 1 324,63 	 408,20 	 4 130,75 	 95,62 	 314,36 	 1 850,57 	 182,38 	 205,37 	 16,03 
28.02.2005	 1 694,66 	 1 459,05 	 383,46 	 2 161,00 	 2 853,49 	 35,53 	 16,60 	 1 740,43 	 7 400,68 	 52,69 	 4 100,18 	 826,47 	 171,37 	 346,01 	 729,14 	 77,81 	 3 307,56 	 1 324,63 	 408,20 	 4 130,75 	 95,62 	 314,36 	 1 850,57 	 182,38 	 205,37 	 16,03 
01.03.2005	 1 709,50 	 1 462,44 	 384,39 	 2 159,00 	 2 860,78 	 35,67 	 16,58 	 1 752,51 	 7 397,64 	 52,55 	 4 109,64 	 828,55 	 171,21 	 347,86 	 732,24 	 77,94 	 3 291,53 	 1 327,55 	 407,84 	 4 153,38 	 96,10 	 316,24 	 1 858,24 	 182,86 	 206,71 	 16,01 
02.03.2005	 1 700,29 	 1 455,60 	 382,55 	 2 158,00 	 2 847,16 	 35,51 	 16,57 	 1 748,50 	 7 389,02 	 52,52 	 4 089,06 	 824,55 	 170,59 	 345,96 	 729,24 	 77,88 	 3 306,03 	 1 328,16 	 407,79 	 4 143,90 	 95,83 	 314,71 	 1 853,47 	 181,96 	 206,36 	 16,00 
03.03.2005	 1 680,95 	 1 448,04 	 380,58 	 2 157,00 	 2 832,25 	 35,40 	 16,53 	 1 732,88 	 7 386,23 	 52,50 	 4 068,66 	 820,20 	 170,38 	 345,61 	 722,52 	 77,87 	 3 300,30 	 1 325,26 	 407,40 	 4 124,51 	 95,53 	 312,43 	 1 841,78 	 181,00 	 205,65 	 16,00 
04.03.2005	 1 686,67 	 1 448,87 	 380,76 	 2 157,00 	 2 833,97 	 35,50 	 16,54 	 1 737,06 	 7 386,73 	 52,50 	 4 070,20 	 820,82 	 170,58 	 345,37 	 721,77 	 77,80 	 3 286,73 	 1 325,51 	 407,42 	 4 118,68 	 95,61 	 312,68 	 1 834,89 	 181,13 	 205,40 	 16,00 
05.03.2005	 1 690,01 	 1 446,20 	 379,97 	 2 157,00 	 2 828,58 	 35,46 	 16,58 	 1 733,16 	 7 385,72 	 52,50 	 4 062,53 	 819,14 	 170,85 	 344,22 	 719,14 	 77,72 	 3 288,97 	 1 320,44 	 406,89 	 4 111,89 	 95,44 	 312,61 	 1 825,80 	 180,76 	 204,54 	 16,00 
06.03.2005	 1 690,01 	 1 446,20 	 379,97 	 2 157,00 	 2 828,58 	 35,46 	 16,58 	 1 733,16 	 7 385,72 	 52,50 	 4 062,53 	 819,14 	 170,85 	 344,22 	 719,14 	 77,72 	 3 288,97 	 1 320,44 	 406,89 	 4 111,89 	 95,44 	 312,61 	 1 825,80 	 180,76 	 204,54 	 16,00 
07.03.2005	 1 690,01 	 1 446,20 	 379,97 	 2 157,00 	 2 828,58 	 35,46 	 16,58 	 1 733,16 	 7 385,72 	 52,50 	 4 062,53 	 819,14 	 170,85 	 344,22 	 719,14 	 77,72 	 3 288,97 	 1 320,44 	 406,89 	 4 111,89 	 95,44 	 312,61 	 1 825,80 	 180,76 	 204,54 	 16,00 
08.03.2005	 1 690,01 	 1 446,20 	 379,97 	 2 157,00 	 2 828,58 	 35,46 	 16,58 	 1 733,16 	 7 385,72 	 52,50 	 4 062,53 	 819,14 	 170,85 	 344,22 	 719,14 	 77,72 	 3 288,97 	 1 320,44 	 406,89 	 4 111,89 	 95,44 	 312,61 	 1 825,80 	 180,76 	 204,54 	 16,00 
09.03.2005	 1 690,01 	 1 446,20 	 379,97 	 2 157,00 	 2 828,58 	 35,46 	 16,58 	 1 733,16 	 7 385,72 	 52,50 	 4 062,53 	 819,14 	 170,85 	 344,22 	 719,14 	 77,72 	 3 288,97 	 1 320,44 	 406,89 	 4 111,89 	 95,44 	 312,61 	 1 825,80 	 180,76 	 204,54 	 16,00 
10.03.2005	 1 719,16 	 1 474,19 	 387,26 	 2 156,00 	 2 884,08 	 36,20 	 16,58 	 1 787,58 	 7 380,28 	 52,92 	 4 140,58 	 835,14 	 170,98 	 353,12 	 741,40 	 78,24 	 3 300,88 	 1 330,78 	 407,10 	 4 162,16 	 98,17 	 318,98 	 1 859,74 	 184,31 	 206,43 	 15,99 
11.03.2005	 1 713,66 	 1 480,59 	 388,86 	 2 155,00 	 2 895,46 	 36,51 	 16,58 	 1 794,34 	 7 378,24 	 52,89 	 4 159,03 	 838,73 	 171,51 	 353,41 	 735,75 	 78,47 	 3 316,57 	 1 330,62 	 407,66 	 4 156,03 	 98,43 	 319,70 	 1 867,17 	 185,10 	 207,24 	 15,98 
12.03.2005	 1 700,48 	 1 477,21 	 387,95 	 2 154,00 	 2 888,84 	 36,35 	 16,58 	 1 787,48 	 7 376,71 	 52,87 	 4 149,89 	 836,62 	 171,63 	 353,55 	 729,53 	 78,43 	 3 317,31 	 1 327,91 	 407,43 	 4 130,08 	 97,97 	 318,74 	 1 864,94 	 184,65 	 206,57 	 15,97 
13.03.2005	 1 700,48 	 1 477,21 	 387,95 	 2 154,00 	 2 888,84 	 36,35 	 16,58 	 1 787,48 	 7 376,71 	 52,87 	 4 149,89 	 836,62 	 171,63 	 353,55 	 729,53 	 78,43 	 3 317,31 	 1 327,91 	 407,43 	 4 130,08 	 97,97 	 318,74 	 1 864,94 	 184,65 	 206,57 	 15,97 
14.03.2005	 1 700,48 	 1 477,21 	 387,95 	 2 154,00 	 2 888,84 	 36,35 	 16,58 	 1 787,48 	 7 376,71 	 52,87 	 4 149,89 	 836,62 	 171,63 	 353,55 	 729,53 	 78,43 	 3 317,31 	 1 327,91 	 407,43 	 4 130,08 	 97,97 	 318,74 	 1 864,94 	 184,65 	 206,57 	 15,97 
15.03.2005	 1 700,01 	 1 475,77 	 387,59 	 2 153,00 	 2 886,20 	 36,57 	 16,57 	 1 781,40 	 7 372,03 	 52,84 	 4 146,76 	 835,94 	 171,62 	 353,72 	 725,91 	 78,36 	 3 313,40 	 1 328,44 	 407,30 	 4 129,99 	 97,58 	 318,25 	 1 861,73 	 184,47 	 205,61 	 15,97 
16.03.2005	 1 697,96 	 1 470,43 	 386,16 	 2 153,00 	 2 875,87 	 36,40 	 16,55 	 1 781,84 	 7 372,03 	 52,84 	 4 131,64 	 832,90 	 171,42 	 351,81 	 716,50 	 78,32 	 3 309,76 	 1 325,53 	 407,57 	 4 116,75 	 97,12 	 316,01 	 1 855,55 	 183,81 	 205,51 	 15,97 
17.03.2005	 1 703,88 	 1 470,38 	 386,16 	 2 153,00 	 2 875,76 	 36,56 	 16,52 	 1 786,72 	 7 371,77 	 52,84 	 4 132,04 	 832,87 	 171,42 	 351,75 	 706,83 	 78,32 	 3 309,38 	 1 327,13 	 407,50 	 4 135,05 	 95,89 	 316,20 	 1 856,99 	 183,81 	 206,64 	 15,97 
18.03.2005	 1 705,07 	 1 474,10 	 387,15 	 2 153,00 	 2 883,51 	 36,79 	 16,51 	 1 784,20 	 7 373,29 	 52,84 	 4 143,57 	 835,09 	 171,62 	 354,06 	 701,65 	 78,40 	 3 310,95 	 1 327,09 	 407,99 	 4 140,00 	 96,05 	 316,61 	 1 865,60 	 184,28 	 206,60 	 15,97 
19.03.2005	 1 704,75 	 1 466,27 	 385,04 	 2 153,00 	 2 867,47 	 36,64 	 16,51 	 1 785,46 	 7 373,04 	 52,84 	 4 120,18 	 830,52 	 171,49 	 352,24 	 703,19 	 78,34 	 3 311,21 	 1 323,38 	 407,84 	 4 124,39 	 96,31 	 315,04 	 1 851,96 	 183,29 	 205,38 	 15,97 
20.03.2005	 1 704,75 	 1 466,27 	 385,04 	 2 153,00 	 2 867,47 	 36,64 	 16,51 	 1 785,46 	 7 373,04 	 52,84 	 4 120,18 	 830,52 	 171,49 	 352,24 	 703,19 	 78,34 	 3 311,21 	 1 323,38 	 407,84 	 4 124,39 	 96,31 	 315,04 	 1 851,96 	 183,29 	 205,38 	 15,97 
21.03.2005	 1 704,75 	 1 466,27 	 385,04 	 2 153,00 	 2 867,47 	 36,64 	 16,51 	 1 785,46 	 7 373,04 	 52,84 	 4 120,18 	 830,52 	 171,49 	 352,24 	 703,19 	 78,34 	 3 311,21 	 1 323,38 	 407,84 	 4 124,39 	 96,31 	 315,04 	 1 851,96 	 183,29 	 205,38 	 15,97 
22.03.2005	 1 696,78 	 1 454,43 	 381,95 	 2 153,00 	 2 844,54 	 36,52 	 16,50 	 1 774,65 	 7 373,04 	 52,45 	 4 085,78 	 823,82 	 171,49 	 349,33 	 697,78 	 78,17 	 3 300,14 	 1 321,18 	 408,30 	 4 102,33 	 95,18 	 311,26 	 1 834,06 	 181,80 	 204,57 	 15,97 
23.03.2005	 1 693,44 	 1 450,17 	 380,83 	 2 153,00 	 2 836,47 	 36,55 	 16,50 	 1 780,66 	 7 371,27 	 52,45 	 4 073,02 	 821,46 	 171,14 	 347,29 	 690,35 	 78,07 	 3 283,88 	 1 315,09 	 407,84 	 4 090,27 	 94,27 	 310,85 	 1 827,05 	 181,28 	 204,90 	 15,97 
24.03.2005	 1 672,02 	 1 434,71 	 376,75 	 2 153,00 	 2 806,11 	 35,38 	 16,47 	 1 775,74 	 7 373,04 	 52,45 	 4 030,70 	 812,79 	 171,08 	 343,40 	 680,36 	 77,90 	 3 284,98 	 1 313,01 	 407,28 	 4 047,86 	 93,25 	 307,70 	 1 805,15 	 179,33 	 203,84 	 15,97 
25.03.2005	 1 663,19 	 1 430,66 	 375,63 	 2 153,00 	 2 797,93 	 35,11 	 16,43 	 1 768,01 	 7 373,04 	 52,45 	 4 019,79 	 810,31 	 170,81 	 341,30 	 677,81 	 77,73 	 3 264,92 	 1 306,35 	 406,38 	 4 024,71 	 92,93 	 307,21 	 1 801,22 	 178,83 	 202,30 	 15,97 
26.03.2005	 1 663,28 	 1 426,72 	 374,61 	 2 152,00 	 2 790,39 	 35,04 	 16,43 	 1 771,70 	 7 369,86 	 52,42 	 4 008,94 	 808,13 	 170,73 	 340,12 	 677,71 	 77,66 	 3 251,82 	 1 309,40 	 406,50 	 4 028,76 	 92,72 	 306,03 	 1 795,35 	 178,34 	 202,40 	 15,96 
27.03.2005	 1 663,28 	 1 426,72 	 374,61 	 2 152,00 	 2 790,39 	 35,04 	 16,43 	 1 771,70 	 7 369,86 	 52,42 	 4 008,94 	 808,13 	 170,73 	 340,12 	 677,71 	 77,66 	 3 251,82 	 1 309,40 	 406,50 	 4 028,76 	 92,72 	 306,03 	 1 795,35 	 178,34 	 202,40 	 15,96 
28.03.2005	 1 663,28 	 1 426,72 	 374,61 	 2 152,00 	 2 790,39 	 35,04 	 16,43 	 1 771,70 	 7 369,86 	 52,42 	 4 008,94 	 808,13 	 170,73 	 340,12 	 677,71 	 77,66 	 3 251,82 	 1 309,40 	 406,50 	 4 028,76 	 92,72 	 306,03 	 1 795,35 	 178,34 	 202,40 	 15,96 
29.03.2005	 1 656,29 	 1 420,13 	 372,83 	 2 152,00 	 2 777,48 	 34,92 	 16,29 	 1 764,44 	 7 369,86 	 52,12 	 3 990,73 	 804,52 	 170,73 	 338,69 	 673,15 	 77,35 	 3 249,74 	 1 304,04 	 407,87 	 4 008,75 	 92,27 	 304,72 	 1 786,86 	 177,53 	 201,26 	 15,96 
30.03.2005	 1 662,85 	 1 422,25 	 373,40 	 2 152,00 	 2 781,78 	 34,97 	 16,25 	 1 776,24 	 7 367,34 	 52,12 	 3 997,03 	 805,62 	 170,73 	 338,42 	 666,91 	 77,32 	 3 238,59 	 1 304,08 	 406,42 	 4 032,23 	 91,94 	 304,60 	 1 792,21 	 177,77 	 200,76 	 15,96 
31.03.2005	 1 663,62 	 1 427,15 	 374,71 	 2 153,00 	 2 791,26 	 35,02 	 16,30 	 1 783,91 	 7 371,27 	 52,14 	 4 010,43 	 808,43 	 170,47 	 340,78 	 677,94 	 77,37 	 3 246,79 	 1 305,40 	 406,76 	 4 046,67 	 92,82 	 305,32 	 1 797,99 	 178,41 	 200,70 	 15,97 
01.04.2005	 1 665,67 	 1 426,91 	 374,63 	 2 153,00 	 2 790,72 	 35,30 	 16,24 	 1 773,91 	 7 373,04 	 52,14 	 4 009,68 	 808,32 	 170,81 	 340,42 	 682,73 	 77,29 	 3 248,25 	 1 305,28 	 407,77 	 4 049,15 	 93,30 	 305,36 	 1 800,77 	 178,37 	 201,43 	 15,97 
02.04.2005	 1 664,05 	 1 427,86 	 374,85 	 2 153,00 	 2 793,09 	 35,53 	 16,29 	 1 775,45 	 7 371,27 	 52,14 	 4 012,30 	 808,78 	 171,08 	 340,26 	 683,49 	 77,22 	 3 252,82 	 1 300,04 	 407,07 	 4 062,60 	 92,93 	 304,92 	 1 800,09 	 178,50 	 200,74 	 15,97 
03.04.2005	 1 664,05 	 1 427,86 	 374,85 	 2 153,00 	 2 793,09 	 35,53 	 16,29 	 1 775,45 	 7 371,27 	 52,14 	 4 012,30 	 808,78 	 171,08 	 340,26 	 683,49 	 77,22 	 3 252,82 	 1 300,04 	 407,07 	 4 062,60 	 92,93 	 304,92 	 1 800,09 	 178,50 	 200,74 	 15,97 
04.04.2005	 1 664,05 	 1 427,86 	 374,85 	 2 153,00 	 2 793,09 	 35,53 	 16,29 	 1 775,45 	 7 371,27 	 52,14 	 4 012,30 	 808,78 	 171,08 	 340,26 	 683,49 	 77,22 	 3 252,82 	 1 300,04 	 407,07 	 4 062,60 	 92,93 	 304,92 	 1 800,09 	 178,50 	 200,74 	 15,97 
05.04.2005	 1 657,83 	 1 420,24 	 372,92 	 2 154,00 	 2 778,12 	 35,61 	 16,30 	 1 768,98 	 7 374,94 	 52,16 	 3 991,85 	 804,66 	 171,02 	 338,82 	 674,33 	 77,22 	 3 253,81 	 1 294,35 	 407,68 	 4 040,04 	 92,51 	 303,02 	 1 789,04 	 177,56 	 199,63 	 15,97 
06.04.2005	 1 649,21 	 1 411,63 	 370,57 	 2 154,00 	 2 761,21 	 35,32 	 16,43 	 1 759,52 	 7 376,71 	 52,16 	 3 965,76 	 799,64 	 170,92 	 338,03 	 669,05 	 77,10 	 3 240,43 	 1 291,75 	 407,18 	 4 037,13 	 91,97 	 301,06 	 1 775,91 	 176,44 	 198,09 	 15,97 
07.04.2005	 1 651,04 	 1 419,16 	 372,55 	 2 154,00 	 2 775,75 	 35,32 	 16,39 	 1 768,76 	 7 376,46 	 52,16 	 3 986,67 	 803,90 	 171,16 	 340,09 	 674,94 	 77,28 	 3 231,43 	 1 297,98 	 407,05 	 4 053,72 	 92,67 	 303,00 	 1 790,52 	 177,40 	 199,29 	 15,97 
08.04.2005	 1 658,47 	 1 424,65 	 374,09 	 2 154,00 	 2 786,63 	 35,33 	 16,41 	 1 767,17 	 7 376,71 	 52,16 	 4 003,72 	 807,13 	 171,63 	 341,10 	 680,40 	 77,46 	 3 241,23 	 1 301,00 	 408,38 	 4 060,94 	 93,19 	 304,61 	 1 797,17 	 178,11 	 199,05 	 15,97 
09.04.2005	 1 651,48 	 1 413,49 	 371,11 	 2 155,00 	 2 764,76 	 35,08 	 16,43 	 1 761,20 	 7 380,14 	 52,19 	 3 970,52 	 800,71 	 172,06 	 338,12 	 671,40 	 77,30 	 3 244,20 	 1 299,92 	 409,70 	 4 028,99 	 92,24 	 301,85 	 1 782,69 	 176,68 	 198,36 	 15,98 
10.04.2005	 1 651,48 	 1 413,49 	 371,11 	 2 155,00 	 2 764,76 	 35,08 	 16,43 	 1 761,20 	 7 380,14 	 52,19 	 3 970,52 	 800,71 	 172,06 	 338,12 	 671,40 	 77,30 	 3 244,20 	 1 299,92 	 409,70 	 4 028,99 	 92,24 	 301,85 	 1 782,69 	 176,68 	 198,36 	 15,98 
11.04.2005	 1 651,48 	 1 413,49 	 371,11 	 2 155,00 	 2 764,76 	 35,08 	 16,43 	 1 761,20 	 7 380,14 	 52,19 	 3 970,52 	 800,71 	 172,06 	 338,12 	 671,40 	 77,30 	 3 244,20 	 1 299,92 	 409,70 	 4 028,99 	 92,24 	 301,85 	 1 782,69 	 176,68 	 198,36 	 15,98 
12.04.2005	 1 667,73 	 1 427,25 	 374,77 	 2 154,00 	 2 792,34 	 35,06 	 16,46 	 1 757,15 	 7 374,69 	 52,17 	 4 011,55 	 808,60 	 171,70 	 341,10 	 682,08 	 77,50 	 3 233,22 	 1 302,77 	 410,21 	 4 069,44 	 93,31 	 304,59 	 1 803,26 	 178,41 	 199,48 	 15,97 
13.04.2005	 1 670,32 	 1 430,09 	 375,48 	 2 154,00 	 2 797,40 	 34,98 	 16,48 	 1 746,82 	 7 376,71 	 52,17 	 4 018,66 	 810,12 	 171,36 	 341,50 	 684,31 	 77,58 	 3 251,20 	 1 308,43 	 410,29 	 4 074,72 	 93,63 	 305,67 	 1 806,14 	 178,79 	 199,87 	 15,97 
14.04.2005	 1 679,15 	 1 426,54 	 374,48 	 2 154,00 	 2 790,08 	 34,61 	 16,49 	 1 746,32 	 7 376,46 	 52,17 	 4 007,44 	 808,07 	 171,22 	 340,93 	 685,05 	 77,51 	 3 254,89 	 1 310,86 	 409,90 	 4 082,58 	 93,35 	 305,00 	 1 802,59 	 178,30 	 200,85 	 15,97 
15.04.2005	 1 668,49 	 1 417,85 	 372,17 	 2 154,00 	 2 773,17 	 34,10 	 16,52 	 1 740,04 	 7 376,46 	 52,17 	 3 984,09 	 802,80 	 171,29 	 336,88 	 677,47 	 77,40 	 3 252,45 	 1 304,11 	 409,84 	 4 066,11 	 92,67 	 302,59 	 1 786,81 	 177,21 	 199,95 	 15,97 
16.04.2005	 1 652,75 	 1 413,05 	 370,86 	 2 153,00 	 2 763,70 	 33,99 	 16,51 	 1 734,12 	 7 373,29 	 52,14 	 3 969,40 	 800,40 	 171,28 	 335,70 	 668,42 	 77,16 	 3 237,01 	 1 296,75 	 410,29 	 4 050,98 	 91,96 	 300,84 	 1 778,60 	 176,61 	 198,73 	 15,97 
17.04.2005	 1 652,75 	 1 413,05 	 370,86 	 2 153,00 	 2 763,70 	 33,99 	 16,51 	 1 734,12 	 7 373,29 	 52,14 	 3 969,40 	 800,40 	 171,28 	 335,70 	 668,42 	 77,16 	 3 237,01 	 1 296,75 	 410,29 	 4 050,98 	 91,96 	 300,84 	 1 778,60 	 176,61 	 198,73 	 15,97 
18.04.2005	 1 652,75 	 1 413,05 	 370,86 	 2 153,00 	 2 763,70 	 33,99 	 16,51 	 1 734,12 	 7 373,29 	 52,14 	 3 969,40 	 800,40 	 171,28 	 335,70 	 668,42 	 77,16 	 3 237,01 	 1 296,75 	 410,29 	 4 050,98 	 91,96 	 300,84 	 1 778,60 	 176,61 	 198,73 	 15,97 
19.04.2005	 1 651,03 	 1 428,10 	 374,75 	 2 153,00 	 2 793,30 	 34,39 	 16,46 	 1 731,33 	 7 371,27 	 52,13 	 4 013,80 	 809,05 	 171,28 	 340,06 	 670,30 	 77,38 	 3 235,77 	 1 300,83 	 412,18 	 4 086,93 	 92,68 	 304,42 	 1 806,13 	 178,55 	 200,12 	 15,97 
20.04.2005	 1 655,44 	 1 434,42 	 376,40 	 2 153,00 	 2 805,68 	 34,22 	 16,37 	 1 725,78 	 7 371,27 	 52,13 	 4 031,46 	 812,47 	 171,14 	 341,64 	 666,77 	 77,57 	 3 256,63 	 1 303,66 	 414,04 	 4 110,08 	 92,67 	 305,03 	 1 815,42 	 179,28 	 201,09 	 15,97 
21.04.2005	 1 662,64 	 1 434,95 	 376,56 	 2 152,00 	 2 806,32 	 34,40 	 16,41 	 1 738,71 	 7 369,61 	 52,11 	 4 032,61 	 812,26 	 170,85 	 342,24 	 673,31 	 77,62 	 3 257,48 	 1 304,72 	 415,22 	 4 125,06 	 92,70 	 305,26 	 1 817,26 	 179,39 	 201,29 	 15,96 
22.04.2005	 1 668,12 	 1 439,99 	 378,08 	 2 152,00 	 2 816,43 	 34,46 	 16,39 	 1 739,34 	 7 369,86 	 52,11 	 4 047,01 	 815,69 	 171,13 	 345,26 	 675,53 	 77,67 	 3 265,57 	 1 305,47 	 427,62 	 4 125,92 	 93,25 	 306,60 	 1 825,82 	 180,00 	 201,30 	 15,96 
23.04.2005	 1 676,03 	 1 437,12 	 377,31 	 2 150,00 	 2 810,80 	 34,40 	 16,34 	 1 738,15 	 7 362,76 	 52,06 	 4 038,70 	 812,46 	 171,18 	 344,56 	 668,25 	 77,53 	 3 264,71 	 1 303,19 	 426,80 	 4 112,74 	 92,82 	 306,67 	 1 820,34 	 179,64 	 202,17 	 15,94 
24.04.2005	 1 676,03 	 1 437,12 	 377,31 	 2 150,00 	 2 810,80 	 34,40 	 16,34 	 1 738,15 	 7 362,76 	 52,06 	 4 038,70 	 812,46 	 171,18 	 344,56 	 668,25 	 77,53 	 3 264,71 	 1 303,19 	 426,80 	 4 112,74 	 92,82 	 306,67 	 1 820,34 	 179,64 	 202,17 	 15,94 
25.04.2005	 1 676,03 	 1 437,12 	 377,31 	 2 150,00 	 2 810,80 	 34,40 	 16,34 	 1 738,15 	 7 362,76 	 52,06 	 4 038,70 	 812,46 	 171,18 	 344,56 	 668,25 	 77,53 	 3 264,71 	 1 303,19 	 426,80 	 4 112,74 	 92,82 	 306,67 	 1 820,34 	 179,64 	 202,17 	 15,94 
26.04.2005	 1 679,58 	 1 431,95 	 376,02 	 2 150,00 	 2 801,02 	 34,34 	 16,23 	 1 737,02 	 7 361,00 	 52,06 	 4 024,33 	 811,21 	 171,45 	 343,67 	 668,65 	 77,49 	 3 267,08 	 1 308,10 	 426,71 	 4 115,85 	 92,34 	 305,75 	 1 814,88 	 179,02 	 203,47 	 15,94 
27.04.2005	 1 675,39 	 1 426,30 	 374,51 	 2 150,00 	 2 789,95 	 33,90 	 16,28 	 1 733,59 	 7 363,01 	 52,06 	 4 008,20 	 807,91 	 171,86 	 342,82 	 664,44 	 77,45 	 3 259,70 	 1 305,80 	 427,14 	 4 095,43 	 92,19 	 305,42 	 1 807,25 	 178,27 	 202,94 	 15,94 
28.04.2005	 1 671,22 	 1 421,68 	 373,40 	 2 151,00 	 2 780,92 	 33,75 	 16,37 	 1 724,59 	 7 366,19 	 52,08 	 3 995,17 	 808,22 	 171,94 	 342,04 	 656,64 	 77,36 	 3 260,38 	 1 304,94 	 428,91 	 4 090,45 	 91,79 	 304,17 	 1 802,11 	 177,73 	 202,57 	 15,95 
29.04.2005	 1 674,66 	 1 421,30 	 373,24 	 2 151,00 	 2 779,31 	 33,82 	 16,32 	 1 719,56 	 7 364,93 	 52,08 	 3 993,69 	 805,08 	 172,63 	 341,05 	 654,83 	 77,39 	 3 252,51 	 1 305,54 	 428,49 	 4 092,82 	 91,81 	 303,96 	 1 803,85 	 177,66 	 203,12 	 15,95 
30.04.2005	 1 681,11 	 1 424,74 	 374,21 	 2 151,00 	 2 786,51 	 33,96 	 16,37 	 1 722,25 	 7 366,19 	 52,08 	 4 003,72 	 807,11 	 172,56 	 342,13 	 651,34 	 77,45 	 3 255,62 	 1 310,31 	 428,74 	 4 111,85 	 91,46 	 303,74 	 1 812,59 	 178,10 	 204,52 	 15,95 
01.05.2005	 1 681,11 	 1 424,74 	 374,21 	 2 151,00 	 2 786,51 	 33,96 	 16,37 	 1 722,25 	 7 366,19 	 52,08 	 4 003,72 	 807,11 	 172,56 	 342,13 	 651,34 	 77,45 	 3 255,62 	 1 310,31 	 428,74 	 4 111,85 	 91,46 	 303,74 	 1 812,59 	 178,10 	 204,52 	 15,95 
02.05.2005	 1 681,11 	 1 424,74 	 374,21 	 2 151,00 	 2 786,51 	 33,96 	 16,37 	 1 722,25 	 7 366,19 	 52,08 	 4 003,72 	 807,11 	 172,56 	 342,13 	 651,34 	 77,45 	 3 255,62 	 1 310,31 	 428,74 	 4 111,85 	 91,46 	 303,74 	 1 812,59 	 178,10 	 204,52 	 15,95 
03.05.2005	 1 677,46 	 1 413,97 	 371,42 	 2 151,00 	 2 765,33 	 33,96 	 16,35 	 1 705,38 	 7 365,30 	 52,25 	 3 972,67 	 800,94 	 172,56 	 339,87 	 647,41 	 77,45 	 3 262,59 	 1 312,59 	 429,13 	 4 094,32 	 90,78 	 300,82 	 1 796,24 	 176,75 	 204,11 	 15,95 
04.05.2005	 1 670,68 	 1 414,62 	 371,69 	 2 151,00 	 2 766,72 	 34,01 	 16,36 	 1 711,90 	 7 366,19 	 52,25 	 3 974,87 	 801,34 	 172,42 	 339,84 	 651,42 	 77,27 	 3 250,38 	 1 312,83 	 429,13 	 4 072,70 	 91,24 	 299,96 	 1 793,10 	 176,81 	 204,68 	 15,95 
05.05.2005	 1 673,05 	 1 424,08 	 374,21 	 2 151,00 	 2 785,33 	 33,62 	 16,40 	 1 721,83 	 7 364,93 	 52,25 	 4 001,86 	 806,52 	 172,42 	 342,99 	 657,82 	 77,40 	 3 248,83 	 1 313,51 	 429,34 	 4 086,36 	 91,97 	 302,95 	 1 805,89 	 178,03 	 205,76 	 15,95 
06.05.2005	 1 682,76 	 1 427,91 	 375,12 	 2 152,00 	 2 792,97 	 33,57 	 16,43 	 1 728,31 	 7 367,84 	 52,27 	 4 011,18 	 808,95 	 172,09 	 343,86 	 668,48 	 77,45 	 3 265,12 	 1 315,36 	 429,11 	 4 096,98 	 92,97 	 304,32 	 1 806,81 	 178,48 	 206,26 	 15,96 
07.05.2005	 1 675,76 	 1 424,65 	 374,30 	 2 152,00 	 2 785,98 	 33,51 	 16,50 	 1 726,92 	 7 368,35 	 52,27 	 4 003,35 	 807,10 	 171,75 	 343,59 	 672,29 	 77,45 	 3 265,88 	 1 312,84 	 428,90 	 4 081,38 	 93,06 	 304,03 	 1 800,16 	 178,09 	 205,48 	 15,96 
08.05.2005	 1 675,76 	 1 424,65 	 374,30 	 2 152,00 	 2 785,98 	 33,51 	 16,50 	 1 726,92 	 7 368,35 	 52,27 	 4 003,35 	 807,10 	 171,75 	 343,59 	 672,29 	 77,45 	 3 265,88 	 1 312,84 	 428,90 	 4 081,38 	 93,06 	 304,03 	 1 800,16 	 178,09 	 205,48 	 15,96 
09.05.2005	 1 675,76 	 1 424,65 	 374,30 	 2 152,00 	 2 785,98 	 33,51 	 16,50 	 1 726,92 	 7 368,35 	 52,27 	 4 003,35 	 807,10 	 171,75 	 343,59 	 672,29 	 77,45 	 3 265,88 	 1 312,84 	 428,90 	 4 081,38 	 93,06 	 304,03 	 1 800,16 	 178,09 	 205,48 	 15,96 
10.05.2005	 1 675,76 	 1 424,65 	 374,30 	 2 152,00 	 2 785,98 	 33,51 	 16,50 	 1 726,92 	 7 368,35 	 52,27 	 4 003,35 	 807,10 	 171,75 	 343,59 	 672,29 	 77,45 	 3 265,88 	 1 312,84 	 428,90 	 4 081,38 	 93,06 	 304,03 	 1 800,16 	 178,09 	 205,48 	 15,96 
11.05.2005	 1 675,76 	 1 424,65 	 374,30 	 2 152,00 	 2 785,98 	 33,51 	 16,50 	 1 726,92 	 7 368,35 	 52,27 	 4 003,35 	 807,10 	 171,75 	 343,59 	 672,29 	 77,45 	 3 265,88 	 1 312,84 	 428,90 	 4 081,38 	 93,06 	 304,03 	 1 800,16 	 178,09 	 205,48 	 15,96 
12.05.2005	 1 674,02 	 1 417,46 	 372,49 	 2 151,00 	 2 772,32 	 33,38 	 16,43 	 1 730,63 	 7 366,19 	 52,46 	 3 984,07 	 802,97 	 171,05 	 342,88 	 662,71 	 77,33 	 3 245,02 	 1 309,59 	 428,38 	 4 062,38 	 92,14 	 300,73 	 1 794,37 	 177,24 	 204,39 	 15,95 
13.05.2005	 1 656,36 	 1 403,12 	 368,71 	 2 150,00 	 2 744,15 	 32,96 	 16,36 	 1 722,00 	 7 361,25 	 52,43 	 3 942,06 	 794,78 	 170,70 	 339,07 	 661,26 	 77,15 	 3 247,75 	 1 302,08 	 427,01 	 4 010,61 	 91,59 	 297,98 	 1 775,91 	 175,40 	 202,55 	 15,94 
14.05.2005	 1 645,50 	 1 392,89 	 366,10 	 2 150,00 	 2 724,37 	 32,35 	 16,33 	 1 718,21 	 7 361,25 	 52,43 	 3 913,72 	 789,02 	 171,04 	 336,40 	 653,20 	 77,00 	 3 230,89 	 1 300,15 	 427,22 	 4 001,47 	 90,82 	 296,10 	 1 764,25 	 174,14 	 201,14 	 15,94 
15.05.2005	 1 645,50 	 1 392,89 	 366,10 	 2 150,00 	 2 724,37 	 32,35 	 16,33 	 1 718,21 	 7 361,25 	 52,43 	 3 913,72 	 789,02 	 171,04 	 336,40 	 653,20 	 77,00 	 3 230,89 	 1 300,15 	 427,22 	 4 001,47 	 90,82 	 296,10 	 1 764,25 	 174,14 	 201,14 	 15,94 
16.05.2005	 1 645,50 	 1 392,89 	 366,10 	 2 150,00 	 2 724,37 	 32,35 	 16,33 	 1 718,21 	 7 361,25 	 52,43 	 3 913,72 	 789,02 	 171,04 	 336,40 	 653,20 	 77,00 	 3 230,89 	 1 300,15 	 427,22 	 4 001,47 	 90,82 	 296,10 	 1 764,25 	 174,14 	 201,14 	 15,94 
17.05.2005	 1 626,15 	 1 385,44 	 364,12 	 2 150,00 	 2 709,86 	 32,20 	 16,33 	 1 696,45 	 7 362,01 	 52,47 	 3 892,46 	 784,81 	 171,11 	 334,80 	 644,41 	 76,72 	 3 210,85 	 1 293,27 	 426,38 	 3 959,22 	 89,96 	 294,32 	 1 754,24 	 173,16 	 199,55 	 15,94 
18.05.2005	 1 628,52 	 1 389,79 	 365,26 	 2 150,00 	 2 718,25 	 32,23 	 16,42 	 1 693,91 	 7 361,50 	 52,47 	 3 905,54 	 787,19 	 171,04 	 335,90 	 645,18 	 76,81 	 3 202,47 	 1 297,29 	 426,29 	 3 952,45 	 90,10 	 294,24 	 1 759,77 	 173,71 	 200,78 	 15,94 
19.05.2005	 1 626,69 	 1 388,04 	 364,65 	 2 150,00 	 2 714,59 	 32,57 	 16,48 	 1 702,84 	 7 362,76 	 52,47 	 3 900,93 	 786,11 	 171,01 	 335,25 	 645,65 	 76,77 	 3 207,65 	 1 298,03 	 426,80 	 3 941,06 	 89,66 	 294,66 	 1 760,71 	 173,51 	 200,20 	 15,94 
20.05.2005	 1 633,45 	 1 391,34 	 365,44 	 2 149,00 	 2 721,39 	 32,97 	 16,45 	 1 705,56 	 7 359,34 	 52,45 	 3 908,69 	 788,19 	 170,83 	 335,18 	 654,35 	 76,86 	 3 202,33 	 1 299,86 	 428,73 	 3 960,50 	 90,26 	 296,10 	 1 763,93 	 173,94 	 200,74 	 15,94 
21.05.2005	 1 634,21 	 1 389,19 	 364,87 	 2 149,00 	 2 716,66 	 33,22 	 16,41 	 1 709,76 	 7 359,59 	 52,45 	 3 901,95 	 786,89 	 170,76 	 334,55 	 653,19 	 76,83 	 3 207,66 	 1 298,53 	 426,09 	 3 950,29 	 89,82 	 295,61 	 1 757,80 	 173,65 	 200,09 	 15,94 
22.05.2005	 1 634,21 	 1 389,19 	 364,87 	 2 149,00 	 2 716,66 	 33,22 	 16,41 	 1 709,76 	 7 359,59 	 52,45 	 3 901,95 	 786,89 	 170,76 	 334,55 	 653,19 	 76,83 	 3 207,66 	 1 298,53 	 426,09 	 3 950,29 	 89,82 	 295,61 	 1 757,80 	 173,65 	 200,09 	 15,94 
23.05.2005	 1 634,21 	 1 389,19 	 364,87 	 2 149,00 	 2 716,66 	 33,22 	 16,41 	 1 709,76 	 7 359,59 	 52,45 	 3 901,95 	 786,89 	 170,76 	 334,55 	 653,19 	 76,83 	 3 207,66 	 1 298,53 	 426,09 	 3 950,29 	 89,82 	 295,61 	 1 757,80 	 173,65 	 200,09 	 15,94 
24.05.2005	 1 627,01 	 1 379,51 	 361,92 	 2 149,00 	 2 696,24 	 32,96 	 16,29 	 1 702,72 	 7 358,08 	 52,40 	 3 873,12 	 780,80 	 170,76 	 331,84 	 642,45 	 76,58 	 3 203,92 	 1 293,95 	 425,33 	 3 926,76 	 88,79 	 293,66 	 1 742,13 	 172,32 	 199,06 	 15,94 
25.05.2005	 1 634,42 	 1 379,51 	 362,95 	 2 149,00 	 2 703,98 	 33,27 	 16,31 	 1 705,42 	 7 357,07 	 52,40 	 3 884,67 	 783,06 	 170,83 	 333,67 	 645,80 	 76,66 	 3 193,71 	 1 299,35 	 425,76 	 3 933,21 	 89,04 	 294,51 	 1 748,08 	 172,81 	 199,84 	 15,94 
26.05.2005	 1 634,21 	 1 381,46 	 362,85 	 2 149,00 	 2 701,94 	 33,31 	 16,28 	 1 704,54 	 7 357,83 	 52,40 	 3 881,86 	 782,48 	 170,76 	 334,46 	 645,51 	 76,65 	 3 201,99 	 1 298,06 	 425,76 	 3 923,54 	 88,71 	 294,50 	 1 747,94 	 172,70 	 199,88 	 15,94 
27.05.2005	 1 638,40 	 1 379,60 	 362,44 	 2 149,00 	 2 697,96 	 33,34 	 16,24 	 1 698,01 	 7 359,59 	 52,40 	 3 875,91 	 781,47 	 170,66 	 336,55 	 647,20 	 76,58 	 3 194,68 	 1 295,51 	 426,39 	 3 924,07 	 88,49 	 293,31 	 1 745,88 	 172,44 	 198,81 	 15,94 
28.05.2005	 1 636,36 	 1 377,70 	 361,96 	 2 149,00 	 2 694,52 	 33,25 	 16,25 	 1 697,74 	 7 359,59 	 52,40 	 3 871,72 	 780,43 	 170,56 	 336,97 	 644,40 	 76,53 	 3 192,28 	 1 294,70 	 426,22 	 3 920,31 	 88,21 	 293,08 	 1 741,70 	 172,22 	 199,17 	 15,94 
29.05.2005	 1 636,36 	 1 377,70 	 361,96 	 2 149,00 	 2 694,52 	 33,25 	 16,25 	 1 697,74 	 7 359,59 	 52,40 	 3 871,72 	 780,43 	 170,56 	 336,97 	 644,40 	 76,53 	 3 192,28 	 1 294,70 	 426,22 	 3 920,31 	 88,21 	 293,08 	 1 741,70 	 172,22 	 199,17 	 15,94 
30.05.2005	 1 636,36 	 1 377,70 	 361,96 	 2 149,00 	 2 694,52 	 33,25 	 16,25 	 1 697,74 	 7 359,59 	 52,40 	 3 871,72 	 780,43 	 170,56 	 336,97 	 644,40 	 76,53 	 3 192,28 	 1 294,70 	 426,22 	 3 920,31 	 88,21 	 293,08 	 1 741,70 	 172,22 	 199,17 	 15,94 
31.05.2005	 1 638,18 	 1 375,71 	 361,50 	 2 149,00 	 2 690,66 	 33,23 	 16,19 	 1 710,44 	 7 357,83 	 52,47 	 3 866,15 	 779,27 	 170,69 	 337,72 	 648,95 	 76,50 	 3 191,61 	 1 294,73 	 428,09 	 3 919,24 	 88,18 	 293,15 	 1 741,07 	 171,99 	 199,16 	 15,94 
01.06.2005	 1 627,87 	 1 361,07 	 357,60 	 2 149,00 	 2 661,86 	 33,15 	 16,28 	 1 707,79 	 7 358,08 	 52,47 	 3 824,18 	 770,96 	 170,89 	 334,51 	 647,13 	 76,22 	 3 191,61 	 1 291,66 	 423,45 	 3 909,14 	 87,42 	 290,76 	 1 726,04 	 170,14 	 199,05 	 15,94 
02.06.2005	 1 618,95 	 1 350,71 	 355,03 	 2 150,00 	 2 642,03 	 33,16 	 16,34 	 1 712,33 	 7 363,01 	 52,49 	 3 795,57 	 765,18 	 171,08 	 333,42 	 636,45 	 76,00 	 3 171,14 	 1 287,58 	 424,27 	 3 908,59 	 86,88 	 288,98 	 1 722,69 	 168,86 	 198,15 	 15,94 
03.06.2005	 1 618,84 	 1 350,12 	 354,89 	 2 150,00 	 2 640,74 	 33,27 	 16,28 	 1 718,56 	 7 362,76 	 52,49 	 3 794,23 	 764,84 	 171,28 	 333,77 	 639,19 	 75,77 	 3 159,90 	 1 285,50 	 423,90 	 3 910,74 	 87,03 	 288,51 	 1 722,34 	 168,79 	 198,55 	 15,94 
04.06.2005	 1 627,44 	 1 349,61 	 354,79 	 2 150,00 	 2 640,09 	 32,90 	 16,25 	 1 723,24 	 7 361,50 	 52,49 	 3 792,56 	 764,53 	 171,66 	 333,34 	 640,61 	 75,77 	 3 164,82 	 1 289,43 	 425,22 	 3 906,23 	 87,38 	 289,05 	 1 719,79 	 168,71 	 199,16 	 15,94 
05.06.2005	 1 627,44 	 1 349,61 	 354,79 	 2 150,00 	 2 640,09 	 32,90 	 16,25 	 1 723,24 	 7 361,50 	 52,49 	 3 792,56 	 764,53 	 171,66 	 333,34 	 640,61 	 75,77 	 3 164,82 	 1 289,43 	 425,22 	 3 906,23 	 87,38 	 289,05 	 1 719,79 	 168,71 	 199,16 	 15,94 
06.06.2005	 1 627,44 	 1 349,61 	 354,79 	 2 150,00 	 2 640,09 	 32,90 	 16,25 	 1 723,24 	 7 361,50 	 52,49 	 3 792,56 	 764,53 	 171,66 	 333,34 	 640,61 	 75,77 	 3 164,82 	 1 289,43 	 425,22 	 3 906,23 	 87,38 	 289,05 	 1 719,79 	 168,71 	 199,16 	 15,94 
07.06.2005	 1 636,69 	 1 348,60 	 354,53 	 2 150,00 	 2 637,62 	 32,80 	 16,31 	 1 723,93 	 7 364,78 	 52,45 	 3 790,22 	 763,90 	 171,66 	 334,45 	 644,56 	 75,63 	 3 168,43 	 1 291,52 	 424,48 	 3 913,86 	 87,48 	 288,59 	 1 722,27 	 168,58 	 200,77 	 15,94 
08.06.2005	 1 653,46 	 1 353,27 	 355,61 	 2 150,00 	 2 646,54 	 33,48 	 16,25 	 1 728,99 	 7 361,25 	 52,45 	 3 802,95 	 766,52 	 171,52 	 336,27 	 651,12 	 75,67 	 3 169,92 	 1 294,83 	 425,03 	 3 938,58 	 87,92 	 289,73 	 1 728,99 	 169,17 	 201,66 	 15,94 
09.06.2005	 1 652,06 	 1 353,56 	 355,62 	 2 150,00 	 2 647,19 	 33,64 	 16,23 	 1 723,65 	 7 361,25 	 52,45 	 3 802,95 	 766,73 	 171,45 	 334,79 	 650,84 	 75,77 	 3 177,59 	 1 294,87 	 426,97 	 3 946,76 	 87,79 	 289,49 	 1 726,63 	 169,19 	 201,17 	 15,94 
10.06.2005	 1 650,45 	 1 344,42 	 353,17 	 2 150,00 	 2 629,45 	 33,39 	 16,19 	 1 712,94 	 7 363,01 	 52,45 	 3 778,23 	 761,60 	 171,66 	 332,10 	 651,14 	 75,58 	 3 180,37 	 1 291,72 	 425,11 	 3 924,29 	 87,71 	 286,01 	 1 715,88 	 168,05 	 200,46 	 15,94 
11.06.2005	 1 650,12 	 1 343,62 	 353,02 	 2 150,00 	 2 628,27 	 33,33 	 16,06 	 1 711,03 	 7 362,26 	 52,45 	 3 776,57 	 761,14 	 171,66 	 335,22 	 652,90 	 75,53 	 3 168,39 	 1 289,43 	 425,11 	 3 921,60 	 87,60 	 284,99 	 1 714,31 	 167,98 	 200,14 	 15,94 
12.06.2005	 1 650,12 	 1 343,62 	 353,02 	 2 150,00 	 2 628,27 	 33,33 	 16,06 	 1 711,03 	 7 362,26 	 52,45 	 3 776,57 	 761,14 	 171,66 	 335,22 	 652,90 	 75,53 	 3 168,39 	 1 289,43 	 425,11 	 3 921,60 	 87,60 	 284,99 	 1 714,31 	 167,98 	 200,14 	 15,94 
13.06.2005	 1 650,12 	 1 343,62 	 353,02 	 2 150,00 	 2 628,27 	 33,33 	 16,06 	 1 711,03 	 7 362,26 	 52,45 	 3 776,57 	 761,14 	 171,66 	 335,22 	 652,90 	 75,53 	 3 168,39 	 1 289,43 	 425,11 	 3 921,60 	 87,60 	 284,99 	 1 714,31 	 167,98 	 200,14 	 15,94 
14.06.2005	 1 640,34 	 1 326,67 	 348,64 	 2 150,00 	 2 594,40 	 32,96 	 16,05 	 1 713,35 	 7 363,01 	 52,37 	 3 728,11 	 751,42 	 171,35 	 330,88 	 645,78 	 75,53 	 3 167,25 	 1 284,23 	 425,32 	 3 885,69 	 86,60 	 280,70 	 1 687,40 	 165,83 	 197,57 	 15,94 
15.06.2005	 1 646,15 	 1 333,75 	 350,54 	 2 150,00 	 2 608,49 	 32,80 	 16,07 	 1 712,87 	 7 361,25 	 52,37 	 3 748,58 	 755,43 	 171,49 	 331,65 	 643,33 	 75,26 	 3 137,90 	 1 284,46 	 427,65 	 3 890,43 	 86,84 	 280,81 	 1 694,51 	 166,71 	 196,72 	 15,94 
16.06.2005	 1 644,00 	 1 324,83 	 348,15 	 2 150,00 	 2 591,07 	 32,65 	 16,11 	 1 720,55 	 7 362,76 	 52,37 	 3 723,27 	 750,49 	 171,31 	 329,32 	 642,48 	 75,11 	 3 146,65 	 1 282,93 	 428,37 	 3 887,31 	 86,60 	 279,81 	 1 684,29 	 165,61 	 196,72 	 15,94 
17.06.2005	 1 650,88 	 1 330,16 	 349,57 	 2 150,00 	 2 602,14 	 32,57 	 16,09 	 1 736,04 	 7 362,51 	 52,37 	 3 738,16 	 753,51 	 171,31 	 330,39 	 643,73 	 75,17 	 3 138,66 	 1 284,04 	 426,29 	 3 912,03 	 86,89 	 280,28 	 1 691,38 	 166,31 	 196,72 	 15,94 
18.06.2005	 1 661,71 	 1 333,75 	 350,49 	 2 149,00 	 2 608,56 	 32,93 	 16,01 	 1 735,16 	 7 359,59 	 52,35 	 3 747,49 	 755,47 	 171,51 	 331,70 	 642,21 	 75,18 	 3 148,39 	 1 285,56 	 425,33 	 3 923,43 	 87,15 	 281,80 	 1 692,26 	 166,70 	 197,28 	 15,94 
19.06.2005	 1 661,71 	 1 333,75 	 350,49 	 2 149,00 	 2 608,56 	 32,93 	 16,01 	 1 735,16 	 7 359,59 	 52,35 	 3 747,49 	 755,47 	 171,51 	 331,70 	 642,21 	 75,18 	 3 148,39 	 1 285,56 	 425,33 	 3 923,43 	 87,15 	 281,80 	 1 692,26 	 166,70 	 197,28 	 15,94 
20.06.2005	 1 661,71 	 1 333,75 	 350,49 	 2 149,00 	 2 608,56 	 32,93 	 16,01 	 1 735,16 	 7 359,59 	 52,35 	 3 747,49 	 755,47 	 171,51 	 331,70 	 642,21 	 75,18 	 3 148,39 	 1 285,56 	 425,33 	 3 923,43 	 87,15 	 281,80 	 1 692,26 	 166,70 	 197,28 	 15,94 
21.06.2005	 1 671,06 	 1 342,08 	 352,61 	 2 149,00 	 2 625,33 	 33,08 	 15,95 	 1 744,67 	 7 359,34 	 52,35 	 3 771,17 	 760,24 	 172,06 	 333,75 	 641,89 	 75,47 	 3 154,45 	 1 287,64 	 425,76 	 3 924,18 	 87,41 	 284,45 	 1 699,82 	 167,79 	 197,53 	 15,94 
22.06.2005	 1 662,14 	 1 328,68 	 348,97 	 2 149,00 	 2 598,36 	 32,59 	 15,87 	 1 730,83 	 7 359,34 	 52,51 	 3 733,82 	 752,57 	 171,99 	 331,28 	 641,19 	 75,27 	 3 159,67 	 1 281,68 	 427,45 	 3 907,85 	 86,63 	 280,40 	 1 683,91 	 166,10 	 196,60 	 15,94 
23.06.2005	 1 671,60 	 1 339,44 	 351,76 	 2 149,00 	 2 619,42 	 32,82 	 15,80 	 1 742,55 	 7 358,08 	 52,51 	 3 762,25 	 758,67 	 172,02 	 333,34 	 647,39 	 75,26 	 3 143,49 	 1 286,79 	 427,87 	 3 921,71 	 87,67 	 282,66 	 1 700,90 	 167,43 	 197,94 	 15,94 
24.06.2005	 1 662,47 	 1 327,98 	 348,67 	 2 149,00 	 2 597,17 	 32,63 	 15,82 	 1 737,20 	 7 357,95 	 52,51 	 3 731,23 	 752,28 	 171,78 	 328,10 	 646,61 	 75,09 	 3 149,47 	 1 286,36 	 425,08 	 3 912,25 	 87,20 	 277,33 	 1 685,95 	 166,00 	 197,69 	 15,94 
25.06.2005	 1 662,04 	 1 325,36 	 348,06 	 2 149,00 	 2 592,23 	 32,47 	 15,88 	 1 744,96 	 7 357,95 	 52,51 	 3 723,79 	 750,73 	 171,58 	 325,63 	 644,08 	 74,93 	 3 146,03 	 1 283,71 	 426,49 	 3 906,77 	 86,75 	 275,76 	 1 683,11 	 165,67 	 196,69 	 15,94 
26.06.2005	 1 662,04 	 1 325,36 	 348,06 	 2 149,00 	 2 592,23 	 32,47 	 15,88 	 1 744,96 	 7 357,95 	 52,51 	 3 723,79 	 750,73 	 171,58 	 325,63 	 644,08 	 74,93 	 3 146,03 	 1 283,71 	 426,49 	 3 906,77 	 86,75 	 275,76 	 1 683,11 	 165,67 	 196,69 	 15,94 
27.06.2005	 1 662,04 	 1 325,36 	 348,06 	 2 149,00 	 2 592,23 	 32,47 	 15,88 	 1 744,96 	 7 357,95 	 52,51 	 3 723,79 	 750,73 	 171,58 	 325,63 	 644,08 	 74,93 	 3 146,03 	 1 283,71 	 426,49 	 3 906,77 	 86,75 	 275,76 	 1 683,11 	 165,67 	 196,69 	 15,94 
28.06.2005	 1 652,69 	 1 336,03 	 350,80 	 2 149,00 	 2 613,18 	 33,19 	 15,88 	 1 742,27 	 7 358,20 	 52,46 	 3 753,71 	 756,74 	 171,58 	 329,35 	 647,60 	 75,19 	 3 144,18 	 1 283,48 	 426,49 	 3 928,26 	 87,25 	 277,97 	 1 694,66 	 167,02 	 196,68 	 15,94 
29.06.2005	 1 651,72 	 1 329,50 	 349,05 	 2 149,00 	 2 600,40 	 32,86 	 15,90 	 1 741,99 	 7 358,08 	 52,46 	 3 734,79 	 753,04 	 171,41 	 326,81 	 639,53 	 75,18 	 3 155,01 	 1 280,20 	 426,49 	 3 910,21 	 86,61 	 276,70 	 1 683,51 	 166,16 	 195,73 	 15,94 
30.06.2005	 1 638,51 	 1 324,91 	 347,83 	 2 150,00 	 2 591,07 	 32,85 	 15,90 	 1 743,08 	 7 363,01 	 52,49 	 3 722,30 	 750,49 	 171,66 	 327,47 	 638,89 	 74,99 	 3 145,94 	 1 276,08 	 427,73 	 3 902,36 	 86,34 	 274,54 	 1 676,48 	 165,62 	 194,89 	 15,94 
01.07.2005	 1 635,07 	 1 326,58 	 348,16 	 2 149,00 	 2 594,17 	 33,00 	 15,92 	 1 744,53 	 7 358,08 	 52,46 	 3 726,05 	 751,32 	 171,58 	 328,05 	 641,55 	 75,07 	 3 135,69 	 1 275,67 	 426,81 	 3 858,42 	 86,36 	 275,36 	 1 675,18 	 165,82 	 194,47 	 15,94 
02.07.2005	 1 631,74 	 1 327,40 	 348,33 	 2 149,00 	 2 596,10 	 33,00 	 15,89 	 1 746,30 	 7 359,59 	 52,46 	 3 729,28 	 752,00 	 171,44 	 329,70 	 644,18 	 74,93 	 3 130,25 	 1 273,41 	 427,79 	 3 829,41 	 86,49 	 274,01 	 1 672,11 	 165,90 	 193,94 	 15,94 
03.07.2005	 1 631,74 	 1 327,40 	 348,33 	 2 149,00 	 2 596,10 	 33,00 	 15,89 	 1 746,30 	 7 359,59 	 52,46 	 3 729,28 	 752,00 	 171,44 	 329,70 	 644,18 	 74,93 	 3 130,25 	 1 273,41 	 427,79 	 3 829,41 	 86,49 	 274,01 	 1 672,11 	 165,90 	 193,94 	 15,94 
04.07.2005	 1 631,74 	 1 327,40 	 348,33 	 2 149,00 	 2 596,10 	 33,00 	 15,89 	 1 746,30 	 7 359,59 	 52,46 	 3 729,28 	 752,00 	 171,44 	 329,70 	 644,18 	 74,93 	 3 130,25 	 1 273,41 	 427,79 	 3 829,41 	 86,49 	 274,01 	 1 672,11 	 165,90 	 193,94 	 15,94 
05.07.2005	 1 613,79 	 1 310,33 	 343,88 	 2 149,00 	 2 562,79 	 32,77 	 15,83 	 1 727,49 	 7 359,59 	 52,47 	 3 681,69 	 742,29 	 171,58 	 325,19 	 638,50 	 74,62 	 3 129,44 	 1 268,41 	 426,73 	 3 786,43 	 85,62 	 270,51 	 1 655,05 	 163,80 	 192,65 	 15,94 
06.07.2005	 1 604,87 	 1 311,58 	 344,25 	 2 150,00 	 2 565,49 	 32,72 	 15,84 	 1 733,66 	 7 361,50 	 52,49 	 3 687,19 	 743,02 	 171,79 	 324,89 	 638,08 	 74,57 	 3 130,89 	 1 266,38 	 427,44 	 3 784,54 	 85,43 	 271,38 	 1 653,40 	 163,97 	 192,39 	 15,94 
07.07.2005	 1 596,48 	 1 311,02 	 344,05 	 2 150,00 	 2 564,30 	 32,71 	 15,84 	 1 730,31 	 7 361,50 	 52,49 	 3 684,35 	 742,65 	 171,86 	 323,45 	 632,20 	 74,60 	 3 104,66 	 1 267,65 	 427,14 	 3 778,95 	 85,23 	 272,79 	 1 650,04 	 163,89 	 192,42 	 15,94 
08.07.2005	 1 599,49 	 1 313,66 	 344,63 	 2 150,00 	 2 567,74 	 32,73 	 15,84 	 1 742,44 	 7 362,76 	 52,49 	 3 690,04 	 744,50 	 171,86 	 325,00 	 623,44 	 74,57 	 3 105,70 	 1 266,90 	 427,86 	 3 767,12 	 84,89 	 272,95 	 1 653,91 	 164,15 	 191,90 	 15,94 
09.07.2005	 1 587,99 	 1 309,06 	 343,46 	 2 150,00 	 2 560,54 	 32,58 	 15,89 	 1 748,96 	 7 361,50 	 52,49 	 3 678,36 	 741,43 	 172,07 	 325,00 	 626,18 	 74,56 	 3 112,86 	 1 262,85 	 428,48 	 3 736,38 	 84,66 	 271,60 	 1 649,85 	 163,60 	 191,51 	 15,94 
10.07.2005	 1 587,99 	 1 309,06 	 343,46 	 2 150,00 	 2 560,54 	 32,58 	 15,89 	 1 748,96 	 7 361,50 	 52,49 	 3 678,36 	 741,43 	 172,07 	 325,00 	 626,18 	 74,56 	 3 112,86 	 1 262,85 	 428,48 	 3 736,38 	 84,66 	 271,60 	 1 649,85 	 163,60 	 191,51 	 15,94 
11.07.2005	 1 587,99 	 1 309,06 	 343,46 	 2 150,00 	 2 560,54 	 32,58 	 15,89 	 1 748,96 	 7 361,50 	 52,49 	 3 678,36 	 741,43 	 172,07 	 325,00 	 626,18 	 74,56 	 3 112,86 	 1 262,85 	 428,48 	 3 736,38 	 84,66 	 271,60 	 1 649,85 	 163,60 	 191,51 	 15,94 
12.07.2005	 1 599,17 	 1 320,96 	 346,56 	 2 150,00 	 2 583,76 	 32,82 	 15,85 	 1 771,00 	 7 361,50 	 52,50 	 3 711,06 	 748,27 	 172,14 	 326,69 	 631,64 	 74,87 	 3 100,24 	 1 266,57 	 428,29 	 3 750,14 	 85,67 	 273,05 	 1 661,13 	 165,13 	 192,03 	 15,94 
13.07.2005	 1 618,20 	 1 339,27 	 351,28 	 2 150,00 	 2 619,67 	 33,19 	 15,84 	 1 773,42 	 7 361,63 	 52,50 	 3 763,35 	 758,67 	 172,34 	 331,75 	 637,28 	 75,19 	 3 111,63 	 1 274,79 	 428,71 	 3 798,94 	 86,38 	 277,08 	 1 683,70 	 167,41 	 193,70 	 15,94 
14.07.2005	 1 616,37 	 1 339,94 	 351,34 	 2 150,00 	 2 620,42 	 33,19 	 15,83 	 1 785,42 	 7 362,76 	 52,50 	 3 765,65 	 758,99 	 172,34 	 331,97 	 634,17 	 75,26 	 3 135,43 	 1 273,21 	 426,80 	 3 794,21 	 86,66 	 279,27 	 1 681,46 	 167,49 	 193,04 	 15,94 
15.07.2005	 1 618,41 	 1 328,84 	 348,43 	 2 150,00 	 2 599,24 	 33,05 	 15,87 	 1 784,45 	 7 361,63 	 52,50 	 3 734,91 	 752,71 	 172,21 	 328,54 	 626,27 	 75,00 	 3 135,04 	 1 271,14 	 428,97 	 3 787,87 	 85,80 	 277,56 	 1 669,06 	 166,10 	 192,00 	 15,94 
16.07.2005	 1 617,55 	 1 331,48 	 349,11 	 2 150,00 	 2 604,19 	 33,16 	 15,85 	 1 773,93 	 7 363,01 	 52,50 	 3 741,73 	 754,21 	 172,10 	 326,63 	 626,03 	 75,10 	 3 120,70 	 1 275,25 	 428,65 	 3 786,79 	 85,99 	 277,06 	 1 669,64 	 166,43 	 192,23 	 15,94 
17.07.2005	 1 617,55 	 1 331,48 	 349,11 	 2 150,00 	 2 604,19 	 33,16 	 15,85 	 1 773,93 	 7 363,01 	 52,50 	 3 741,73 	 754,21 	 172,10 	 326,63 	 626,03 	 75,10 	 3 120,70 	 1 275,25 	 428,65 	 3 786,79 	 85,99 	 277,06 	 1 669,64 	 166,43 	 192,23 	 15,94 
18.07.2005	 1 617,55 	 1 331,48 	 349,11 	 2 150,00 	 2 604,19 	 33,16 	 15,85 	 1 773,93 	 7 363,01 	 52,50 	 3 741,73 	 754,21 	 172,10 	 326,63 	 626,03 	 75,10 	 3 120,70 	 1 275,25 	 428,65 	 3 786,79 	 85,99 	 277,06 	 1 669,64 	 166,43 	 192,23 	 15,94 
19.07.2005	 1 611,10 	 1 326,96 	 347,90 	 2 150,00 	 2 595,48 	 32,94 	 15,81 	 1 759,55 	 7 361,63 	 52,50 	 3 729,73 	 751,70 	 171,93 	 326,93 	 630,63 	 74,98 	 3 123,54 	 1 272,72 	 429,01 	 3 757,56 	 86,07 	 276,51 	 1 663,31 	 165,90 	 191,58 	 15,94 
20.07.2005	 1 613,15 	 1 318,29 	 345,53 	 2 150,00 	 2 578,39 	 32,89 	 15,79 	 1 761,79 	 7 361,50 	 52,50 	 3 705,30 	 746,79 	 171,79 	 321,37 	 627,11 	 74,85 	 3 115,93 	 1 272,00 	 428,69 	 3 743,36 	 85,54 	 273,76 	 1 649,34 	 164,80 	 190,87 	 15,94 
21.07.2005	 1 617,77 	 1 327,28 	 347,85 	 2 150,00 	 2 596,02 	 33,04 	 15,83 	 1 767,58 	 7 361,63 	 52,50 	 3 730,37 	 751,88 	 171,52 	 325,56 	 627,57 	 74,98 	 3 105,55 	 1 272,49 	 428,88 	 3 727,46 	 85,80 	 275,64 	 1 659,98 	 165,91 	 190,31 	 15,94 
22.07.2005	 1 636,37 	 1 338,27 	 350,70 	 2 150,00 	 2 617,52 	 33,29 	 15,83 	 1 766,64 	 7 361,50 	 52,50 	 3 761,04 	 758,08 	 171,59 	 328,18 	 633,04 	 75,17 	 3 114,62 	 1 279,08 	 428,50 	 3 763,47 	 86,72 	 276,44 	 1 674,98 	 167,30 	 191,24 	 15,94 
23.07.2005	 1 649,68 	 1 337,94 	 350,78 	 2 149,00 	 2 616,94 	 33,36 	 15,83 	 1 768,72 	 7 359,34 	 52,47 	 3 759,29 	 757,97 	 171,51 	 328,45 	 636,78 	 75,19 	 3 122,82 	 1 293,02 	 429,33 	 3 769,02 	 86,63 	 276,30 	 1 674,33 	 167,26 	 193,77 	 15,94 
24.07.2005	 1 649,68 	 1 337,94 	 350,78 	 2 149,00 	 2 616,94 	 33,36 	 15,83 	 1 768,72 	 7 359,34 	 52,47 	 3 759,29 	 757,97 	 171,51 	 328,45 	 636,78 	 75,19 	 3 122,82 	 1 293,02 	 429,33 	 3 769,02 	 86,63 	 276,30 	 1 674,33 	 167,26 	 193,77 	 15,94 
25.07.2005	 1 649,68 	 1 337,94 	 350,78 	 2 149,00 	 2 616,94 	 33,36 	 15,83 	 1 768,72 	 7 359,34 	 52,47 	 3 759,29 	 757,97 	 171,51 	 328,45 	 636,78 	 75,19 	 3 122,82 	 1 293,02 	 429,33 	 3 769,02 	 86,63 	 276,30 	 1 674,33 	 167,26 	 193,77 	 15,94 
26.07.2005	 1 636,68 	 1 326,22 	 347,64 	 2 149,00 	 2 593,52 	 33,11 	 15,82 	 1 765,67 	 7 358,08 	 52,47 	 3 726,70 	 751,24 	 171,51 	 327,13 	 630,95 	 74,90 	 3 127,93 	 1 292,01 	 428,90 	 3 735,50 	 85,82 	 275,08 	 1 659,59 	 165,78 	 192,41 	 15,94 
27.07.2005	 1 631,84 	 1 319,90 	 346,07 	 2 149,00 	 2 581,81 	 33,18 	 15,83 	 1 760,47 	 7 358,20 	 52,46 	 3 707,73 	 747,79 	 171,44 	 327,03 	 627,34 	 74,91 	 3 116,03 	 1 289,18 	 428,84 	 3 734,85 	 85,36 	 274,14 	 1 654,29 	 165,02 	 191,61 	 15,94 
28.07.2005	 1 619,70 	 1 318,73 	 345,65 	 2 149,00 	 2 578,48 	 33,15 	 15,82 	 1 743,89 	 7 357,95 	 52,46 	 3 704,85 	 747,05 	 171,30 	 326,10 	 626,86 	 74,80 	 3 109,80 	 1 287,87 	 428,60 	 3 734,85 	 85,24 	 273,11 	 1 650,73 	 164,84 	 190,90 	 15,94 
29.07.2005	 1 622,28 	 1 324,21 	 347,10 	 2 148,00 	 2 590,17 	 33,23 	 15,82 	 1 739,41 	 7 356,16 	 52,43 	 3 720,45 	 750,05 	 171,16 	 327,13 	 633,75 	 74,89 	 3 104,59 	 1 288,16 	 428,32 	 3 745,36 	 85,90 	 275,62 	 1 655,56 	 165,51 	 190,48 	 15,93 
30.07.2005	 1 632,37 	 1 328,26 	 348,25 	 2 148,00 	 2 598,01 	 33,12 	 15,80 	 1 746,84 	 7 354,53 	 52,43 	 3 732,08 	 752,39 	 170,95 	 328,96 	 637,14 	 75,02 	 3 114,84 	 1 293,63 	 428,79 	 3 766,41 	 86,12 	 276,58 	 1 664,60 	 166,09 	 191,28 	 15,93 
31.07.2005	 1 632,37 	 1 328,26 	 348,25 	 2 148,00 	 2 598,01 	 33,12 	 15,80 	 1 746,84 	 7 354,53 	 52,43 	 3 732,08 	 752,39 	 170,95 	 328,96 	 637,14 	 75,02 	 3 114,84 	 1 293,63 	 428,79 	 3 766,41 	 86,12 	 276,58 	 1 664,60 	 166,09 	 191,28 	 15,93 
01.08.2005	 1 632,37 	 1 328,26 	 348,25 	 2 148,00 	 2 598,01 	 33,12 	 15,80 	 1 746,84 	 7 354,53 	 52,43 	 3 732,08 	 752,39 	 170,95 	 328,96 	 637,14 	 75,02 	 3 114,84 	 1 293,63 	 428,79 	 3 766,41 	 86,12 	 276,58 	 1 664,60 	 166,09 	 191,28 	 15,93 
02.08.2005	 1 634,09 	 1 340,66 	 351,48 	 2 148,00 	 2 622,28 	 33,35 	 15,81 	 1 762,24 	 7 354,65 	 52,45 	 3 768,09 	 759,29 	 170,95 	 333,87 	 645,37 	 75,12 	 3 118,60 	 1 294,56 	 428,52 	 3 795,95 	 86,96 	 278,85 	 1 680,75 	 167,59 	 191,85 	 15,93 
03.08.2005	 1 643,13 	 1 343,33 	 352,19 	 2 149,00 	 2 627,47 	 33,41 	 15,81 	 1 771,42 	 7 359,34 	 52,48 	 3 774,48 	 760,92 	 171,30 	 334,81 	 647,70 	 75,19 	 3 137,02 	 1 298,14 	 428,92 	 3 808,89 	 87,46 	 280,42 	 1 687,54 	 167,92 	 192,98 	 15,94 
04.08.2005	 1 646,24 	 1 345,48 	 352,61 	 2 149,00 	 2 631,45 	 33,70 	 15,83 	 1 771,71 	 7 360,09 	 52,48 	 3 781,12 	 762,08 	 171,37 	 335,03 	 645,26 	 75,13 	 3 138,42 	 1 299,98 	 428,91 	 3 812,43 	 87,78 	 280,64 	 1 690,53 	 168,11 	 192,61 	 15,94 
05.08.2005	 1 657,20 	 1 352,98 	 354,64 	 2 149,00 	 2 645,96 	 33,75 	 15,87 	 1 770,47 	 7 359,59 	 52,48 	 3 802,53 	 766,35 	 171,37 	 336,68 	 649,76 	 75,44 	 3 148,18 	 1 300,97 	 428,91 	 3 812,76 	 88,79 	 282,57 	 1 699,08 	 169,16 	 193,19 	 15,94 
06.08.2005	 1 655,70 	 1 360,64 	 356,67 	 2 149,00 	 2 661,21 	 33,83 	 15,85 	 1 769,53 	 7 359,59 	 52,48 	 3 823,50 	 770,69 	 171,44 	 338,29 	 653,52 	 75,62 	 3 149,90 	 1 301,28 	 426,81 	 3 824,58 	 89,00 	 284,98 	 1 707,25 	 170,07 	 192,90 	 15,94 
07.08.2005	 1 655,70 	 1 360,64 	 356,67 	 2 149,00 	 2 661,21 	 33,83 	 15,85 	 1 769,53 	 7 359,59 	 52,48 	 3 823,50 	 770,69 	 171,44 	 338,29 	 653,52 	 75,62 	 3 149,90 	 1 301,28 	 426,81 	 3 824,58 	 89,00 	 284,98 	 1 707,25 	 170,07 	 192,90 	 15,94 
08.08.2005	 1 655,70 	 1 360,64 	 356,67 	 2 149,00 	 2 661,21 	 33,83 	 15,85 	 1 769,53 	 7 359,59 	 52,48 	 3 823,50 	 770,69 	 171,44 	 338,29 	 653,52 	 75,62 	 3 149,90 	 1 301,28 	 426,81 	 3 824,58 	 89,00 	 284,98 	 1 707,25 	 170,07 	 192,90 	 15,94 
09.08.2005	 1 646,99 	 1 358,28 	 356,04 	 2 149,00 	 2 656,38 	 33,78 	 15,82 	 1 768,00 	 7 358,20 	 52,48 	 3 816,71 	 769,40 	 171,44 	 335,12 	 654,52 	 75,57 	 3 151,79 	 1 299,35 	 430,45 	 3 820,38 	 89,99 	 284,73 	 1 702,25 	 169,79 	 191,55 	 15,94 
10.08.2005	 1 642,82 	 1 360,50 	 356,59 	 2 150,00 	 2 660,73 	 33,64 	 15,86 	 1 770,06 	 7 362,13 	 52,50 	 3 822,56 	 770,69 	 171,73 	 336,46 	 657,28 	 75,76 	 3 156,24 	 1 300,55 	 432,16 	 3 837,53 	 90,12 	 284,84 	 1 709,67 	 170,04 	 192,02 	 15,94 
11.08.2005	 1 642,28 	 1 361,36 	 356,84 	 2 150,00 	 2 662,67 	 33,62 	 15,86 	 1 768,53 	 7 361,00 	 52,50 	 3 825,96 	 771,19 	 171,73 	 336,36 	 660,52 	 75,72 	 3 152,54 	 1 304,26 	 431,94 	 3 849,15 	 90,44 	 284,80 	 1 710,56 	 170,18 	 193,47 	 15,94 
12.08.2005	 1 656,14 	 1 364,99 	 357,73 	 2 150,00 	 2 669,33 	 33,53 	 15,89 	 1 778,70 	 7 361,25 	 52,50 	 3 836,20 	 772,99 	 172,07 	 338,00 	 662,20 	 75,76 	 3 161,17 	 1 304,41 	 430,22 	 3 874,73 	 91,01 	 285,82 	 1 717,60 	 170,62 	 195,18 	 15,94 
13.08.2005	 1 664,96 	 1 371,30 	 359,44 	 2 150,00 	 2 681,80 	 33,80 	 15,91 	 1 790,77 	 7 361,63 	 52,50 	 3 852,70 	 776,73 	 172,21 	 339,88 	 666,25 	 75,94 	 3 168,20 	 1 303,78 	 432,16 	 3 901,28 	 91,22 	 288,38 	 1 726,91 	 171,41 	 196,19 	 15,94 
14.08.2005	 1 664,96 	 1 371,30 	 359,44 	 2 150,00 	 2 681,80 	 33,80 	 15,91 	 1 790,77 	 7 361,63 	 52,50 	 3 852,70 	 776,73 	 172,21 	 339,88 	 666,25 	 75,94 	 3 168,20 	 1 303,78 	 432,16 	 3 901,28 	 91,22 	 288,38 	 1 726,91 	 171,41 	 196,19 	 15,94 
15.08.2005	 1 664,96 	 1 371,30 	 359,44 	 2 150,00 	 2 681,80 	 33,80 	 15,91 	 1 790,77 	 7 361,63 	 52,50 	 3 852,70 	 776,73 	 172,21 	 339,88 	 666,25 	 75,94 	 3 168,20 	 1 303,78 	 432,16 	 3 901,28 	 91,22 	 288,38 	 1 726,91 	 171,41 	 196,19 	 15,94 
16.08.2005	 1 661,31 	 1 362,27 	 357,07 	 2 150,00 	 2 664,50 	 33,75 	 15,91 	 1 796,46 	 7 361,25 	 52,50 	 3 828,01 	 771,69 	 172,41 	 335,39 	 654,75 	 75,75 	 3 178,93 	 1 298,90 	 432,60 	 3 899,67 	 90,46 	 286,40 	 1 717,87 	 170,29 	 196,34 	 15,94 
17.08.2005	 1 652,28 	 1 359,13 	 356,28 	 2 150,00 	 2 658,05 	 33,75 	 15,88 	 1 789,95 	 7 363,01 	 52,50 	 3 819,17 	 769,92 	 172,21 	 333,36 	 657,39 	 75,66 	 3 168,20 	 1 297,88 	 432,51 	 3 898,59 	 90,61 	 285,89 	 1 713,08 	 169,88 	 197,10 	 15,94 
18.08.2005	 1 641,96 	 1 351,65 	 354,46 	 2 150,00 	 2 643,86 	 33,53 	 15,87 	 1 790,40 	 7 361,88 	 52,50 	 3 797,92 	 765,60 	 172,34 	 333,44 	 657,05 	 75,51 	 3 164,13 	 1 294,48 	 432,20 	 3 888,92 	 89,97 	 282,83 	 1 705,20 	 168,99 	 195,73 	 15,94 
19.08.2005	 1 632,28 	 1 348,51 	 353,72 	 2 150,00 	 2 637,30 	 33,58 	 15,85 	 1 774,07 	 7 360,24 	 52,50 	 3 788,88 	 763,82 	 172,28 	 332,24 	 657,25 	 75,46 	 3 161,64 	 1 294,36 	 429,89 	 3 883,55 	 89,83 	 282,60 	 1 706,01 	 168,56 	 195,24 	 15,94 
20.08.2005	 1 612,82 	 1 333,83 	 349,87 	 2 150,00 	 2 608,70 	 33,44 	 15,89 	 1 760,56 	 7 361,50 	 52,50 	 3 748,58 	 755,49 	 172,34 	 327,73 	 649,38 	 75,17 	 3 150,42 	 1 287,27 	 430,90 	 3 847,53 	 88,81 	 279,39 	 1 685,94 	 166,72 	 194,06 	 15,94 
21.08.2005	 1 612,82 	 1 333,83 	 349,87 	 2 150,00 	 2 608,70 	 33,44 	 15,89 	 1 760,56 	 7 361,50 	 52,50 	 3 748,58 	 755,49 	 172,34 	 327,73 	 649,38 	 75,17 	 3 150,42 	 1 287,27 	 430,90 	 3 847,53 	 88,81 	 279,39 	 1 685,94 	 166,72 	 194,06 	 15,94 
22.08.2005	 1 612,82 	 1 333,83 	 349,87 	 2 150,00 	 2 608,70 	 33,44 	 15,89 	 1 760,56 	 7 361,50 	 52,50 	 3 748,58 	 755,49 	 172,34 	 327,73 	 649,38 	 75,17 	 3 150,42 	 1 287,27 	 430,90 	 3 847,53 	 88,81 	 279,39 	 1 685,94 	 166,72 	 194,06 	 15,94 
23.08.2005	 1 622,28 	 1 339,15 	 351,36 	 2 150,00 	 2 619,35 	 33,61 	 15,88 	 1 775,10 	 7 361,50 	 52,50 	 3 763,68 	 758,51 	 172,24 	 328,39 	 649,66 	 75,21 	 3 144,72 	 1 288,62 	 430,86 	 3 866,45 	 89,17 	 279,80 	 1 688,00 	 167,37 	 195,67 	 15,94 
24.08.2005	 1 624,32 	 1 344,80 	 352,69 	 2 150,00 	 2 630,20 	 33,78 	 15,87 	 1 787,79 	 7 361,88 	 52,50 	 3 778,89 	 761,78 	 172,14 	 328,35 	 654,77 	 75,31 	 3 153,17 	 1 288,58 	 431,94 	 3 866,35 	 89,03 	 280,51 	 1 692,25 	 168,09 	 195,53 	 15,94 
25.08.2005	 1 618,63 	 1 339,52 	 351,22 	 2 150,00 	 2 619,88 	 33,62 	 15,87 	 1 791,97 	 7 361,50 	 52,50 	 3 764,34 	 758,79 	 171,73 	 329,30 	 653,78 	 75,22 	 3 151,10 	 1 283,43 	 433,03 	 3 854,30 	 88,51 	 280,83 	 1 684,89 	 167,41 	 194,30 	 15,94 
26.08.2005	 1 633,68 	 1 351,05 	 354,30 	 2 150,00 	 2 642,46 	 33,75 	 15,90 	 1 806,57 	 7 362,76 	 52,50 	 3 795,23 	 765,27 	 171,66 	 332,95 	 653,24 	 75,55 	 3 147,04 	 1 285,85 	 431,64 	 3 878,71 	 88,87 	 283,08 	 1 705,81 	 168,85 	 195,39 	 15,94 
27.08.2005	 1 632,82 	 1 355,40 	 355,45 	 2 150,00 	 2 650,74 	 33,95 	 15,89 	 1 800,59 	 7 361,50 	 52,50 	 3 809,02 	 767,60 	 171,59 	 333,87 	 653,17 	 75,57 	 3 158,82 	 1 287,23 	 433,25 	 3 885,48 	 89,32 	 283,97 	 1 714,31 	 169,43 	 196,39 	 15,94 
28.08.2005	 1 632,82 	 1 355,40 	 355,45 	 2 150,00 	 2 650,74 	 33,95 	 15,89 	 1 800,59 	 7 361,50 	 52,50 	 3 809,02 	 767,60 	 171,59 	 333,87 	 653,17 	 75,57 	 3 158,82 	 1 287,23 	 433,25 	 3 885,48 	 89,32 	 283,97 	 1 714,31 	 169,43 	 196,39 	 15,94 
29.08.2005	 1 632,82 	 1 355,40 	 355,45 	 2 150,00 	 2 650,74 	 33,95 	 15,89 	 1 800,59 	 7 361,50 	 52,50 	 3 809,02 	 767,60 	 171,59 	 333,87 	 653,17 	 75,57 	 3 158,82 	 1 287,23 	 433,25 	 3 885,48 	 89,32 	 283,97 	 1 714,31 	 169,43 	 196,39 	 15,94 
30.08.2005	 1 623,79 	 1 353,99 	 355,01 	 2 150,00 	 2 648,26 	 34,09 	 15,89 	 1 802,71 	 7 362,51 	 52,50 	 3 804,30 	 766,98 	 171,73 	 334,88 	 651,59 	 75,61 	 3 160,54 	 1 282,78 	 432,29 	 3 882,15 	 89,37 	 284,03 	 1 713,56 	 169,26 	 194,91 	 15,94 
31.08.2005	 1 611,31 	 1 343,62 	 352,41 	 2 151,00 	 2 628,31 	 33,89 	 15,90 	 1 795,94 	 7 364,93 	 52,51 	 3 776,00 	 761,21 	 171,87 	 331,78 	 648,26 	 75,35 	 3 153,15 	 1 277,73 	 431,28 	 3 853,09 	 88,97 	 281,43 	 1 696,04 	 168,01 	 193,50 	 15,95 
01.09.2005	 1 608,20 	 1 343,20 	 352,28 	 2 151,00 	 2 627,02 	 33,96 	 15,90 	 1 803,55 	 7 364,17 	 52,51 	 3 774,68 	 760,93 	 171,87 	 333,31 	 649,06 	 75,32 	 3 140,61 	 1 274,97 	 431,01 	 3 840,29 	 88,80 	 280,81 	 1 695,10 	 167,92 	 193,04 	 15,95 
02.09.2005	 1 624,97 	 1 357,95 	 356,09 	 2 151,00 	 2 655,95 	 34,41 	 15,90 	 1 810,15 	 7 366,44 	 52,51 	 3 816,20 	 769,30 	 172,01 	 338,12 	 667,16 	 75,57 	 3 140,12 	 1 279,44 	 432,36 	 3 881,37 	 90,39 	 284,64 	 1 716,47 	 169,75 	 194,23 	 15,95 
03.09.2005	 1 647,45 	 1 380,17 	 362,00 	 2 151,00 	 2 699,40 	 35,12 	 15,93 	 1 818,95 	 7 366,44 	 52,51 	 3 878,82 	 781,81 	 172,29 	 346,61 	 678,78 	 76,00 	 3 168,77 	 1 285,29 	 431,84 	 3 956,01 	 92,03 	 290,31 	 1 750,84 	 172,53 	 196,59 	 15,95 
04.09.2005	 1 647,45 	 1 380,17 	 362,00 	 2 151,00 	 2 699,40 	 35,12 	 15,93 	 1 818,95 	 7 366,44 	 52,51 	 3 878,82 	 781,81 	 172,29 	 346,61 	 678,78 	 76,00 	 3 168,77 	 1 285,29 	 431,84 	 3 956,01 	 92,03 	 290,31 	 1 750,84 	 172,53 	 196,59 	 15,95 
05.09.2005	 1 647,45 	 1 380,17 	 362,00 	 2 151,00 	 2 699,40 	 35,12 	 15,93 	 1 818,95 	 7 366,44 	 52,51 	 3 878,82 	 781,81 	 172,29 	 346,61 	 678,78 	 76,00 	 3 168,77 	 1 285,29 	 431,84 	 3 956,01 	 92,03 	 290,31 	 1 750,84 	 172,53 	 196,59 	 15,95 
06.09.2005	 1 650,57 	 1 387,61 	 361,65 	 2 151,00 	 2 696,60 	 35,11 	 15,95 	 1 814,12 	 7 364,67 	 52,51 	 3 873,58 	 780,93 	 172,42 	 345,51 	 682,90 	 76,28 	 3 192,45 	 1 284,60 	 431,71 	 3 973,33 	 92,78 	 290,41 	 1 749,21 	 172,35 	 197,10 	 15,95 
07.09.2005	 1 648,32 	 1 370,74 	 359,55 	 2 152,00 	 2 680,85 	 34,92 	 16,01 	 1 806,81 	 7 369,61 	 52,55 	 3 850,76 	 776,43 	 172,64 	 342,34 	 677,65 	 76,28 	 3 193,93 	 1 284,16 	 430,40 	 3 958,07 	 92,04 	 287,83 	 1 736,81 	 171,35 	 196,26 	 15,96 
08.09.2005	 1 655,43 	 1 375,39 	 360,83 	 2 152,00 	 2 690,54 	 34,77 	 16,03 	 1 812,29 	 7 369,11 	 52,55 	 3 864,60 	 779,33 	 172,57 	 344,56 	 689,01 	 76,31 	 3 187,97 	 1 284,66 	 431,35 	 3 967,32 	 92,63 	 289,04 	 1 742,86 	 171,98 	 196,04 	 15,96 
09.09.2005	 1 656,82 	 1 368,83 	 359,00 	 2 152,00 	 2 676,98 	 34,60 	 16,03 	 1 817,41 	 7 369,86 	 52,55 	 3 845,60 	 775,44 	 172,68 	 344,62 	 680,73 	 76,16 	 3 184,62 	 1 282,33 	 430,98 	 3 955,81 	 91,84 	 287,07 	 1 735,13 	 171,12 	 194,99 	 15,96 
10.09.2005	 1 661,13 	 1 366,52 	 358,46 	 2 152,00 	 2 673,00 	 34,24 	 16,08 	 1 823,88 	 7 368,60 	 52,55 	 3 839,77 	 774,13 	 172,30 	 343,27 	 675,35 	 76,17 	 3 176,12 	 1 282,33 	 428,60 	 3 951,50 	 91,26 	 286,31 	 1 733,32 	 170,83 	 194,62 	 15,96 
11.09.2005	 1 661,13 	 1 366,52 	 358,46 	 2 152,00 	 2 673,00 	 34,24 	 16,08 	 1 823,88 	 7 368,60 	 52,55 	 3 839,77 	 774,13 	 172,30 	 343,27 	 675,35 	 76,17 	 3 176,12 	 1 282,33 	 428,60 	 3 951,50 	 91,26 	 286,31 	 1 733,32 	 170,83 	 194,62 	 15,96 
12.09.2005	 1 661,13 	 1 366,52 	 358,46 	 2 152,00 	 2 673,00 	 34,24 	 16,08 	 1 823,88 	 7 368,60 	 52,55 	 3 839,77 	 774,13 	 172,30 	 343,27 	 675,35 	 76,17 	 3 176,12 	 1 282,33 	 428,60 	 3 951,50 	 91,26 	 286,31 	 1 733,32 	 170,83 	 194,62 	 15,96 
13.09.2005	 1 660,38 	 1 356,27 	 355,84 	 2 152,00 	 2 652,99 	 34,24 	 16,06 	 1 818,03 	 7 369,86 	 52,57 	 3 810,54 	 768,28 	 172,23 	 340,61 	 674,54 	 75,89 	 3 174,57 	 1 284,39 	 428,26 	 3 932,13 	 90,83 	 285,14 	 1 718,23 	 169,54 	 196,03 	 15,96 
14.09.2005	 1 657,35 	 1 353,64 	 355,10 	 2 151,00 	 2 647,34 	 34,35 	 16,05 	 1 817,64 	 7 364,93 	 52,55 	 3 804,05 	 766,78 	 172,08 	 339,43 	 674,34 	 75,78 	 3 165,73 	 1 281,08 	 429,51 	 3 920,95 	 90,73 	 284,86 	 1 711,97 	 169,21 	 194,70 	 15,95 
15.09.2005	 1 657,13 	 1 351,98 	 354,63 	 2 151,00 	 2 644,12 	 34,59 	 16,04 	 1 823,50 	 7 366,19 	 52,55 	 3 799,35 	 765,86 	 171,74 	 337,70 	 671,04 	 75,96 	 3 158,98 	 1 281,12 	 429,60 	 3 925,57 	 89,95 	 283,02 	 1 709,31 	 169,00 	 194,85 	 15,95 
16.09.2005	 1 653,37 	 1 343,91 	 352,58 	 2 151,00 	 2 628,52 	 34,51 	 16,05 	 1 817,64 	 7 365,30 	 52,55 	 3 777,33 	 761,32 	 171,60 	 337,92 	 673,42 	 75,82 	 3 162,12 	 1 282,04 	 429,81 	 3 907,72 	 89,79 	 281,45 	 1 701,20 	 168,01 	 194,80 	 15,95 
17.09.2005	 1 654,01 	 1 349,48 	 353,99 	 2 151,00 	 2 639,38 	 34,74 	 16,05 	 1 818,49 	 7 365,56 	 52,55 	 3 791,64 	 764,47 	 171,39 	 339,04 	 677,26 	 76,00 	 3 153,56 	 1 281,23 	 430,05 	 3 895,46 	 90,53 	 282,61 	 1 702,01 	 168,70 	 194,28 	 15,95 
18.09.2005	 1 654,01 	 1 349,48 	 353,99 	 2 151,00 	 2 639,38 	 34,74 	 16,05 	 1 818,49 	 7 365,56 	 52,55 	 3 791,64 	 764,47 	 171,39 	 339,04 	 677,26 	 76,00 	 3 153,56 	 1 281,23 	 430,05 	 3 895,46 	 90,53 	 282,61 	 1 702,01 	 168,70 	 194,28 	 15,95 
19.09.2005	 1 654,01 	 1 349,48 	 353,99 	 2 151,00 	 2 639,38 	 34,74 	 16,05 	 1 818,49 	 7 365,56 	 52,55 	 3 791,64 	 764,47 	 171,39 	 339,04 	 677,26 	 76,00 	 3 153,56 	 1 281,23 	 430,05 	 3 895,46 	 90,53 	 282,61 	 1 702,01 	 168,70 	 194,28 	 15,95 
20.09.2005	 1 640,45 	 1 333,17 	 349,59 	 2 150,00 	 2 607,41 	 34,56 	 16,02 	 1 819,49 	 7 361,88 	 52,63 	 3 745,97 	 755,04 	 171,31 	 334,20 	 669,91 	 75,55 	 3 153,17 	 1 277,67 	 429,87 	 3 870,54 	 89,20 	 279,38 	 1 682,12 	 166,64 	 192,72 	 15,94 
21.09.2005	 1 655,39 	 1 335,65 	 350,25 	 2 150,00 	 2 612,79 	 34,67 	 16,05 	 1 839,73 	 7 362,76 	 52,63 	 3 753,82 	 756,62 	 171,11 	 336,19 	 672,93 	 75,69 	 3 139,02 	 1 279,72 	 428,41 	 3 882,25 	 88,68 	 279,76 	 1 682,78 	 166,97 	 193,19 	 15,94 
22.09.2005	 1 656,25 	 1 342,03 	 351,88 	 2 150,00 	 2 624,72 	 35,02 	 16,05 	 1 838,86 	 7 362,76 	 52,63 	 3 770,28 	 760,20 	 171,11 	 336,71 	 671,85 	 75,75 	 3 141,99 	 1 279,00 	 429,42 	 3 883,11 	 89,23 	 281,14 	 1 692,25 	 167,74 	 192,84 	 15,94 
23.09.2005	 1 654,00 	 1 343,67 	 352,29 	 2 150,00 	 2 628,27 	 35,00 	 16,06 	 1 847,08 	 7 361,75 	 52,63 	 3 776,24 	 761,25 	 171,14 	 337,95 	 672,80 	 75,81 	 3 147,90 	 1 279,91 	 428,59 	 3 891,39 	 89,10 	 280,81 	 1 692,11 	 167,99 	 193,44 	 15,94 
24.09.2005	 1 632,50 	 1 333,71 	 349,59 	 2 150,00 	 2 609,13 	 34,81 	 16,03 	 1 833,61 	 7 361,63 	 52,63 	 3 747,93 	 755,42 	 170,91 	 334,96 	 666,89 	 75,62 	 3 146,95 	 1 277,18 	 428,43 	 3 841,41 	 88,25 	 278,50 	 1 676,87 	 166,70 	 192,58 	 15,94 
25.09.2005	 1 632,50 	 1 333,71 	 349,59 	 2 150,00 	 2 609,13 	 34,81 	 16,03 	 1 833,61 	 7 361,63 	 52,63 	 3 747,93 	 755,42 	 170,91 	 334,96 	 666,89 	 75,62 	 3 146,95 	 1 277,18 	 428,43 	 3 841,41 	 88,25 	 278,50 	 1 676,87 	 166,70 	 192,58 	 15,94 
26.09.2005	 1 632,50 	 1 333,71 	 349,59 	 2 150,00 	 2 609,13 	 34,81 	 16,03 	 1 833,61 	 7 361,63 	 52,63 	 3 747,93 	 755,42 	 170,91 	 334,96 	 666,89 	 75,62 	 3 146,95 	 1 277,18 	 428,43 	 3 841,41 	 88,25 	 278,50 	 1 676,87 	 166,70 	 192,58 	 15,94 
27.09.2005	 1 629,38 	 1 324,42 	 347,16 	 2 150,00 	 2 590,32 	 34,54 	 16,03 	 1 831,97 	 7 362,26 	 52,63 	 3 721,33 	 750,23 	 170,63 	 330,86 	 661,44 	 75,32 	 3 132,51 	 1 273,28 	 428,33 	 3 814,85 	 87,65 	 276,40 	 1 665,05 	 165,56 	 191,19 	 15,94 
28.09.2005	 1 622,50 	 1 321,04 	 346,20 	 2 150,00 	 2 583,55 	 34,21 	 16,04 	 1 834,24 	 7 362,76 	 52,63 	 3 711,70 	 748,16 	 170,30 	 330,14 	 660,13 	 75,26 	 3 119,74 	 1 271,78 	 427,99 	 3 801,41 	 87,66 	 275,23 	 1 659,65 	 165,10 	 190,37 	 15,94 
29.09.2005	 1 630,88 	 1 323,00 	 346,79 	 2 150,00 	 2 587,63 	 34,16 	 16,06 	 1 825,67 	 7 363,01 	 52,63 	 3 717,79 	 749,43 	 170,09 	 330,96 	 661,97 	 75,34 	 3 113,59 	 1 271,10 	 428,29 	 3 806,90 	 88,05 	 275,60 	 1 663,51 	 165,38 	 190,33 	 15,94 
30.09.2005	 1 635,18 	 1 325,16 	 347,30 	 2 150,00 	 2 591,83 	 33,95 	 16,07 	 1 834,16 	 7 362,76 	 52,63 	 3 723,27 	 750,55 	 170,16 	 331,65 	 664,20 	 75,44 	 3 115,16 	 1 272,34 	 427,44 	 3 792,28 	 87,64 	 276,39 	 1 663,38 	 165,63 	 190,18 	 15,94 
01.10.2005	 1 633,78 	 1 321,49 	 346,41 	 2 150,00 	 2 584,73 	 34,75 	 16,08 	 1 841,31 	 7 360,74 	 52,63 	 3 713,62 	 748,59 	 170,70 	 328,32 	 660,43 	 75,35 	 3 118,75 	 1 271,32 	 425,74 	 3 781,31 	 87,57 	 277,38 	 1 661,58 	 165,20 	 189,79 	 15,94 
02.10.2005	 1 633,78 	 1 321,49 	 346,41 	 2 150,00 	 2 584,73 	 34,75 	 16,08 	 1 841,31 	 7 360,74 	 52,63 	 3 713,62 	 748,59 	 170,70 	 328,32 	 660,43 	 75,35 	 3 118,75 	 1 271,32 	 425,74 	 3 781,31 	 87,57 	 277,38 	 1 661,58 	 165,20 	 189,79 	 15,94 
03.10.2005	 1 633,78 	 1 321,49 	 346,41 	 2 150,00 	 2 584,73 	 34,75 	 16,08 	 1 841,31 	 7 360,74 	 52,63 	 3 713,62 	 748,59 	 170,70 	 328,32 	 660,43 	 75,35 	 3 118,75 	 1 271,32 	 425,74 	 3 781,31 	 87,57 	 277,38 	 1 661,58 	 165,20 	 189,79 	 15,94 
04.10.2005	 1 636,90 	 1 312,18 	 343,93 	 2 150,00 	 2 566,78 	 35,02 	 16,09 	 1 844,15 	 7 361,88 	 52,63 	 3 686,87 	 743,38 	 170,84 	 325,75 	 655,27 	 75,14 	 3 116,34 	 1 268,59 	 425,43 	 3 772,39 	 86,94 	 275,99 	 1 650,74 	 164,03 	 188,56 	 15,94 
05.10.2005	 1 641,42 	 1 310,50 	 343,47 	 2 150,00 	 2 563,23 	 34,77 	 16,09 	 1 841,54 	 7 361,88 	 52,63 	 3 681,82 	 742,40 	 170,97 	 325,33 	 651,37 	 75,06 	 3 100,11 	 1 268,92 	 423,85 	 3 774,86 	 86,57 	 275,08 	 1 652,51 	 163,83 	 188,14 	 15,94 
06.10.2005	 1 633,03 	 1 314,22 	 344,49 	 2 150,00 	 2 570,86 	 35,02 	 16,10 	 1 835,18 	 7 361,50 	 52,63 	 3 691,62 	 744,56 	 170,97 	 325,86 	 654,49 	 75,13 	 3 099,42 	 1 270,87 	 424,38 	 3 794,96 	 86,84 	 276,31 	 1 657,35 	 164,31 	 188,94 	 15,94 
07.10.2005	 1 634,11 	 1 325,89 	 347,52 	 2 150,00 	 2 593,11 	 34,94 	 16,10 	 1 823,81 	 7 362,76 	 52,63 	 3 723,27 	 751,09 	 170,70 	 329,00 	 660,36 	 75,38 	 3 105,78 	 1 275,85 	 423,10 	 3 809,69 	 87,29 	 279,09 	 1 677,39 	 165,74 	 188,98 	 15,94 
08.10.2005	 1 630,78 	 1 336,82 	 350,40 	 2 150,00 	 2 614,72 	 35,24 	 16,09 	 1 821,42 	 7 361,63 	 52,63 	 3 750,55 	 757,27 	 170,91 	 331,00 	 664,92 	 75,55 	 3 115,63 	 1 276,23 	 424,99 	 3 808,94 	 88,04 	 280,24 	 1 687,27 	 167,11 	 189,62 	 15,94 
09.10.2005	 1 630,78 	 1 336,82 	 350,40 	 2 150,00 	 2 614,72 	 35,24 	 16,09 	 1 821,42 	 7 361,63 	 52,63 	 3 750,55 	 757,27 	 170,91 	 331,00 	 664,92 	 75,55 	 3 115,63 	 1 276,23 	 424,99 	 3 808,94 	 88,04 	 280,24 	 1 687,27 	 167,11 	 189,62 	 15,94 
10.10.2005	 1 630,78 	 1 336,82 	 350,40 	 2 150,00 	 2 614,72 	 35,24 	 16,09 	 1 821,42 	 7 361,63 	 52,63 	 3 750,55 	 757,27 	 170,91 	 331,00 	 664,92 	 75,55 	 3 115,63 	 1 276,23 	 424,99 	 3 808,94 	 88,04 	 280,24 	 1 687,27 	 167,11 	 189,62 	 15,94 
11.10.2005	 1 633,46 	 1 334,86 	 349,87 	 2 150,00 	 2 610,64 	 35,00 	 16,09 	 1 828,93 	 7 361,88 	 52,63 	 3 742,38 	 756,11 	 171,18 	 331,02 	 669,88 	 75,52 	 3 125,05 	 1 277,14 	 424,90 	 3 788,73 	 88,02 	 279,46 	 1 684,95 	 166,85 	 189,09 	 15,94 
12.10.2005	 1 628,95 	 1 322,75 	 346,72 	 2 150,00 	 2 587,20 	 34,93 	 16,07 	 1 827,30 	 7 361,12 	 52,63 	 3 712,98 	 749,16 	 171,25 	 329,73 	 669,11 	 75,29 	 3 125,05 	 1 274,26 	 426,25 	 3 759,81 	 87,60 	 277,01 	 1 670,88 	 165,35 	 188,70 	 15,94 
13.10.2005	 1 619,38 	 1 317,81 	 345,39 	 2 151,00 	 2 577,65 	 35,06 	 16,08 	 1 834,15 	 7 365,05 	 52,66 	 3 700,01 	 746,50 	 171,39 	 329,10 	 665,04 	 75,14 	 3 109,92 	 1 270,49 	 429,02 	 3 750,81 	 87,22 	 276,17 	 1 664,54 	 164,74 	 187,79 	 15,95 
14.10.2005	 1 614,86 	 1 317,93 	 345,43 	 2 151,00 	 2 577,97 	 34,97 	 16,05 	 1 833,53 	 7 365,30 	 52,66 	 3 699,37 	 746,63 	 171,33 	 330,21 	 660,31 	 75,21 	 3 103,48 	 1 269,96 	 428,93 	 3 757,37 	 86,91 	 274,80 	 1 663,89 	 164,77 	 187,45 	 15,95 
15.10.2005	 1 616,80 	 1 321,37 	 346,29 	 2 151,00 	 2 584,21 	 35,12 	 16,07 	 1 819,57 	 7 365,56 	 52,66 	 3 708,94 	 748,47 	 171,29 	 330,00 	 656,89 	 75,25 	 3 102,97 	 1 272,67 	 428,91 	 3 775,97 	 87,01 	 274,51 	 1 668,02 	 165,17 	 187,72 	 15,95 
16.10.2005	 1 616,80 	 1 321,37 	 346,29 	 2 151,00 	 2 584,21 	 35,12 	 16,07 	 1 819,57 	 7 365,56 	 52,66 	 3 708,94 	 748,47 	 171,29 	 330,00 	 656,89 	 75,25 	 3 102,97 	 1 272,67 	 428,91 	 3 775,97 	 87,01 	 274,51 	 1 668,02 	 165,17 	 187,72 	 15,95 
17.10.2005	 1 616,80 	 1 321,37 	 346,29 	 2 151,00 	 2 584,21 	 35,12 	 16,07 	 1 819,57 	 7 365,56 	 52,66 	 3 708,94 	 748,47 	 171,29 	 330,00 	 656,89 	 75,25 	 3 102,97 	 1 272,67 	 428,91 	 3 775,97 	 87,01 	 274,51 	 1 668,02 	 165,17 	 187,72 	 15,95 
18.10.2005	 1 621,10 	 1 328,11 	 348,07 	 2 151,00 	 2 597,76 	 35,33 	 16,05 	 1 820,41 	 7 363,41 	 52,66 	 3 730,81 	 752,47 	 171,26 	 332,53 	 665,42 	 75,40 	 3 103,14 	 1 273,87 	 428,91 	 3 799,10 	 87,71 	 274,35 	 1 674,26 	 166,05 	 188,30 	 15,95 
19.10.2005	 1 609,06 	 1 317,21 	 345,25 	 2 151,00 	 2 576,58 	 35,14 	 16,03 	 1 817,57 	 7 366,19 	 52,66 	 3 699,37 	 746,27 	 171,33 	 329,57 	 662,64 	 75,17 	 3 109,42 	 1 269,10 	 429,02 	 3 767,37 	 86,54 	 272,16 	 1 658,12 	 164,70 	 186,08 	 15,95 
20.10.2005	 1 603,89 	 1 309,23 	 343,12 	 2 151,00 	 2 560,66 	 35,10 	 16,06 	 1 821,49 	 7 365,05 	 52,66 	 3 679,44 	 741,89 	 170,92 	 327,33 	 658,93 	 75,02 	 3 095,38 	 1 267,72 	 428,79 	 3 760,49 	 86,09 	 270,63 	 1 649,92 	 163,67 	 185,80 	 15,95 
21.10.2005	 1 614,86 	 1 316,16 	 344,91 	 2 151,00 	 2 574,42 	 35,48 	 16,08 	 1 828,46 	 7 366,44 	 52,66 	 3 698,42 	 745,49 	 170,85 	 330,00 	 660,70 	 75,15 	 3 100,86 	 1 268,73 	 426,79 	 3 794,36 	 86,80 	 271,22 	 1 658,19 	 164,54 	 186,15 	 15,95 
22.10.2005	 1 618,73 	 1 325,03 	 347,27 	 2 150,00 	 2 591,72 	 35,73 	 16,08 	 1 828,93 	 7 361,50 	 52,63 	 3 722,94 	 750,49 	 170,16 	 332,29 	 663,59 	 75,26 	 3 100,26 	 1 270,24 	 426,38 	 3 821,63 	 87,04 	 273,28 	 1 675,30 	 165,64 	 186,69 	 15,94 
23.10.2005	 1 618,73 	 1 325,03 	 347,27 	 2 150,00 	 2 591,72 	 35,73 	 16,08 	 1 828,93 	 7 361,50 	 52,63 	 3 722,94 	 750,49 	 170,16 	 332,29 	 663,59 	 75,26 	 3 100,26 	 1 270,24 	 426,38 	 3 821,63 	 87,04 	 273,28 	 1 675,30 	 165,64 	 186,69 	 15,94 
24.10.2005	 1 618,73 	 1 325,03 	 347,27 	 2 150,00 	 2 591,72 	 35,73 	 16,08 	 1 828,93 	 7 361,50 	 52,63 	 3 722,94 	 750,49 	 170,16 	 332,29 	 663,59 	 75,26 	 3 100,26 	 1 270,24 	 426,38 	 3 821,63 	 87,04 	 273,28 	 1 675,30 	 165,64 	 186,69 	 15,94 
25.10.2005	 1 608,85 	 1 312,22 	 344,03 	 2 150,00 	 2 566,46 	 35,60 	 16,08 	 1 813,12 	 7 361,50 	 52,63 	 3 686,24 	 743,34 	 170,23 	 328,61 	 657,42 	 75,11 	 3 107,24 	 1 268,03 	 425,72 	 3 798,73 	 86,09 	 269,05 	 1 661,19 	 164,02 	 185,77 	 15,94 
26.10.2005	 1 616,16 	 1 318,12 	 345,60 	 2 149,00 	 2 577,94 	 35,78 	 16,07 	 1 813,12 	 7 359,34 	 52,60 	 3 703,26 	 746,36 	 170,02 	 329,57 	 658,27 	 75,12 	 3 096,49 	 1 269,27 	 425,97 	 3 812,33 	 86,89 	 270,98 	 1 669,58 	 164,75 	 186,10 	 15,94 
27.10.2005	 1 623,46 	 1 327,65 	 348,16 	 2 149,00 	 2 597,07 	 35,71 	 16,06 	 1 826,29 	 7 359,34 	 52,60 	 3 728,96 	 752,19 	 170,12 	 331,98 	 659,42 	 75,50 	 3 109,13 	 1 271,90 	 426,49 	 3 820,28 	 87,42 	 273,37 	 1 679,23 	 166,03 	 186,41 	 15,94 
28.10.2005	 1 630,77 	 1 333,21 	 349,54 	 2 149,00 	 2 607,70 	 35,76 	 16,04 	 1 837,62 	 7 359,59 	 52,60 	 3 744,55 	 755,20 	 170,02 	 334,60 	 651,19 	 75,46 	 3 111,49 	 1 272,28 	 426,14 	 3 842,73 	 87,46 	 273,89 	 1 685,29 	 166,66 	 186,40 	 15,94 
29.10.2005	 1 624,21 	 1 335,57 	 350,10 	 2 149,00 	 2 612,11 	 35,61 	 16,04 	 1 836,99 	 7 358,08 	 52,60 	 3 750,76 	 756,58 	 170,02 	 334,08 	 654,65 	 75,60 	 3 119,08 	 1 273,78 	 427,66 	 3 831,56 	 87,93 	 274,74 	 1 690,73 	 166,95 	 186,55 	 15,94 
30.10.2005	 1 624,21 	 1 335,57 	 350,10 	 2 149,00 	 2 612,11 	 35,61 	 16,04 	 1 836,99 	 7 358,08 	 52,60 	 3 750,76 	 756,58 	 170,02 	 334,08 	 654,65 	 75,60 	 3 119,08 	 1 273,78 	 427,66 	 3 831,56 	 87,93 	 274,74 	 1 690,73 	 166,95 	 186,55 	 15,94 
31.10.2005	 1 624,21 	 1 335,57 	 350,10 	 2 149,00 	 2 612,11 	 35,61 	 16,04 	 1 836,99 	 7 358,08 	 52,60 	 3 750,76 	 756,58 	 170,02 	 334,08 	 654,65 	 75,60 	 3 119,08 	 1 273,78 	 427,66 	 3 831,56 	 87,93 	 274,74 	 1 690,73 	 166,95 	 186,55 	 15,94 
01.11.2005	 1 615,83 	 1 327,44 	 347,93 	 2 149,00 	 2 596,31 	 35,26 	 16,03 	 1 831,98 	 7 357,70 	 52,60 	 3 727,99 	 751,99 	 170,02 	 332,42 	 650,99 	 75,40 	 3 120,69 	 1 271,03 	 428,26 	 3 828,34 	 87,70 	 271,77 	 1 680,42 	 165,93 	 185,80 	 15,94 
02.11.2005	 1 601,65 	 1 318,36 	 345,45 	 2 149,00 	 2 578,59 	 35,30 	 16,07 	 1 819,11 	 7 357,95 	 52,60 	 3 702,30 	 746,78 	 169,98 	 331,30 	 649,26 	 75,19 	 3 107,02 	 1 267,77 	 427,24 	 3 802,98 	 87,15 	 269,28 	 1 666,73 	 164,72 	 184,16 	 15,94 
03.11.2005	 1 593,69 	 1 320,48 	 346,04 	 2 150,00 	 2 582,69 	 35,88 	 16,06 	 1 828,15 	 7 362,76 	 52,63 	 3 709,77 	 748,10 	 169,96 	 332,32 	 651,26 	 75,23 	 3 102,62 	 1 267,32 	 426,22 	 3 793,35 	 87,22 	 269,62 	 1 671,27 	 165,06 	 183,86 	 15,94 
04.11.2005	 1 594,55 	 1 325,65 	 347,40 	 2 150,00 	 2 592,79 	 36,18 	 16,06 	 1 823,50 	 7 364,27 	 52,63 	 3 722,30 	 750,95 	 170,16 	 333,10 	 654,05 	 75,29 	 3 098,39 	 1 267,95 	 425,74 	 3 817,00 	 88,01 	 269,09 	 1 679,82 	 165,72 	 183,91 	 15,94 
05.11.2005	 1 587,56 	 1 312,94 	 344,04 	 2 150,00 	 2 567,64 	 35,88 	 16,05 	 1 816,88 	 7 364,02 	 52,63 	 3 686,24 	 743,61 	 170,36 	 329,83 	 645,80 	 75,29 	 3 106,94 	 1 266,23 	 427,61 	 3 799,27 	 87,60 	 267,80 	 1 663,38 	 164,12 	 182,78 	 15,94 
06.11.2005	 1 587,56 	 1 312,94 	 344,04 	 2 150,00 	 2 567,64 	 35,88 	 16,05 	 1 816,88 	 7 364,02 	 52,63 	 3 686,24 	 743,61 	 170,36 	 329,83 	 645,80 	 75,29 	 3 106,94 	 1 266,23 	 427,61 	 3 799,27 	 87,60 	 267,80 	 1 663,38 	 164,12 	 182,78 	 15,94 
07.11.2005	 1 587,56 	 1 312,94 	 344,04 	 2 150,00 	 2 567,64 	 35,88 	 16,05 	 1 816,88 	 7 364,02 	 52,63 	 3 686,24 	 743,61 	 170,36 	 329,83 	 645,80 	 75,29 	 3 106,94 	 1 266,23 	 427,61 	 3 799,27 	 87,60 	 267,80 	 1 663,38 	 164,12 	 182,78 	 15,94 
08.11.2005	 1 587,56 	 1 312,94 	 344,04 	 2 150,00 	 2 567,64 	 35,88 	 16,05 	 1 816,88 	 7 364,02 	 52,63 	 3 686,24 	 743,61 	 170,36 	 329,83 	 645,80 	 75,29 	 3 106,94 	 1 266,23 	 427,61 	 3 799,27 	 87,60 	 267,80 	 1 663,38 	 164,12 	 182,78 	 15,94 
09.11.2005	 1 571,44 	 1 289,39 	 337,82 	 2 150,00 	 2 522,27 	 35,24 	 15,99 	 1 803,39 	 7 363,01 	 52,65 	 3 620,44 	 730,40 	 170,26 	 323,86 	 626,50 	 74,55 	 3 076,35 	 1 262,52 	 427,86 	 3 731,43 	 86,14 	 263,51 	 1 634,86 	 161,12 	 182,49 	 15,94 
10.11.2005	 1 580,57 	 1 294,36 	 339,23 	 2 150,00 	 2 531,73 	 35,01 	 15,99 	 1 807,18 	 7 361,75 	 52,65 	 3 634,83 	 733,31 	 170,13 	 325,10 	 634,57 	 74,58 	 3 064,59 	 1 263,78 	 427,69 	 3 746,38 	 86,51 	 265,01 	 1 641,10 	 161,79 	 183,35 	 15,94 
11.11.2005	 1 577,78 	 1 293,82 	 339,19 	 2 150,00 	 2 530,23 	 34,42 	 16,02 	 1 811,37 	 7 362,76 	 52,65 	 3 633,29 	 732,83 	 169,86 	 326,77 	 628,75 	 74,62 	 3 067,38 	 1 264,30 	 426,93 	 3 755,51 	 85,99 	 263,24 	 1 642,29 	 161,71 	 182,75 	 15,94 
12.11.2005	 1 572,62 	 1 286,54 	 337,29 	 2 150,00 	 2 516,04 	 34,71 	 16,02 	 1 806,87 	 7 361,88 	 52,65 	 3 611,32 	 728,65 	 169,86 	 324,84 	 623,26 	 74,45 	 3 072,65 	 1 263,15 	 427,84 	 3 743,36 	 85,66 	 261,89 	 1 636,41 	 160,80 	 182,32 	 15,94 
13.11.2005	 1 572,62 	 1 286,54 	 337,29 	 2 150,00 	 2 516,04 	 34,71 	 16,02 	 1 806,87 	 7 361,88 	 52,65 	 3 611,32 	 728,65 	 169,86 	 324,84 	 623,26 	 74,45 	 3 072,65 	 1 263,15 	 427,84 	 3 743,36 	 85,66 	 261,89 	 1 636,41 	 160,80 	 182,32 	 15,94 
14.11.2005	 1 572,62 	 1 286,54 	 337,29 	 2 150,00 	 2 516,04 	 34,71 	 16,02 	 1 806,87 	 7 361,88 	 52,65 	 3 611,32 	 728,65 	 169,86 	 324,84 	 623,26 	 74,45 	 3 072,65 	 1 263,15 	 427,84 	 3 743,36 	 85,66 	 261,89 	 1 636,41 	 160,80 	 182,32 	 15,94 
15.11.2005	 1 578,64 	 1 293,23 	 339,26 	 2 150,00 	 2 529,58 	 34,71 	 16,01 	 1 809,23 	 7 363,01 	 52,76 	 3 630,84 	 732,43 	 169,83 	 325,47 	 633,34 	 74,59 	 3 061,58 	 1 263,67 	 427,44 	 3 760,46 	 86,54 	 265,19 	 1 643,29 	 161,64 	 182,12 	 15,94 
16.11.2005	 1 564,77 	 1 283,51 	 336,59 	 2 150,00 	 2 510,23 	 34,63 	 16,01 	 1 798,34 	 7 363,01 	 52,76 	 3 604,36 	 726,94 	 169,42 	 322,32 	 626,79 	 74,52 	 3 064,50 	 1 262,07 	 427,52 	 3 725,52 	 85,61 	 260,97 	 1 629,34 	 160,39 	 180,47 	 15,94 
17.11.2005	 1 571,97 	 1 289,01 	 337,99 	 2 150,00 	 2 520,77 	 34,65 	 16,02 	 1 802,78 	 7 362,76 	 52,76 	 3 619,22 	 730,03 	 169,22 	 322,58 	 633,81 	 74,55 	 3 053,02 	 1 262,59 	 427,56 	 3 729,61 	 85,94 	 262,11 	 1 631,07 	 161,10 	 180,37 	 15,94 
18.11.2005	 1 570,68 	 1 282,62 	 336,50 	 2 150,00 	 2 508,94 	 34,70 	 16,03 	 1 802,41 	 7 361,75 	 52,76 	 3 602,85 	 726,63 	 169,22 	 320,57 	 629,96 	 74,46 	 3 053,04 	 1 263,22 	 427,31 	 3 692,30 	 85,58 	 260,59 	 1 621,85 	 160,32 	 180,81 	 15,94 
19.11.2005	 1 570,47 	 1 282,55 	 336,41 	 2 150,00 	 2 508,51 	 34,58 	 16,04 	 1 808,24 	 7 364,02 	 52,76 	 3 604,36 	 726,60 	 168,76 	 319,11 	 630,72 	 74,54 	 3 054,57 	 1 262,85 	 428,63 	 3 677,15 	 85,40 	 261,18 	 1 621,11 	 160,31 	 180,15 	 15,94 
20.11.2005	 1 570,47 	 1 282,55 	 336,41 	 2 150,00 	 2 508,51 	 34,58 	 16,04 	 1 808,24 	 7 364,02 	 52,76 	 3 604,36 	 726,60 	 168,76 	 319,11 	 630,72 	 74,54 	 3 054,57 	 1 262,85 	 428,63 	 3 677,15 	 85,40 	 261,18 	 1 621,11 	 160,31 	 180,15 	 15,94 
21.11.2005	 1 570,47 	 1 282,55 	 336,41 	 2 150,00 	 2 508,51 	 34,58 	 16,04 	 1 808,24 	 7 364,02 	 52,76 	 3 604,36 	 726,60 	 168,76 	 319,11 	 630,72 	 74,54 	 3 054,57 	 1 262,85 	 428,63 	 3 677,15 	 85,40 	 261,18 	 1 621,11 	 160,31 	 180,15 	 15,94 
22.11.2005	 1 582,52 	 1 299,63 	 340,71 	 2 149,00 	 2 541,73 	 34,84 	 16,05 	 1 808,01 	 7 358,20 	 52,73 	 3 651,35 	 736,02 	 167,69 	 322,48 	 637,91 	 74,68 	 3 050,12 	 1 265,49 	 429,01 	 3 698,54 	 86,54 	 265,44 	 1 640,40 	 162,42 	 180,94 	 15,94 
23.11.2005	 1 577,90 	 1 287,02 	 337,42 	 2 149,00 	 2 517,23 	 34,42 	 16,05 	 1 815,88 	 7 359,34 	 52,73 	 3 616,63 	 729,07 	 167,24 	 319,56 	 634,39 	 74,59 	 3 064,50 	 1 264,12 	 429,43 	 3 681,13 	 85,96 	 263,49 	 1 626,98 	 160,88 	 180,34 	 15,94 
24.11.2005	 1 584,69 	 1 296,98 	 339,96 	 2 148,00 	 2 536,47 	 34,15 	 16,04 	 1 829,72 	 7 355,91 	 52,71 	 3 644,07 	 734,66 	 166,83 	 322,39 	 642,15 	 74,77 	 3 049,79 	 1 267,89 	 428,96 	 3 698,86 	 86,72 	 266,59 	 1 636,95 	 162,12 	 181,32 	 15,93 
25.11.2005	 1 586,19 	 1 295,34 	 339,55 	 2 148,00 	 2 533,46 	 34,21 	 16,03 	 1 833,23 	 7 354,90 	 52,71 	 3 640,06 	 733,74 	 165,49 	 321,83 	 645,47 	 74,74 	 3 060,23 	 1 269,58 	 429,29 	 3 699,82 	 86,83 	 266,16 	 1 633,34 	 161,92 	 180,64 	 15,93 
26.11.2005	 1 581,68 	 1 290,59 	 338,33 	 2 148,00 	 2 524,22 	 33,96 	 16,01 	 1 831,59 	 7 356,16 	 52,71 	 3 626,85 	 731,07 	 164,72 	 320,12 	 645,18 	 74,61 	 3 060,23 	 1 268,57 	 429,34 	 3 691,45 	 86,73 	 265,50 	 1 627,95 	 161,33 	 180,00 	 15,93 
27.11.2005	 1 581,68 	 1 290,59 	 338,33 	 2 148,00 	 2 524,22 	 33,96 	 16,01 	 1 831,59 	 7 356,16 	 52,71 	 3 626,85 	 731,07 	 164,72 	 320,12 	 645,18 	 74,61 	 3 060,23 	 1 268,57 	 429,34 	 3 691,45 	 86,73 	 265,50 	 1 627,95 	 161,33 	 180,00 	 15,93 
28.11.2005	 1 581,68 	 1 290,59 	 338,33 	 2 148,00 	 2 524,22 	 33,96 	 16,01 	 1 831,59 	 7 356,16 	 52,71 	 3 626,85 	 731,07 	 164,72 	 320,12 	 645,18 	 74,61 	 3 060,23 	 1 268,57 	 429,34 	 3 691,45 	 86,73 	 265,50 	 1 627,95 	 161,33 	 180,00 	 15,93 
29.11.2005	 1 575,43 	 1 285,71 	 337,11 	 2 149,00 	 2 514,01 	 33,98 	 16,02 	 1 835,58 	 7 359,34 	 52,17 	 3 611,46 	 728,09 	 164,61 	 319,92 	 643,70 	 74,44 	 3 061,66 	 1 266,99 	 427,49 	 3 671,57 	 86,60 	 265,67 	 1 625,87 	 160,71 	 179,36 	 15,94 
30.11.2005	 1 592,19 	 1 298,84 	 340,71 	 2 149,00 	 2 539,69 	 34,04 	 16,03 	 1 837,38 	 7 359,34 	 52,17 	 3 647,63 	 735,74 	 165,82 	 320,15 	 652,17 	 74,80 	 3 050,68 	 1 270,21 	 426,62 	 3 707,03 	 87,56 	 268,07 	 1 641,59 	 162,35 	 180,42 	 15,94 
01.12.2005	 1 588,10 	 1 294,75 	 339,72 	 2 150,00 	 2 532,38 	 34,03 	 16,04 	 1 840,20 	 7 362,76 	 52,20 	 3 638,52 	 733,43 	 166,96 	 318,83 	 648,22 	 74,71 	 3 066,91 	 1 270,61 	 426,59 	 3 703,48 	 87,35 	 265,97 	 1 635,17 	 161,85 	 179,80 	 15,94 
02.12.2005	 1 592,40 	 1 294,60 	 339,65 	 2 150,00 	 2 531,95 	 34,04 	 16,04 	 1 843,20 	 7 362,13 	 52,20 	 3 635,75 	 733,33 	 167,90 	 317,93 	 644,83 	 74,61 	 3 061,90 	 1 270,99 	 427,10 	 3 721,00 	 87,43 	 266,07 	 1 637,28 	 161,83 	 179,27 	 15,94 
03.12.2005	 1 598,85 	 1 287,31 	 337,83 	 2 150,00 	 2 517,87 	 33,71 	 16,07 	 1 843,83 	 7 363,01 	 52,20 	 3 614,66 	 729,16 	 167,77 	 317,40 	 649,43 	 74,23 	 3 059,71 	 1 270,50 	 428,76 	 3 716,70 	 87,22 	 266,90 	 1 630,33 	 160,88 	 178,10 	 15,94 
04.12.2005	 1 598,85 	 1 287,31 	 337,83 	 2 150,00 	 2 517,87 	 33,71 	 16,07 	 1 843,83 	 7 363,01 	 52,20 	 3 614,66 	 729,16 	 167,77 	 317,40 	 649,43 	 74,23 	 3 059,71 	 1 270,50 	 428,76 	 3 716,70 	 87,22 	 266,90 	 1 630,33 	 160,88 	 178,10 	 15,94 
05.12.2005	 1 598,85 	 1 287,31 	 337,83 	 2 150,00 	 2 517,87 	 33,71 	 16,07 	 1 843,83 	 7 363,01 	 52,20 	 3 614,66 	 729,16 	 167,77 	 317,40 	 649,43 	 74,23 	 3 059,71 	 1 270,50 	 428,76 	 3 716,70 	 87,22 	 266,90 	 1 630,33 	 160,88 	 178,10 	 15,94 
06.12.2005	 1 610,35 	 1 287,64 	 337,86 	 2 151,00 	 2 518,18 	 33,36 	 16,05 	 1 851,60 	 7 366,19 	 52,22 	 3 615,43 	 729,34 	 167,65 	 319,16 	 651,17 	 74,18 	 3 052,44 	 1 273,84 	 428,10 	 3 724,03 	 87,19 	 267,61 	 1 630,60 	 160,94 	 177,58 	 15,95 
07.12.2005	 1 619,49 	 1 294,50 	 339,83 	 2 151,00 	 2 531,94 	 33,38 	 16,05 	 1 859,36 	 7 363,16 	 52,22 	 3 635,60 	 733,43 	 167,72 	 321,58 	 659,80 	 74,40 	 3 057,67 	 1 275,99 	 428,29 	 3 746,72 	 87,68 	 269,48 	 1 643,62 	 161,86 	 177,52 	 15,95 
08.12.2005	 1 609,70 	 1 291,93 	 339,19 	 2 151,00 	 2 527,10 	 33,21 	 16,04 	 1 855,27 	 7 363,66 	 52,22 	 3 625,79 	 731,97 	 167,43 	 317,47 	 657,62 	 74,36 	 3 059,65 	 1 276,37 	 428,31 	 3 732,09 	 87,01 	 268,54 	 1 640,42 	 161,52 	 178,10 	 15,95 
09.12.2005	 1 608,84 	 1 294,50 	 339,86 	 2 151,00 	 2 531,94 	 33,24 	 16,05 	 1 854,15 	 7 366,44 	 52,22 	 3 632,53 	 733,27 	 167,43 	 319,20 	 657,62 	 74,22 	 3 054,12 	 1 276,29 	 428,10 	 3 746,40 	 87,03 	 269,44 	 1 645,50 	 161,81 	 178,70 	 15,95 
10.12.2005	 1 612,39 	 1 294,50 	 339,90 	 2 151,00 	 2 531,94 	 33,55 	 16,05 	 1 853,51 	 7 366,44 	 52,22 	 3 629,15 	 733,33 	 167,72 	 319,13 	 655,29 	 74,36 	 3 064,72 	 1 278,07 	 427,15 	 3 757,69 	 87,04 	 268,73 	 1 646,70 	 161,84 	 178,46 	 15,95 
11.12.2005	 1 612,39 	 1 294,50 	 339,90 	 2 151,00 	 2 531,94 	 33,55 	 16,05 	 1 853,51 	 7 366,44 	 52,22 	 3 629,15 	 733,33 	 167,72 	 319,13 	 655,29 	 74,36 	 3 064,72 	 1 278,07 	 427,15 	 3 757,69 	 87,04 	 268,73 	 1 646,70 	 161,84 	 178,46 	 15,95 
12.12.2005	 1 612,39 	 1 294,50 	 339,90 	 2 151,00 	 2 531,94 	 33,55 	 16,05 	 1 853,51 	 7 366,44 	 52,22 	 3 629,15 	 733,33 	 167,72 	 319,13 	 655,29 	 74,36 	 3 064,72 	 1 278,07 	 427,15 	 3 757,69 	 87,04 	 268,73 	 1 646,70 	 161,84 	 178,46 	 15,95 
13.12.2005	 1 618,63 	 1 305,93 	 342,87 	 2 151,00 	 2 553,99 	 33,89 	 16,05 	 1 861,77 	 7 366,44 	 52,10 	 3 664,71 	 739,76 	 167,78 	 321,86 	 663,23 	 74,54 	 3 068,29 	 1 278,57 	 428,44 	 3 796,08 	 88,00 	 270,50 	 1 658,63 	 163,24 	 178,42 	 15,95 
14.12.2005	 1 622,28 	 1 311,23 	 344,22 	 2 151,00 	 2 564,53 	 34,12 	 16,07 	 1 866,94 	 7 366,44 	 52,10 	 3 679,12 	 742,74 	 167,72 	 322,03 	 670,87 	 74,91 	 3 077,69 	 1 284,45 	 427,53 	 3 804,37 	 88,45 	 271,54 	 1 663,12 	 163,90 	 179,07 	 15,95 
15.12.2005	 1 627,66 	 1 323,04 	 347,37 	 2 151,00 	 2 587,98 	 34,52 	 16,08 	 1 874,75 	 7 366,44 	 52,10 	 3 715,03 	 749,48 	 167,56 	 325,66 	 674,95 	 75,05 	 3 082,25 	 1 286,21 	 427,84 	 3 825,66 	 89,35 	 274,12 	 1 675,56 	 165,39 	 181,54 	 15,95 
16.12.2005	 1 613,47 	 1 323,86 	 347,44 	 2 151,00 	 2 589,05 	 34,62 	 16,09 	 1 859,36 	 7 366,19 	 52,10 	 3 717,27 	 749,91 	 167,65 	 325,16 	 673,51 	 74,98 	 3 098,21 	 1 289,88 	 427,21 	 3 815,01 	 89,36 	 274,79 	 1 678,31 	 165,50 	 185,46 	 15,95 
17.12.2005	 1 607,12 	 1 320,00 	 346,44 	 2 151,00 	 2 581,95 	 34,50 	 16,09 	 1 861,53 	 7 366,44 	 52,10 	 3 707,02 	 747,71 	 167,88 	 324,45 	 666,77 	 75,07 	 3 106,50 	 1 287,75 	 426,85 	 3 806,62 	 89,14 	 271,98 	 1 672,11 	 165,00 	 184,95 	 15,95 
18.12.2005	 1 607,12 	 1 320,00 	 346,44 	 2 151,00 	 2 581,95 	 34,50 	 16,09 	 1 861,53 	 7 366,44 	 52,10 	 3 707,02 	 747,71 	 167,88 	 324,45 	 666,77 	 75,07 	 3 106,50 	 1 287,75 	 426,85 	 3 806,62 	 89,14 	 271,98 	 1 672,11 	 165,00 	 184,95 	 15,95 
19.12.2005	 1 607,12 	 1 320,00 	 346,44 	 2 151,00 	 2 581,95 	 34,50 	 16,09 	 1 861,53 	 7 366,44 	 52,10 	 3 707,02 	 747,71 	 167,88 	 324,45 	 666,77 	 75,07 	 3 106,50 	 1 287,75 	 426,85 	 3 806,62 	 89,14 	 271,98 	 1 672,11 	 165,00 	 184,95 	 15,95 
20.12.2005	 1 602,39 	 1 321,74 	 346,78 	 2 151,00 	 2 584,96 	 34,57 	 16,09 	 1 853,43 	 7 364,93 	 52,08 	 3 711,50 	 748,84 	 167,92 	 323,25 	 667,43 	 75,10 	 3 102,56 	 1 292,01 	 426,72 	 3 799,96 	 89,23 	 273,55 	 1 667,12 	 165,22 	 184,79 	 15,95 
21.12.2005	 1 589,59 	 1 316,60 	 345,40 	 2 151,00 	 2 575,28 	 34,05 	 16,10 	 1 842,00 	 7 366,44 	 52,08 	 3 696,83 	 745,86 	 168,05 	 320,56 	 669,78 	 75,04 	 3 104,90 	 1 292,82 	 426,57 	 3 790,28 	 89,01 	 274,53 	 1 658,57 	 164,59 	 184,54 	 15,95 
22.12.2005	 1 581,09 	 1 306,72 	 342,71 	 2 151,00 	 2 556,14 	 33,86 	 16,12 	 1 835,64 	 7 366,44 	 52,08 	 3 670,02 	 740,26 	 168,11 	 317,07 	 666,71 	 74,78 	 3 099,57 	 1 289,96 	 426,96 	 3 778,12 	 88,27 	 270,71 	 1 646,07 	 163,38 	 183,67 	 15,95 
23.12.2005	 1 575,07 	 1 300,60 	 341,00 	 2 151,00 	 2 543,99 	 33,71 	 16,12 	 1 845,01 	 7 366,44 	 52,08 	 3 651,95 	 736,71 	 168,31 	 317,27 	 664,68 	 74,58 	 3 085,03 	 1 288,26 	 429,34 	 3 746,72 	 88,02 	 269,85 	 1 636,43 	 162,57 	 183,30 	 15,95 
24.12.2005	 1 572,17 	 1 306,80 	 342,69 	 2 151,00 	 2 555,60 	 33,83 	 16,11 	 1 846,59 	 7 366,44 	 52,08 	 3 669,71 	 740,26 	 168,11 	 317,98 	 665,12 	 74,74 	 3 077,74 	 1 289,92 	 429,62 	 3 739,51 	 88,45 	 270,72 	 1 642,05 	 163,35 	 184,56 	 15,95 
25.12.2005	 1 572,17 	 1 306,80 	 342,69 	 2 151,00 	 2 555,60 	 33,83 	 16,11 	 1 846,59 	 7 366,44 	 52,08 	 3 669,71 	 740,26 	 168,11 	 317,98 	 665,12 	 74,74 	 3 077,74 	 1 289,92 	 429,62 	 3 739,51 	 88,45 	 270,72 	 1 642,05 	 163,35 	 184,56 	 15,95 
26.12.2005	 1 572,17 	 1 306,80 	 342,69 	 2 151,00 	 2 555,60 	 33,83 	 16,11 	 1 846,59 	 7 366,44 	 52,08 	 3 669,71 	 740,26 	 168,11 	 317,98 	 665,12 	 74,74 	 3 077,74 	 1 289,92 	 429,62 	 3 739,51 	 88,45 	 270,72 	 1 642,05 	 163,35 	 184,56 	 15,95 
27.12.2005	 1 573,56 	 1 303,99 	 341,91 	 2 151,00 	 2 550,66 	 33,76 	 16,09 	 1 844,45 	 7 366,19 	 52,08 	 3 663,77 	 738,72 	 168,24 	 318,21 	 667,04 	 74,67 	 3 080,94 	 1 290,88 	 429,68 	 3 730,59 	 87,95 	 269,76 	 1 635,68 	 163,05 	 184,67 	 15,95 
28.12.2005	 1 567,84 	 1 305,71 	 342,32 	 2 152,00 	 2 553,78 	 33,80 	 16,09 	 1 844,12 	 7 368,60 	 52,11 	 3 667,66 	 739,54 	 168,13 	 317,95 	 665,92 	 74,68 	 3 082,37 	 1 292,14 	 427,90 	 3 733,61 	 88,32 	 269,35 	 1 639,68 	 163,21 	 183,87 	 15,96 
29.12.2005	 1 569,56 	 1 309,48 	 343,34 	 2 152,00 	 2 561,63 	 33,81 	 16,08 	 1 840,97 	 7 367,34 	 52,11 	 3 679,26 	 741,84 	 167,80 	 318,93 	 666,83 	 74,86 	 3 081,10 	 1 292,76 	 425,63 	 3 739,53 	 88,62 	 271,23 	 1 644,63 	 163,74 	 183,68 	 15,96 
30.12.2005	 1 571,71 	 1 303,41 	 341,74 	 2 152,00 	 2 549,58 	 33,80 	 16,07 	 1 846,02 	 7 366,84 	 52,11 	 3 659,86 	 738,45 	 167,86 	 317,66 	 660,93 	 74,86 	 3 087,52 	 1 292,76 	 426,27 	 3 699,72 	 88,11 	 270,98 	 1 635,32 	 162,92 	 182,47 	 15,96 
31.12.2005	 1 579,25 	 1 301,95 	 341,34 	 2 152,00 	 2 546,35 	 34,12 	 16,10 	 1 853,02 	 7 367,59 	 52,11 	 3 657,38 	 737,44 	 167,80 	 318,35 	 659,82 	 74,86 	 3 075,42 	 1 294,24 	 426,27 	 3 712,09 	 87,67 	 270,40 	 1 635,44 	 162,75 	 183,34 	 15,96 
