Официальный курс белорусского рубля по отношению к иностранным валютам, устанавливаемый Национальным банком																										
Республики Беларусь ежедневно, за период с 01.01.2002 по 31.12.2002																										
																										
Дата	1 австралийский доллар (AUD)	1 болгарский лев (BGL)	1 датская крона (DKK)	1 доллар США (USD)	1 евро (EUR)	1 исландская крона (ISK)	1 казахский тенге (KZT)	1 канадский доллар (CAD)	1 кувейтский динар (KWD)	1 кыргызский сом (KGS)	1 латвийский лат (LVL)	1 литовский лит (LTL)	1 молдавский лей (MDL)	1 норвежская крона (NOK)	1 польский злотый (PLZ)	1 российский рубль (RUR)	1 СДР (XDR)	1 сингапурский доллар (SGD)	1 украинская гривна (UAH)	1 фунт стерлингов (GBP)	1 чешская крона (CZK)	1 шведская крона (SEK)	1 швейцарский франк (CHF)	1 эстонская крона (EEK)	10 иен (JPY)	10000 турецких лир (TRL)
01.01.2002	 2,31 	 714,93 	 187,19 	 1 580,00 	 1 391,51 	 15,48 	 10,48 	 990,94 	 5 137,21 	 32,93 	 2 503,76 	 394,85 	 120,59 	 174,69 	 395,59 	 52,31 	 1 994,51 	 855,79 	 298,25 	 2 281,60 	 43,32 	 146,35 	 939,08 	 88,93 	 120,91 	 10,95 
02.01.2002	 803,51 	 714,93 	 187,19 	 1 580,00 	 1 391,51 	 15,48 	 10,48 	 990,94 	 5 137,21 	 32,93 	 2 503,76 	 394,85 	 120,59 	 174,69 	 395,59 	 52,31 	 1 994,51 	 855,79 	 298,25 	 2 281,60 	 43,32 	 146,35 	 939,08 	 88,93 	 120,91 	 10,95 
03.01.2002	 803,51 	 714,93 	 187,19 	 1 580,00 	 1 391,51 	 15,48 	 10,48 	 990,94 	 5 137,21 	 32,93 	 2 503,76 	 394,85 	 120,59 	 174,69 	 395,59 	 52,31 	 1 994,51 	 855,79 	 298,25 	 2 281,60 	 43,32 	 146,35 	 939,08 	 88,93 	 120,91 	 10,95 
04.01.2002	 816,71 	 731,21 	 191,91 	 1 582,00 	 1 427,60 	 15,60 	 10,47 	 991,10 	 5 152,59 	 33,15 	 2 521,72 	 395,44 	 120,86 	 178,04 	 399,70 	 52,33 	 1 997,91 	 855,37 	 298,04 	 2 285,12 	 45,00 	 154,26 	 960,88 	 91,21 	 119,95 	 11,02 
05.01.2002	 820,84 	 730,70 	 191,59 	 1 590,00 	 1 427,18 	 15,67 	 10,50 	 995,96 	 5 177,13 	 33,32 	 2 530,44 	 397,43 	 121,42 	 178,27 	 403,83 	 52,48 	 2 009,16 	 860,97 	 299,46 	 2 287,93 	 44,66 	 154,21 	 964,51 	 91,22 	 121,34 	 11,24 
06.01.2002	 2,31 	 730,70 	 191,59 	 1 590,00 	 1 427,18 	 15,67 	 10,50 	 995,96 	 5 177,13 	 33,32 	 2 530,44 	 397,43 	 121,42 	 178,27 	 403,83 	 52,48 	 2 009,16 	 860,97 	 299,46 	 2 287,93 	 44,66 	 154,21 	 964,51 	 91,22 	 121,34 	 11,24 
07.01.2002	 2,31 	 730,70 	 191,59 	 1 590,00 	 1 427,18 	 15,67 	 10,50 	 995,96 	 5 177,13 	 33,32 	 2 530,44 	 397,43 	 121,42 	 178,27 	 403,83 	 52,48 	 2 009,16 	 860,97 	 299,46 	 2 287,93 	 44,66 	 154,21 	 964,51 	 91,22 	 121,34 	 11,24 
08.01.2002	 2,31 	 730,70 	 191,59 	 1 590,00 	 1 427,18 	 15,67 	 10,50 	 995,96 	 5 177,13 	 33,32 	 2 530,44 	 397,43 	 121,42 	 178,27 	 403,83 	 52,48 	 2 009,16 	 860,97 	 299,46 	 2 287,93 	 44,66 	 154,21 	 964,51 	 91,22 	 121,34 	 11,24 
09.01.2002	 2,31 	 727,79 	 191,14 	 1 598,00 	 1 421,34 	 15,62 	 10,54 	 998,56 	 5 199,62 	 33,49 	 2 529,08 	 399,50 	 122,03 	 178,85 	 406,72 	 52,74 	 2 007,54 	 863,90 	 300,88 	 2 302,56 	 44,08 	 153,99 	 967,66 	 90,82 	 120,57 	 11,39 
10.01.2002	 2,31 	 732,14 	 192,39 	 1 602,00 	 1 431,07 	 15,75 	 10,57 	 1 005,30 	 5 213,83 	 33,57 	 2 535,01 	 400,54 	 122,34 	 179,76 	 403,80 	 52,42 	 2 011,98 	 867,70 	 301,35 	 2 308,88 	 44,27 	 154,08 	 967,74 	 91,36 	 120,74 	 11,45 
11.01.2002	 2,31 	 732,51 	 192,69 	 1 605,00 	 1 432,62 	 15,76 	 10,59 	 1 005,20 	 5 223,33 	 33,63 	 2 539,36 	 401,30 	 122,45 	 180,02 	 404,89 	 52,62 	 2 018,69 	 870,51 	 302,12 	 2 314,73 	 44,63 	 155,01 	 965,91 	 91,54 	 121,27 	 11,50 
12.01.2002	 2,31 	 733,59 	 192,95 	 1 608,00 	 1 434,01 	 15,71 	 10,60 	 1 005,44 	 5 233,27 	 33,69 	 2 543,70 	 402,03 	 122,84 	 180,51 	 397,72 	 52,82 	 2 022,54 	 872,02 	 302,88 	 2 318,82 	 44,49 	 156,77 	 968,03 	 91,67 	 121,62 	 11,68 
13.01.2002	 2,31 	 733,59 	 192,95 	 1 608,00 	 1 434,01 	 15,71 	 10,60 	 1 005,44 	 5 233,27 	 33,69 	 2 543,70 	 402,03 	 122,84 	 180,51 	 397,72 	 52,82 	 2 022,54 	 872,02 	 302,88 	 2 318,82 	 44,49 	 156,77 	 968,03 	 91,67 	 121,62 	 11,68 
14.01.2002	 2,31 	 733,59 	 192,95 	 1 608,00 	 1 434,01 	 15,71 	 10,60 	 1 005,44 	 5 233,27 	 33,69 	 2 543,70 	 402,03 	 122,84 	 180,51 	 397,72 	 52,82 	 2 022,54 	 872,02 	 302,88 	 2 318,82 	 44,49 	 156,77 	 968,03 	 91,67 	 121,62 	 11,68 
15.01.2002	 2,31 	 735,85 	 193,56 	 1 610,00 	 1 438,62 	 15,90 	 10,61 	 1 009,47 	 5 244,64 	 33,74 	 2 549,28 	 402,50 	 122,90 	 180,97 	 401,55 	 52,87 	 2 025,35 	 876,57 	 303,00 	 2 334,98 	 44,59 	 156,39 	 972,99 	 91,97 	 122,31 	 11,73 
16.01.2002	 2,31 	 736,51 	 193,50 	 1 613,00 	 1 438,07 	 15,68 	 10,65 	 1 013,25 	 5 253,90 	 33,51 	 2 552,82 	 403,28 	 122,94 	 180,92 	 398,69 	 52,93 	 2 031,56 	 883,11 	 301,33 	 2 335,38 	 44,46 	 155,21 	 972,39 	 91,92 	 122,91 	 11,80 
17.01.2002	 2,31 	 730,22 	 191,67 	 1 617,00 	 1 424,42 	 15,66 	 10,67 	 1 018,01 	 5 260,25 	 33,59 	 2 546,66 	 404,30 	 123,25 	 180,01 	 395,50 	 53,05 	 2 036,56 	 883,08 	 302,24 	 2 323,63 	 44,32 	 154,96 	 969,42 	 91,04 	 122,96 	 11,77 
18.01.2002	 2,31 	 730,47 	 191,82 	 1 620,00 	 1 425,76 	 15,70 	 10,68 	 1 010,73 	 5 267,44 	 33,66 	 2 549,17 	 405,05 	 123,52 	 180,67 	 394,06 	 52,98 	 2 030,85 	 883,07 	 304,71 	 2 317,82 	 44,17 	 154,60 	 972,45 	 91,10 	 122,73 	 11,87 
19.01.2002	 2,31 	 732,31 	 192,33 	 1 622,00 	 1 428,82 	 15,73 	 10,68 	 1 004,83 	 5 273,08 	 33,70 	 2 549,71 	 405,35 	 123,86 	 180,87 	 387,81 	 53,04 	 2 031,65 	 883,71 	 304,69 	 2 326,60 	 44,97 	 154,61 	 972,42 	 91,32 	 122,10 	 11,92 
20.01.2002	 836,55 	 732,31 	 192,33 	 1 622,00 	 1 428,82 	 15,73 	 10,68 	 1 004,83 	 5 273,08 	 33,70 	 2 549,71 	 405,35 	 123,86 	 180,87 	 387,81 	 53,04 	 2 031,65 	 883,71 	 304,69 	 2 326,60 	 44,97 	 154,61 	 972,42 	 91,32 	 122,10 	 11,92 
21.01.2002	 2,31 	 732,31 	 192,33 	 1 622,00 	 1 428,82 	 15,73 	 10,68 	 1 004,83 	 5 273,08 	 33,70 	 2 549,71 	 405,35 	 123,86 	 180,87 	 387,81 	 53,04 	 2 031,65 	 883,71 	 304,69 	 2 326,60 	 44,97 	 154,61 	 972,42 	 91,32 	 122,10 	 11,92 
22.01.2002	 2,31 	 735,03 	 193,03 	 1 622,00 	 1 434,66 	 15,86 	 10,68 	 1 003,90 	 5 275,48 	 33,70 	 2 550,51 	 405,55 	 123,77 	 181,31 	 390,47 	 53,04 	 2 030,34 	 884,57 	 305,00 	 2 330,73 	 45,08 	 155,96 	 976,14 	 91,68 	 122,35 	 12,12 
23.01.2002	 2,31 	 736,56 	 193,48 	 1 625,00 	 1 437,39 	 15,94 	 10,71 	 1 011,08 	 5 281,29 	 33,76 	 2 546,42 	 406,30 	 124,09 	 181,87 	 393,96 	 53,18 	 2 034,09 	 883,32 	 305,48 	 2 327,32 	 44,74 	 155,33 	 977,80 	 91,88 	 121,33 	 12,14 
24.01.2002	 846,93 	 738,77 	 194,08 	 1 627,00 	 1 442,01 	 15,92 	 10,74 	 1 010,81 	 5 286,93 	 33,83 	 2 548,76 	 406,83 	 124,25 	 181,86 	 395,67 	 53,24 	 2 034,29 	 884,09 	 305,77 	 2 327,02 	 45,03 	 155,24 	 978,79 	 92,16 	 121,12 	 12,04 
25.01.2002	 2,31 	 732,24 	 192,34 	 1 627,00 	 1 429,48 	 15,84 	 10,73 	 1 015,92 	 5 282,64 	 33,83 	 2 540,80 	 406,79 	 124,29 	 181,17 	 394,19 	 53,26 	 2 036,60 	 885,35 	 303,77 	 2 314,16 	 44,57 	 154,58 	 974,02 	 91,34 	 121,33 	 12,03 
26.01.2002	 2,31 	 731,43 	 192,15 	 1 630,00 	 1 427,64 	 15,85 	 10,75 	 1 016,34 	 5 290,49 	 33,89 	 2 542,70 	 407,70 	 124,50 	 181,31 	 392,30 	 53,28 	 2 031,53 	 888,02 	 306,19 	 2 320,71 	 44,67 	 154,52 	 972,12 	 91,25 	 121,12 	 12,24 
27.01.2002	 2,31 	 731,43 	 192,15 	 1 630,00 	 1 427,64 	 15,85 	 10,75 	 1 016,34 	 5 290,49 	 33,89 	 2 542,70 	 407,70 	 124,50 	 181,31 	 392,30 	 53,28 	 2 031,53 	 888,02 	 306,19 	 2 320,71 	 44,67 	 154,52 	 972,12 	 91,25 	 121,12 	 12,24 
28.01.2002	 846,87 	 731,43 	 192,15 	 1 630,00 	 1 427,64 	 15,85 	 10,75 	 1 016,34 	 5 290,49 	 33,89 	 2 542,70 	 407,70 	 124,50 	 181,31 	 392,30 	 53,28 	 2 031,53 	 888,02 	 306,19 	 2 320,71 	 44,67 	 154,52 	 972,12 	 91,25 	 121,12 	 12,24 
29.01.2002	 2,31 	 722,68 	 189,82 	 1 632,00 	 1 410,37 	 15,77 	 10,77 	 1 012,19 	 5 294,58 	 33,94 	 2 534,36 	 408,09 	 124,58 	 179,77 	 395,52 	 53,22 	 2 025,38 	 889,49 	 304,71 	 2 296,80 	 44,29 	 152,73 	 956,85 	 90,15 	 122,11 	 12,21 
30.01.2002	 2,31 	 722,72 	 189,89 	 1 635,00 	 1 410,43 	 15,79 	 10,79 	 1 026,88 	 5 303,96 	 34,00 	 2 525,29 	 408,88 	 124,86 	 179,98 	 397,50 	 53,34 	 2 025,06 	 892,08 	 307,28 	 2 302,98 	 44,26 	 152,49 	 958,44 	 90,15 	 122,82 	 12,38 
31.01.2002	 2,31 	 726,16 	 190,80 	 1 638,00 	 1 417,61 	 15,89 	 10,79 	 1 030,90 	 5 319,39 	 34,06 	 2 537,57 	 409,55 	 125,04 	 180,49 	 395,89 	 53,38 	 2 031,76 	 892,91 	 305,77 	 2 320,88 	 44,34 	 153,27 	 964,58 	 90,58 	 123,55 	 12,31 
01.02.2002	 833,55 	 726,40 	 190,84 	 1 641,00 	 1 417,50 	 15,88 	 10,81 	 1 035,82 	 5 328,61 	 34,12 	 2 547,94 	 410,20 	 125,29 	 181,10 	 393,67 	 53,49 	 2 041,32 	 895,99 	 308,43 	 2 317,58 	 44,41 	 154,70 	 961,11 	 90,47 	 123,42 	 12,44 
02.02.2002	 2,38 	 724,51 	 190,27 	 1 643,00 	 1 413,64 	 15,92 	 10,80 	 1 033,53 	 5 333,29 	 34,17 	 2 555,61 	 410,69 	 125,47 	 180,47 	 393,77 	 53,55 	 2 040,67 	 894,32 	 306,82 	 2 318,68 	 44,43 	 154,31 	 957,21 	 90,34 	 122,69 	 12,55 
03.02.2002	 2,38 	 724,51 	 190,27 	 1 643,00 	 1 413,64 	 15,92 	 10,80 	 1 033,53 	 5 333,29 	 34,17 	 2 555,61 	 410,69 	 125,47 	 180,47 	 393,77 	 53,55 	 2 040,67 	 894,32 	 306,82 	 2 318,68 	 44,43 	 154,31 	 957,21 	 90,34 	 122,69 	 12,55 
04.02.2002	 834,56 	 724,51 	 190,27 	 1 643,00 	 1 413,64 	 15,92 	 10,80 	 1 033,53 	 5 333,29 	 34,17 	 2 555,61 	 410,69 	 125,47 	 180,47 	 393,77 	 53,55 	 2 040,67 	 894,32 	 306,82 	 2 318,68 	 44,43 	 154,31 	 957,21 	 90,34 	 122,69 	 12,55 
05.02.2002	 2,38 	 727,04 	 190,96 	 1 645,00 	 1 418,32 	 16,08 	 10,81 	 1 034,23 	 5 341,60 	 34,21 	 2 549,79 	 410,77 	 125,59 	 181,04 	 390,97 	 53,55 	 2 038,53 	 896,73 	 309,15 	 2 329,81 	 44,57 	 153,98 	 958,85 	 90,65 	 123,52 	 12,54 
06.02.2002	 841,53 	 733,86 	 192,75 	 1 647,00 	 1 431,98 	 16,17 	 10,83 	 1 031,47 	 5 352,44 	 34,25 	 2 560,04 	 414,64 	 125,73 	 181,97 	 392,35 	 53,60 	 2 045,10 	 898,16 	 309,56 	 2 341,54 	 44,93 	 154,92 	 970,11 	 91,50 	 124,15 	 12,63 
07.02.2002	 2,38 	 733,51 	 192,49 	 1 650,00 	 1 429,64 	 16,16 	 10,85 	 1 030,38 	 5 355,75 	 34,52 	 2 559,53 	 413,94 	 125,93 	 182,40 	 392,30 	 53,69 	 2 054,99 	 899,89 	 310,08 	 2 333,68 	 44,85 	 155,02 	 971,13 	 91,39 	 123,40 	 12,50 
08.02.2002	 2,38 	 736,09 	 193,00 	 1 653,00 	 1 433,65 	 16,17 	 10,88 	 1 029,17 	 5 365,84 	 34,58 	 2 568,76 	 415,19 	 126,09 	 183,54 	 386,80 	 53,80 	 2 054,93 	 902,86 	 310,66 	 2 330,40 	 44,95 	 155,48 	 973,73 	 91,68 	 123,64 	 12,36 
09.02.2002	 2,38 	 741,89 	 194,24 	 1 653,00 	 1 444,64 	 16,25 	 10,86 	 1 035,45 	 5 370,37 	 34,58 	 2 573,76 	 418,41 	 126,01 	 184,37 	 392,78 	 53,73 	 2 052,68 	 901,19 	 310,72 	 2 338,75 	 45,47 	 155,95 	 981,45 	 92,33 	 123,04 	 12,00 
10.02.2002	 2,38 	 741,89 	 194,24 	 1 653,00 	 1 444,64 	 16,25 	 10,86 	 1 035,45 	 5 370,37 	 34,58 	 2 573,76 	 418,41 	 126,01 	 184,37 	 392,78 	 53,73 	 2 052,68 	 901,19 	 310,72 	 2 338,75 	 45,47 	 155,95 	 981,45 	 92,33 	 123,04 	 12,00 
11.02.2002	 2,38 	 741,89 	 194,24 	 1 653,00 	 1 444,64 	 16,25 	 10,86 	 1 035,45 	 5 370,37 	 34,58 	 2 573,76 	 418,41 	 126,01 	 184,37 	 392,78 	 53,73 	 2 052,68 	 901,19 	 310,72 	 2 338,75 	 45,47 	 155,95 	 981,45 	 92,33 	 123,04 	 12,00 
12.02.2002	 2,38 	 740,64 	 194,15 	 1 653,00 	 1 442,41 	 16,27 	 10,86 	 1 036,85 	 5 368,80 	 34,58 	 2 571,16 	 417,70 	 126,09 	 184,28 	 393,67 	 53,64 	 2 057,95 	 901,73 	 310,67 	 2 340,57 	 45,40 	 156,20 	 977,12 	 92,18 	 122,90 	 11,70 
13.02.2002	 2,38 	 745,30 	 195,40 	 1 653,00 	 1 452,08 	 16,39 	 10,87 	 1 039,52 	 5 374,21 	 34,58 	 2 581,40 	 420,50 	 126,16 	 185,14 	 396,23 	 53,60 	 2 061,03 	 902,46 	 310,66 	 2 356,52 	 45,80 	 156,89 	 982,52 	 92,83 	 123,74 	 12,03 
14.02.2002	 2,38 	 743,42 	 194,89 	 1 653,00 	 1 447,86 	 16,33 	 10,87 	 1 038,64 	 5 375,35 	 34,58 	 2 585,84 	 419,33 	 126,14 	 184,93 	 397,42 	 53,60 	 2 061,22 	 902,96 	 310,66 	 2 369,16 	 45,69 	 156,47 	 978,98 	 92,56 	 124,49 	 12,20 
15.02.2002	 2,38 	 741,11 	 194,24 	 1 656,00 	 1 443,54 	 16,44 	 10,89 	 1 042,23 	 5 384,05 	 34,64 	 2 587,30 	 418,06 	 126,32 	 185,27 	 394,69 	 53,72 	 2 069,04 	 905,88 	 311,23 	 2 365,02 	 45,52 	 156,74 	 973,37 	 92,25 	 125,08 	 12,38 
16.02.2002	 857,89 	 740,92 	 194,32 	 1 656,00 	 1 443,37 	 16,42 	 10,90 	 1 039,58 	 5 383,00 	 34,64 	 2 590,13 	 418,07 	 126,29 	 185,88 	 396,27 	 53,72 	 2 062,98 	 907,65 	 311,26 	 2 367,09 	 45,60 	 157,16 	 973,09 	 92,30 	 124,76 	 12,26 
17.02.2002	 2,38 	 740,92 	 194,32 	 1 656,00 	 1 443,37 	 16,42 	 10,90 	 1 039,58 	 5 383,00 	 34,64 	 2 590,13 	 418,07 	 126,29 	 185,88 	 396,27 	 53,72 	 2 062,98 	 907,65 	 311,26 	 2 367,09 	 45,60 	 157,16 	 973,09 	 92,30 	 124,76 	 12,26 
18.02.2002	 2,38 	 740,92 	 194,32 	 1 656,00 	 1 443,37 	 16,42 	 10,90 	 1 039,58 	 5 383,00 	 34,64 	 2 590,13 	 418,07 	 126,29 	 185,88 	 396,27 	 53,72 	 2 062,98 	 907,65 	 311,26 	 2 367,09 	 45,60 	 157,16 	 973,09 	 92,30 	 124,76 	 12,26 
19.02.2002	 2,38 	 742,13 	 194,60 	 1 656,00 	 1 445,61 	 16,43 	 10,90 	 1 040,85 	 5 385,19 	 34,64 	 2 589,32 	 418,55 	 126,29 	 186,66 	 398,99 	 53,72 	 2 063,41 	 905,78 	 311,29 	 2 373,30 	 45,34 	 157,58 	 974,86 	 92,39 	 124,84 	 12,25 
20.02.2002	 2,38 	 739,59 	 193,85 	 1 660,00 	 1 440,55 	 16,50 	 10,93 	 1 042,58 	 5 393,46 	 34,73 	 2 589,10 	 417,24 	 126,52 	 186,02 	 399,95 	 53,73 	 2 068,39 	 906,98 	 311,98 	 2 362,43 	 45,19 	 156,76 	 973,78 	 92,05 	 124,14 	 12,28 
21.02.2002	 2,38 	 747,10 	 195,88 	 1 662,00 	 1 455,41 	 16,52 	 10,94 	 1 045,74 	 5 405,41 	 34,77 	 2 601,55 	 421,59 	 126,66 	 187,29 	 399,42 	 53,81 	 2 067,44 	 909,17 	 312,27 	 2 376,41 	 45,52 	 158,02 	 983,84 	 93,02 	 124,44 	 12,06 
22.02.2002	 2,38 	 743,11 	 194,87 	 1 662,00 	 1 447,77 	 16,45 	 10,94 	 1 045,45 	 5 401,36 	 34,77 	 2 597,28 	 419,38 	 126,59 	 186,99 	 397,99 	 53,80 	 2 073,64 	 908,92 	 312,30 	 2 367,10 	 45,43 	 158,40 	 978,16 	 92,56 	 124,47 	 12,00 
23.02.2002	 855,89 	 743,20 	 194,81 	 1 665,00 	 1 448,13 	 16,45 	 10,95 	 1 045,07 	 5 409,18 	 34,83 	 2 602,17 	 419,46 	 126,45 	 186,99 	 398,93 	 53,98 	 2 073,47 	 908,27 	 312,88 	 2 374,46 	 45,65 	 158,18 	 977,40 	 92,53 	 123,87 	 11,99 
24.02.2002	 2,38 	 743,20 	 194,81 	 1 665,00 	 1 448,13 	 16,45 	 10,95 	 1 045,07 	 5 409,18 	 34,83 	 2 602,17 	 419,46 	 126,45 	 186,99 	 398,93 	 53,98 	 2 073,47 	 908,27 	 312,88 	 2 374,46 	 45,65 	 158,18 	 977,40 	 92,53 	 123,87 	 11,99 
25.02.2002	 2,38 	 743,20 	 194,81 	 1 665,00 	 1 448,13 	 16,45 	 10,95 	 1 045,07 	 5 409,18 	 34,83 	 2 602,17 	 419,46 	 126,45 	 186,99 	 398,93 	 53,98 	 2 073,47 	 908,27 	 312,88 	 2 374,46 	 45,65 	 158,18 	 977,40 	 92,53 	 123,87 	 11,99 
26.02.2002	 2,38 	 747,51 	 195,93 	 1 665,00 	 1 456,63 	 16,49 	 10,93 	 1 042,38 	 5 413,23 	 34,83 	 2 605,84 	 421,89 	 126,04 	 187,77 	 399,54 	 53,98 	 2 072,64 	 909,17 	 312,86 	 2 381,78 	 45,91 	 159,49 	 986,02 	 93,10 	 124,30 	 11,96 
27.02.2002	 857,60 	 744,24 	 195,18 	 1 668,00 	 1 450,66 	 16,55 	 10,95 	 1 039,64 	 5 419,98 	 34,90 	 2 602,79 	 420,05 	 125,89 	 187,44 	 397,85 	 53,99 	 2 079,28 	 910,51 	 313,43 	 2 377,98 	 45,59 	 160,01 	 982,53 	 92,70 	 124,59 	 12,03 
28.02.2002	 2,38 	 740,35 	 194,11 	 1 670,00 	 1 442,55 	 16,50 	 10,97 	 1 038,88 	 5 420,67 	 34,89 	 2 597,81 	 417,87 	 125,71 	 186,76 	 398,09 	 54,00 	 2 077,03 	 909,66 	 313,62 	 2 365,64 	 45,46 	 158,88 	 976,89 	 92,20 	 124,08 	 11,89 
01.03.2002	 2,41 	 742,09 	 194,56 	 1 670,00 	 1 445,97 	 16,61 	 10,98 	 1 039,33 	 5 423,13 	 34,89 	 2 603,07 	 418,85 	 124,91 	 187,46 	 396,88 	 53,98 	 2 072,20 	 911,45 	 313,85 	 2 367,73 	 45,68 	 159,40 	 978,96 	 92,38 	 124,84 	 11,93 
02.03.2002	 2,41 	 744,37 	 195,10 	 1 670,00 	 1 449,98 	 16,65 	 10,98 	 1 043,36 	 5 425,07 	 34,89 	 2 606,32 	 420,08 	 124,63 	 187,79 	 394,71 	 53,97 	 2 073,52 	 912,24 	 313,75 	 2 369,15 	 45,90 	 159,81 	 982,76 	 92,67 	 125,00 	 12,08 
03.03.2002	 2,41 	 744,37 	 195,10 	 1 670,00 	 1 449,98 	 16,65 	 10,98 	 1 043,36 	 5 425,07 	 34,89 	 2 606,32 	 420,08 	 124,63 	 187,79 	 394,71 	 53,97 	 2 073,52 	 912,24 	 313,75 	 2 369,15 	 45,90 	 159,81 	 982,76 	 92,67 	 125,00 	 12,08 
04.03.2002	 2,41 	 744,37 	 195,10 	 1 670,00 	 1 449,98 	 16,65 	 10,98 	 1 043,36 	 5 425,07 	 34,89 	 2 606,32 	 420,08 	 124,63 	 187,79 	 394,71 	 53,97 	 2 073,52 	 912,24 	 313,75 	 2 369,15 	 45,90 	 159,81 	 982,76 	 92,67 	 125,00 	 12,08 
05.03.2002	 2,41 	 742,43 	 194,64 	 1 673,00 	 1 446,14 	 16,71 	 10,99 	 1 051,04 	 5 432,70 	 34,95 	 2 614,27 	 418,69 	 124,16 	 188,00 	 398,69 	 53,98 	 2 080,94 	 914,96 	 314,00 	 2 373,15 	 45,90 	 159,52 	 977,85 	 92,43 	 126,05 	 12,04 
06.03.2002	 2,41 	 746,78 	 195,77 	 1 675,00 	 1 454,74 	 16,64 	 11,01 	 1 053,00 	 5 443,70 	 35,07 	 2 622,72 	 421,22 	 124,12 	 189,37 	 402,02 	 54,04 	 2 082,31 	 915,55 	 314,63 	 2 380,85 	 46,07 	 160,80 	 985,29 	 92,97 	 126,54 	 12,15 
07.03.2002	 2,41 	 748,82 	 196,41 	 1 675,00 	 1 458,93 	 16,57 	 11,01 	 1 055,45 	 5 444,94 	 35,07 	 2 628,07 	 422,57 	 124,17 	 189,82 	 403,86 	 54,04 	 2 086,03 	 917,41 	 314,65 	 2 381,10 	 46,16 	 161,56 	 988,03 	 93,27 	 127,12 	 12,11 
08.03.2002	 2,41 	 755,59 	 198,06 	 1 675,00 	 1 472,49 	 16,56 	 11,01 	 1 059,46 	 5 452,47 	 35,07 	 2 642,58 	 426,45 	 124,72 	 190,33 	 404,80 	 54,04 	 2 088,46 	 919,82 	 314,73 	 2 392,74 	 46,66 	 162,47 	 998,30 	 94,10 	 129,61 	 12,28 
09.03.2002	 2,41 	 755,59 	 198,06 	 1 675,00 	 1 472,49 	 16,56 	 11,01 	 1 059,46 	 5 452,47 	 35,07 	 2 642,58 	 426,45 	 124,72 	 190,33 	 404,80 	 54,04 	 2 088,46 	 919,82 	 314,73 	 2 392,74 	 46,66 	 162,47 	 998,30 	 94,10 	 129,61 	 12,28 
10.03.2002	 2,41 	 755,59 	 198,06 	 1 675,00 	 1 472,49 	 16,56 	 11,01 	 1 059,46 	 5 452,47 	 35,07 	 2 642,58 	 426,45 	 124,72 	 190,33 	 404,80 	 54,04 	 2 088,46 	 919,82 	 314,73 	 2 392,74 	 46,66 	 162,47 	 998,30 	 94,10 	 129,61 	 12,28 
11.03.2002	 2,41 	 755,59 	 198,06 	 1 675,00 	 1 472,49 	 16,56 	 11,01 	 1 059,46 	 5 452,47 	 35,07 	 2 642,58 	 426,45 	 124,72 	 190,33 	 404,80 	 54,04 	 2 088,46 	 919,82 	 314,73 	 2 392,74 	 46,66 	 162,47 	 998,30 	 94,10 	 129,61 	 12,28 
12.03.2002	 875,77 	 755,59 	 198,06 	 1 675,00 	 1 472,49 	 16,56 	 11,01 	 1 059,46 	 5 452,47 	 35,07 	 2 642,58 	 426,45 	 124,72 	 190,33 	 404,80 	 53,92 	 2 088,46 	 919,82 	 314,73 	 2 392,74 	 46,66 	 162,47 	 998,30 	 94,10 	 129,61 	 12,28 
13.03.2002	 2,41 	 752,24 	 197,23 	 1 679,00 	 1 465,77 	 16,71 	 11,04 	 1 059,97 	 5 463,89 	 35,20 	 2 643,05 	 424,36 	 124,09 	 189,90 	 405,02 	 54,07 	 2 102,24 	 921,44 	 315,48 	 2 373,77 	 46,44 	 161,37 	 997,27 	 93,70 	 130,39 	 12,30 
14.03.2002	 874,17 	 754,27 	 197,80 	 1 679,00 	 1 469,71 	 16,62 	 11,04 	 1 058,44 	 5 464,96 	 35,20 	 2 641,39 	 425,70 	 123,05 	 189,66 	 403,36 	 54,03 	 2 100,87 	 920,45 	 315,50 	 2 372,01 	 46,56 	 160,79 	 1 000,30 	 93,93 	 129,79 	 12,33 
15.03.2002	 2,41 	 761,86 	 199,73 	 1 685,00 	 1 484,32 	 16,79 	 11,07 	 1 055,67 	 5 487,17 	 35,33 	 2 658,78 	 429,90 	 123,22 	 191,06 	 406,44 	 54,31 	 2 107,83 	 924,73 	 316,61 	 2 388,91 	 46,99 	 162,37 	 1 012,56 	 94,90 	 130,86 	 12,40 
16.03.2002	 2,41 	 765,43 	 200,62 	 1 687,00 	 1 491,14 	 16,85 	 11,09 	 1 060,61 	 5 492,97 	 35,37 	 2 664,03 	 431,95 	 124,73 	 192,23 	 409,76 	 54,30 	 2 117,52 	 926,74 	 316,99 	 2 397,90 	 47,30 	 163,17 	 1 018,72 	 95,30 	 130,59 	 12,49 
17.03.2002	 883,57 	 765,43 	 200,62 	 1 687,00 	 1 491,14 	 16,85 	 11,09 	 1 060,61 	 5 492,97 	 35,37 	 2 664,03 	 431,95 	 124,73 	 192,23 	 409,76 	 54,30 	 2 117,52 	 926,74 	 316,99 	 2 397,90 	 47,30 	 163,17 	 1 018,72 	 95,30 	 130,59 	 12,49 
18.03.2002	 2,41 	 765,43 	 200,62 	 1 687,00 	 1 491,14 	 16,85 	 11,09 	 1 060,61 	 5 492,97 	 35,37 	 2 664,03 	 431,95 	 124,73 	 192,23 	 409,76 	 54,30 	 2 117,52 	 926,74 	 316,99 	 2 397,90 	 47,30 	 163,17 	 1 018,72 	 95,30 	 130,59 	 12,49 
19.03.2002	 2,41 	 762,77 	 200,05 	 1 690,00 	 1 486,35 	 16,85 	 11,11 	 1 065,88 	 5 504,62 	 35,44 	 2 660,79 	 430,58 	 124,95 	 191,37 	 411,24 	 54,32 	 2 122,91 	 925,77 	 317,56 	 2 403,43 	 47,30 	 163,29 	 1 016,21 	 95,00 	 129,35 	 12,54 
20.03.2002	 2,41 	 765,13 	 200,60 	 1 692,00 	 1 491,24 	 16,83 	 11,11 	 1 067,07 	 5 511,76 	 35,19 	 2 666,88 	 431,95 	 125,10 	 192,78 	 412,23 	 54,36 	 2 117,59 	 924,94 	 317,91 	 2 413,38 	 47,47 	 164,64 	 1 015,91 	 95,31 	 128,49 	 12,47 
21.03.2002	 2,41 	 764,46 	 200,44 	 1 695,00 	 1 490,16 	 16,86 	 11,14 	 1 071,23 	 5 517,49 	 35,26 	 2 668,66 	 431,62 	 125,32 	 193,09 	 411,61 	 54,44 	 2 125,33 	 926,81 	 318,44 	 2 409,87 	 47,54 	 165,02 	 1 017,77 	 95,23 	 128,20 	 12,51 
22.03.2002	 2,41 	 768,86 	 201,63 	 1 696,00 	 1 499,26 	 16,85 	 11,14 	 1 073,83 	 5 523,35 	 35,28 	 2 679,09 	 434,23 	 125,40 	 194,56 	 413,13 	 54,48 	 2 121,42 	 928,76 	 318,65 	 2 424,69 	 48,01 	 166,52 	 1 023,29 	 95,82 	 128,86 	 12,60 
23.03.2002	 899,30 	 765,97 	 201,01 	 1 696,00 	 1 494,35 	 16,99 	 11,14 	 1 075,26 	 5 521,19 	 35,28 	 2 674,02 	 433,08 	 125,40 	 194,02 	 412,95 	 54,50 	 2 126,73 	 926,40 	 318,65 	 2 420,28 	 48,10 	 165,87 	 1 022,18 	 95,51 	 128,06 	 12,67 
24.03.2002	 2,41 	 765,97 	 201,01 	 1 696,00 	 1 494,35 	 16,99 	 11,14 	 1 075,26 	 5 521,19 	 35,28 	 2 674,02 	 433,08 	 125,40 	 194,02 	 412,95 	 54,50 	 2 126,73 	 926,40 	 318,65 	 2 420,28 	 48,10 	 165,87 	 1 022,18 	 95,51 	 128,06 	 12,67 
25.03.2002	 2,41 	 765,97 	 201,01 	 1 696,00 	 1 494,35 	 16,99 	 11,14 	 1 075,26 	 5 521,19 	 35,28 	 2 674,02 	 433,08 	 125,40 	 194,02 	 412,95 	 54,50 	 2 126,73 	 926,40 	 318,65 	 2 420,28 	 48,10 	 165,87 	 1 022,18 	 95,51 	 128,06 	 12,67 
26.03.2002	 2,41 	 762,66 	 200,26 	 1 696,00 	 1 488,66 	 16,92 	 11,14 	 1 072,87 	 5 517,42 	 35,28 	 2 668,97 	 431,06 	 125,86 	 193,27 	 411,05 	 54,44 	 2 121,17 	 923,32 	 318,66 	 2 418,92 	 47,85 	 165,18 	 1 019,08 	 95,14 	 127,40 	 12,65 
27.03.2002	 899,72 	 764,03 	 200,50 	 1 700,00 	 1 490,31 	 17,01 	 11,16 	 1 068,95 	 5 529,71 	 35,31 	 2 674,85 	 431,66 	 126,16 	 192,97 	 411,10 	 54,60 	 2 121,97 	 922,31 	 319,40 	 2 422,75 	 47,84 	 165,15 	 1 021,02 	 95,29 	 128,06 	 12,63 
28.03.2002	 2,41 	 764,45 	 200,61 	 1 703,00 	 1 491,57 	 17,08 	 11,17 	 1 072,08 	 5 539,65 	 35,37 	 2 679,57 	 431,93 	 126,38 	 193,27 	 413,80 	 54,73 	 2 123,47 	 923,86 	 319,95 	 2 427,63 	 47,87 	 165,36 	 1 017,17 	 95,32 	 128,48 	 12,73 
29.03.2002	 907,87 	 762,53 	 200,18 	 1 707,00 	 1 487,82 	 17,08 	 11,20 	 1 071,53 	 5 551,31 	 35,46 	 2 681,64 	 430,94 	 126,68 	 193,06 	 414,77 	 54,94 	 2 131,39 	 927,09 	 320,70 	 2 428,46 	 47,77 	 165,00 	 1 014,50 	 95,09 	 128,68 	 12,71 
30.03.2002	 2,41 	 764,62 	 200,66 	 1 710,00 	 1 491,38 	 17,10 	 11,22 	 1 073,48 	 5 561,70 	 35,52 	 2 686,78 	 432,01 	 126,90 	 193,50 	 413,89 	 54,94 	 2 132,06 	 928,11 	 321,22 	 2 437,18 	 48,19 	 165,12 	 1 017,77 	 95,25 	 128,82 	 12,79 
31.03.2002	 2,41 	 764,62 	 200,66 	 1 710,00 	 1 491,38 	 17,10 	 11,22 	 1 073,48 	 5 561,70 	 35,52 	 2 686,78 	 432,01 	 126,90 	 193,50 	 413,89 	 54,94 	 2 132,06 	 928,11 	 321,22 	 2 437,18 	 48,19 	 165,12 	 1 017,77 	 95,25 	 128,82 	 12,79 
01.04.2002	 2,46 	 764,62 	 200,66 	 1 710,00 	 1 491,38 	 17,10 	 11,22 	 1 073,48 	 5 561,70 	 35,52 	 2 686,78 	 432,01 	 126,90 	 193,50 	 413,89 	 54,94 	 2 132,06 	 928,11 	 321,22 	 2 437,18 	 48,19 	 165,12 	 1 017,77 	 95,25 	 128,82 	 12,79 
02.04.2002	 2,46 	 766,75 	 201,16 	 1 711,00 	 1 495,59 	 17,14 	 11,22 	 1 071,25 	 5 566,58 	 35,54 	 2 689,62 	 433,23 	 126,98 	 194,05 	 415,44 	 54,89 	 2 133,31 	 926,37 	 321,47 	 2 442,37 	 48,44 	 165,75 	 1 021,00 	 95,55 	 128,43 	 12,67 
03.04.2002	 914,06 	 771,92 	 202,60 	 1 713,00 	 1 505,98 	 17,21 	 11,24 	 1 070,49 	 5 577,44 	 35,58 	 2 697,43 	 436,21 	 127,12 	 195,76 	 416,56 	 54,95 	 2 139,81 	 927,48 	 321,84 	 2 464,66 	 48,50 	 166,77 	 1 029,23 	 96,25 	 128,46 	 12,83 
04.04.2002	 910,08 	 772,80 	 202,91 	 1 716,00 	 1 508,36 	 17,26 	 11,23 	 1 077,69 	 5 586,21 	 35,78 	 2 702,15 	 436,89 	 127,58 	 196,69 	 419,00 	 55,01 	 2 144,59 	 930,59 	 322,25 	 2 466,06 	 49,47 	 166,43 	 1 032,09 	 96,40 	 129,23 	 12,81 
05.04.2002	 2,46 	 776,87 	 203,99 	 1 720,00 	 1 516,70 	 17,33 	 11,25 	 1 081,45 	 5 600,33 	 35,87 	 2 710,58 	 439,25 	 127,88 	 198,46 	 421,26 	 55,16 	 2 151,26 	 934,71 	 322,61 	 2 469,32 	 49,73 	 167,22 	 1 037,64 	 96,92 	 129,93 	 13,01 
06.04.2002	 2,46 	 774,94 	 203,57 	 1 722,00 	 1 513,04 	 17,32 	 11,28 	 1 080,40 	 5 604,37 	 35,91 	 2 712,02 	 438,16 	 128,03 	 197,92 	 420,26 	 55,22 	 2 156,99 	 937,91 	 322,93 	 2 469,09 	 49,28 	 167,74 	 1 032,37 	 96,77 	 130,43 	 13,13 
07.04.2002	 915,42 	 774,94 	 203,57 	 1 722,00 	 1 513,04 	 17,32 	 11,28 	 1 080,40 	 5 604,37 	 35,91 	 2 712,02 	 438,16 	 128,03 	 197,92 	 420,26 	 55,22 	 2 156,99 	 937,91 	 322,93 	 2 469,09 	 49,28 	 167,74 	 1 032,37 	 96,77 	 130,43 	 13,13 
08.04.2002	 2,46 	 774,94 	 203,57 	 1 722,00 	 1 513,04 	 17,32 	 11,28 	 1 080,40 	 5 604,37 	 35,91 	 2 712,02 	 438,16 	 128,03 	 197,92 	 420,26 	 55,22 	 2 156,99 	 937,91 	 322,93 	 2 469,09 	 49,28 	 167,74 	 1 032,37 	 96,77 	 130,43 	 13,13 
09.04.2002	 2,46 	 774,85 	 203,39 	 1 723,00 	 1 511,93 	 17,29 	 11,29 	 1 083,92 	 5 609,36 	 35,93 	 2 714,03 	 437,83 	 127,87 	 197,82 	 421,60 	 55,24 	 2 156,42 	 939,04 	 322,87 	 2 469,15 	 49,18 	 167,36 	 1 032,54 	 96,65 	 131,23 	 13,15 
10.04.2002	 2,46 	 774,79 	 203,18 	 1 725,00 	 1 510,58 	 17,40 	 11,30 	 1 081,03 	 5 616,06 	 36,04 	 2 716,32 	 437,40 	 127,97 	 197,61 	 420,84 	 55,35 	 2 159,73 	 938,70 	 323,31 	 2 469,86 	 49,41 	 166,48 	 1 029,79 	 96,52 	 131,06 	 13,12 
11.04.2002	 2,46 	 780,02 	 204,58 	 1 727,00 	 1 521,23 	 17,53 	 11,32 	 1 083,91 	 5 626,87 	 36,08 	 2 725,91 	 440,65 	 128,16 	 198,66 	 422,68 	 55,41 	 2 160,41 	 941,17 	 323,41 	 2 482,91 	 50,01 	 167,05 	 1 037,02 	 97,23 	 132,08 	 13,20 
12.04.2002	 2,46 	 780,39 	 204,46 	 1 727,00 	 1 520,62 	 17,54 	 11,32 	 1 085,79 	 5 624,58 	 36,08 	 2 724,62 	 440,45 	 128,16 	 199,43 	 422,64 	 55,36 	 2 163,63 	 940,86 	 323,41 	 2 479,37 	 50,01 	 167,50 	 1 035,00 	 97,15 	 131,14 	 13,33 
13.04.2002	 2,46 	 780,02 	 204,58 	 1 727,00 	 1 521,23 	 17,53 	 11,32 	 1 083,91 	 5 626,87 	 36,08 	 2 725,91 	 440,65 	 128,16 	 198,66 	 422,68 	 55,40 	 2 160,41 	 941,17 	 323,41 	 2 482,91 	 50,01 	 167,05 	 1 037,02 	 97,23 	 132,08 	 13,20 
14.04.2002	 916,43 	 780,02 	 204,58 	 1 727,00 	 1 521,23 	 17,53 	 11,32 	 1 083,91 	 5 626,87 	 36,08 	 2 725,91 	 440,65 	 128,16 	 198,66 	 422,68 	 55,40 	 2 160,41 	 941,17 	 323,41 	 2 482,91 	 50,01 	 167,05 	 1 037,02 	 97,23 	 132,08 	 13,20 
15.04.2002	 2,46 	 780,02 	 204,58 	 1 727,00 	 1 521,23 	 17,53 	 11,32 	 1 083,91 	 5 626,87 	 36,08 	 2 725,91 	 440,65 	 128,16 	 198,66 	 422,68 	 55,40 	 2 160,41 	 941,17 	 323,41 	 2 482,91 	 50,01 	 167,05 	 1 037,02 	 97,23 	 132,08 	 13,20 
16.04.2002	 2,46 	 781,70 	 204,69 	 1 727,00 	 1 521,83 	 17,70 	 11,32 	 1 089,62 	 5 625,04 	 36,08 	 2 725,91 	 440,83 	 128,16 	 199,76 	 425,47 	 55,44 	 2 162,77 	 940,55 	 323,94 	 2 482,48 	 50,76 	 167,45 	 1 037,74 	 97,28 	 131,17 	 13,22 
17.04.2002	 2,46 	 782,24 	 204,86 	 1 730,00 	 1 522,83 	 17,73 	 11,34 	 1 090,11 	 5 632,61 	 36,14 	 2 732,80 	 441,11 	 128,62 	 199,54 	 425,85 	 55,54 	 2 168,14 	 942,37 	 324,67 	 2 485,23 	 50,50 	 166,71 	 1 036,30 	 97,33 	 131,56 	 13,32 
18.04.2002	 928,09 	 788,89 	 206,70 	 1 732,00 	 1 536,72 	 17,87 	 11,35 	 1 095,86 	 5 645,00 	 36,18 	 2 742,68 	 445,12 	 128,77 	 201,23 	 427,41 	 55,60 	 2 170,29 	 946,71 	 325,04 	 2 501,87 	 50,56 	 167,80 	 1 045,01 	 98,22 	 132,40 	 13,29 
19.04.2002	 933,52 	 792,67 	 207,64 	 1 735,00 	 1 543,80 	 17,85 	 11,37 	 1 102,15 	 5 659,95 	 36,24 	 2 749,82 	 446,97 	 129,00 	 202,14 	 429,40 	 55,67 	 2 178,16 	 950,68 	 325,61 	 2 509,24 	 50,64 	 168,72 	 1 050,59 	 98,69 	 132,86 	 13,33 
20.04.2002	 2,46 	 793,32 	 207,98 	 1 735,00 	 1 546,06 	 17,89 	 11,37 	 1 101,97 	 5 660,69 	 36,24 	 2 752,00 	 447,72 	 129,00 	 202,55 	 430,04 	 55,66 	 2 182,97 	 951,96 	 325,61 	 2 511,76 	 50,64 	 168,46 	 1 053,05 	 98,82 	 133,14 	 13,25 
21.04.2002	 2,46 	 793,32 	 207,98 	 1 735,00 	 1 546,06 	 17,89 	 11,37 	 1 101,97 	 5 660,69 	 36,24 	 2 752,00 	 447,72 	 129,00 	 202,55 	 430,04 	 55,66 	 2 182,97 	 951,96 	 325,61 	 2 511,76 	 50,64 	 168,46 	 1 053,05 	 98,82 	 133,14 	 13,25 
22.04.2002	 936,99 	 793,32 	 207,98 	 1 735,00 	 1 546,06 	 17,89 	 11,37 	 1 101,97 	 5 660,69 	 36,24 	 2 752,00 	 447,72 	 129,00 	 202,55 	 430,04 	 55,66 	 2 182,97 	 951,96 	 325,61 	 2 511,76 	 50,64 	 168,46 	 1 053,05 	 98,82 	 133,14 	 13,25 
23.04.2002	 735,48 	 791,21 	 207,57 	 1 735,00 	 1 543,11 	 17,99 	 11,35 	 1 102,32 	 5 660,69 	 36,24 	 2 750,69 	 446,76 	 128,76 	 202,95 	 429,08 	 55,70 	 2 186,26 	 954,74 	 324,30 	 2 510,55 	 51,19 	 167,61 	 1 051,93 	 98,62 	 133,39 	 13,20 
24.04.2002	 937,68 	 789,57 	 207,21 	 1 735,00 	 1 539,55 	 18,04 	 11,36 	 1 103,90 	 5 660,69 	 36,24 	 2 748,51 	 445,88 	 129,00 	 202,38 	 429,77 	 55,70 	 2 184,24 	 954,82 	 325,61 	 2 513,67 	 51,06 	 167,53 	 1 048,59 	 98,42 	 133,56 	 13,11 
25.04.2002	 2,46 	 790,79 	 207,47 	 1 735,00 	 1 542,15 	 18,20 	 11,35 	 1 102,46 	 5 660,50 	 36,13 	 2 750,69 	 446,51 	 129,00 	 202,60 	 429,08 	 55,68 	 2 183,72 	 953,79 	 325,60 	 2 509,94 	 51,00 	 168,21 	 1 051,74 	 98,57 	 133,45 	 12,99 
26.04.2002	 943,32 	 796,71 	 208,87 	 1 735,00 	 1 552,74 	 18,40 	 11,35 	 1 107,39 	 5 664,66 	 36,13 	 2 756,81 	 449,70 	 128,76 	 203,79 	 429,83 	 55,65 	 2 186,31 	 956,71 	 325,64 	 2 517,92 	 51,18 	 168,36 	 1 059,06 	 99,23 	 134,60 	 12,82 
27.04.2002	 945,45 	 799,28 	 209,53 	 1 737,00 	 1 557,57 	 18,46 	 11,35 	 1 109,83 	 5 672,02 	 36,17 	 2 760,43 	 451,16 	 129,14 	 205,21 	 431,07 	 55,68 	 2 198,54 	 960,01 	 325,97 	 2 523,08 	 51,26 	 168,76 	 1 062,52 	 99,55 	 134,99 	 12,71 
28.04.2002	 2,46 	 799,28 	 209,53 	 1 737,00 	 1 557,57 	 18,46 	 11,35 	 1 109,83 	 5 672,02 	 36,17 	 2 760,43 	 451,16 	 129,14 	 205,21 	 431,07 	 55,68 	 2 198,54 	 960,01 	 325,97 	 2 523,08 	 51,26 	 168,76 	 1 062,52 	 99,55 	 134,99 	 12,71 
29.04.2002	 2,46 	 799,28 	 209,53 	 1 737,00 	 1 557,57 	 18,46 	 11,35 	 1 109,83 	 5 672,02 	 36,17 	 2 760,43 	 451,16 	 129,14 	 205,21 	 431,07 	 55,68 	 2 198,54 	 960,01 	 325,97 	 2 523,08 	 51,26 	 168,76 	 1 062,52 	 99,55 	 134,99 	 12,71 
30.04.2002	 2,46 	 804,76 	 211,15 	 1 737,00 	 1 570,07 	 18,55 	 11,35 	 1 110,83 	 5 681,30 	 36,17 	 2 774,10 	 454,77 	 128,91 	 207,42 	 436,05 	 55,68 	 2 198,05 	 960,57 	 326,06 	 2 539,23 	 51,69 	 169,65 	 1 072,62 	 100,30 	 135,88 	 12,98 
01.05.2002	 935,03 	 803,39 	 210,83 	 1 737,00 	 1 567,56 	 18,49 	 11,35 	 1 107,00 	 5 679,07 	 36,17 	 2 771,44 	 453,97 	 129,14 	 206,67 	 436,43 	 55,68 	 2 206,08 	 958,77 	 326,09 	 2 531,76 	 51,28 	 169,37 	 1 070,74 	 100,18 	 135,45 	 13,01 
02.05.2002	 735,48 	 803,39 	 210,83 	 1 737,00 	 1 567,56 	 18,49 	 11,35 	 1 107,00 	 5 679,07 	 36,17 	 2 771,44 	 453,97 	 129,14 	 206,67 	 436,43 	 55,68 	 2 206,08 	 958,77 	 326,09 	 2 531,76 	 51,28 	 169,37 	 1 070,74 	 100,18 	 135,45 	 13,01 
03.05.2002	 2,46 	 806,37 	 211,73 	 1 737,00 	 1 573,64 	 18,67 	 11,35 	 1 111,93 	 5 686,13 	 36,17 	 2 778,53 	 455,58 	 129,14 	 207,89 	 436,74 	 55,68 	 2 202,03 	 960,17 	 326,09 	 2 546,36 	 51,28 	 169,50 	 1 082,07 	 100,58 	 136,60 	 12,68 
04.05.2002	 2,46 	 806,50 	 211,73 	 1 737,00 	 1 573,72 	 18,79 	 11,35 	 1 112,75 	 5 684,27 	 36,17 	 2 778,09 	 455,86 	 129,14 	 208,02 	 432,09 	 55,68 	 2 203,98 	 961,29 	 326,09 	 2 542,19 	 51,28 	 169,86 	 1 080,90 	 100,63 	 136,30 	 12,76 
05.05.2002	 933,20 	 806,50 	 211,73 	 1 737,00 	 1 573,72 	 18,79 	 11,35 	 1 112,75 	 5 684,27 	 36,17 	 2 778,09 	 455,86 	 129,14 	 208,02 	 432,09 	 55,68 	 2 203,98 	 961,29 	 326,09 	 2 542,19 	 51,28 	 169,86 	 1 080,90 	 100,63 	 136,30 	 12,76 
06.05.2002	 735,24 	 806,50 	 211,73 	 1 737,00 	 1 573,72 	 18,79 	 11,35 	 1 112,75 	 5 684,27 	 36,17 	 2 778,09 	 455,86 	 129,14 	 208,02 	 432,09 	 55,68 	 2 203,98 	 961,29 	 326,09 	 2 542,19 	 51,28 	 169,86 	 1 080,90 	 100,63 	 136,30 	 12,76 
07.05.2002	 2,46 	 815,52 	 214,06 	 1 740,00 	 1 591,32 	 19,02 	 11,37 	 1 112,89 	 5 700,81 	 36,24 	 2 791,37 	 460,76 	 129,37 	 209,93 	 437,38 	 55,77 	 2 211,37 	 964,10 	 326,65 	 2 554,58 	 51,36 	 171,42 	 1 092,45 	 101,68 	 136,72 	 12,65 
08.05.2002	 735,24 	 814,51 	 213,79 	 1 740,00 	 1 589,40 	 19,21 	 11,37 	 1 108,63 	 5 698,19 	 36,24 	 2 787,79 	 460,15 	 129,37 	 208,45 	 439,87 	 55,78 	 2 217,46 	 962,68 	 326,65 	 2 550,14 	 51,36 	 169,56 	 1 090,81 	 101,59 	 135,83 	 12,67 
09.05.2002	 945,73 	 812,42 	 213,25 	 1 742,00 	 1 585,31 	 19,05 	 11,39 	 1 112,96 	 5 707,73 	 36,28 	 2 787,87 	 459,30 	 129,28 	 208,55 	 437,06 	 55,81 	 2 220,70 	 963,10 	 327,14 	 2 547,07 	 52,16 	 169,88 	 1 089,12 	 101,31 	 135,69 	 12,66 
10.05.2002	 735,24 	 812,42 	 213,25 	 1 742,00 	 1 585,31 	 19,05 	 11,39 	 1 112,96 	 5 707,73 	 36,28 	 2 787,87 	 459,30 	 129,28 	 208,55 	 437,06 	 55,81 	 2 220,70 	 963,10 	 327,14 	 2 547,07 	 52,16 	 169,88 	 1 089,12 	 101,31 	 135,69 	 12,66 
11.05.2002	 2,46 	 812,42 	 213,25 	 1 742,00 	 1 585,31 	 19,05 	 11,39 	 1 112,96 	 5 707,73 	 36,28 	 2 787,87 	 459,30 	 129,28 	 208,55 	 437,06 	 55,81 	 2 220,70 	 963,10 	 327,14 	 2 547,07 	 52,16 	 169,88 	 1 089,12 	 101,31 	 135,69 	 12,66 
12.05.2002	 735,24 	 812,42 	 213,25 	 1 742,00 	 1 585,31 	 19,05 	 11,39 	 1 112,96 	 5 707,73 	 36,28 	 2 787,87 	 459,30 	 129,28 	 208,55 	 437,06 	 55,81 	 2 220,70 	 963,10 	 327,14 	 2 547,07 	 52,16 	 169,88 	 1 089,12 	 101,31 	 135,69 	 12,66 
13.05.2002	 2,46 	 812,42 	 213,25 	 1 742,00 	 1 585,31 	 19,05 	 11,39 	 1 112,96 	 5 707,73 	 36,28 	 2 787,87 	 459,30 	 129,28 	 208,55 	 437,06 	 55,81 	 2 220,70 	 963,10 	 327,14 	 2 547,07 	 52,16 	 169,88 	 1 089,12 	 101,31 	 135,69 	 12,66 
14.05.2002	 735,24 	 817,09 	 214,46 	 1 742,00 	 1 594,80 	 19,08 	 11,39 	 1 118,93 	 5 704,74 	 36,28 	 2 796,82 	 461,79 	 129,32 	 211,26 	 433,60 	 55,75 	 2 219,36 	 965,66 	 326,98 	 2 550,38 	 52,04 	 170,55 	 1 096,42 	 101,92 	 136,64 	 12,60 
15.05.2002	 2,46 	 817,09 	 214,46 	 1 742,00 	 1 594,80 	 19,08 	 11,39 	 1 118,93 	 5 704,74 	 36,28 	 2 796,82 	 461,79 	 129,32 	 211,26 	 433,60 	 55,75 	 2 219,36 	 965,66 	 326,98 	 2 550,38 	 52,04 	 170,55 	 1 096,42 	 101,92 	 136,64 	 12,60 
16.05.2002	 735,24 	 806,78 	 211,52 	 1 742,00 	 1 572,50 	 19,04 	 11,39 	 1 117,06 	 5 694,67 	 36,28 	 2 780,30 	 455,60 	 129,28 	 208,79 	 428,69 	 55,75 	 2 211,70 	 964,32 	 326,94 	 2 523,03 	 51,52 	 170,88 	 1 080,85 	 100,48 	 135,94 	 12,50 
17.05.2002	 2,46 	 814,60 	 213,72 	 1 745,00 	 1 589,61 	 19,04 	 11,41 	 1 119,92 	 5 712,32 	 36,34 	 2 793,56 	 460,40 	 129,26 	 210,91 	 426,00 	 55,83 	 2 212,26 	 967,83 	 327,45 	 2 543,25 	 52,35 	 172,34 	 1 091,10 	 101,61 	 136,73 	 12,51 
18.05.2002	 735,24 	 817,64 	 214,66 	 1 745,00 	 1 596,33 	 19,11 	 11,41 	 1 124,39 	 5 715,41 	 36,34 	 2 796,25 	 462,46 	 129,26 	 211,63 	 423,54 	 55,83 	 2 220,55 	 971,90 	 327,32 	 2 543,08 	 52,45 	 173,59 	 1 096,31 	 102,03 	 137,12 	 12,42 
19.05.2002	 2,46 	 817,64 	 214,66 	 1 745,00 	 1 596,33 	 19,11 	 11,41 	 1 124,39 	 5 715,41 	 36,34 	 2 796,25 	 462,46 	 129,26 	 211,63 	 423,54 	 55,83 	 2 220,55 	 971,90 	 327,32 	 2 543,08 	 52,45 	 173,59 	 1 096,31 	 102,03 	 137,12 	 12,42 
20.05.2002	 735,24 	 817,64 	 214,66 	 1 745,00 	 1 596,33 	 19,11 	 11,41 	 1 124,39 	 5 715,41 	 36,34 	 2 796,25 	 462,46 	 129,26 	 211,63 	 423,54 	 55,83 	 2 220,55 	 971,90 	 327,32 	 2 543,08 	 52,45 	 173,59 	 1 096,31 	 102,03 	 137,12 	 12,42 
21.05.2002	 2,46 	 824,69 	 216,57 	 1 750,00 	 1 610,70 	 19,12 	 11,45 	 1 134,26 	 5 738,27 	 36,44 	 2 813,28 	 466,55 	 129,63 	 213,26 	 427,09 	 55,99 	 2 232,74 	 975,45 	 328,39 	 2 555,26 	 52,65 	 174,83 	 1 108,58 	 102,93 	 139,34 	 12,22 
22.05.2002	 735,24 	 826,36 	 216,98 	 1 753,00 	 1 613,99 	 19,16 	 11,46 	 1 138,42 	 5 748,67 	 36,51 	 2 815,84 	 467,55 	 129,85 	 214,15 	 427,56 	 56,09 	 2 243,79 	 978,10 	 328,89 	 2 555,09 	 52,49 	 175,96 	 1 110,90 	 103,14 	 139,94 	 12,33 
23.05.2002	 2,46 	 831,99 	 218,53 	 1 756,00 	 1 625,62 	 18,96 	 11,48 	 1 140,85 	 5 763,61 	 36,57 	 2 827,47 	 470,82 	 130,07 	 216,34 	 429,54 	 56,16 	 2 247,49 	 979,45 	 329,39 	 2 565,08 	 52,58 	 177,20 	 1 119,22 	 103,85 	 141,08 	 12,45 
24.05.2002	 735,24 	 831,58 	 218,30 	 1 758,00 	 1 623,95 	 18,93 	 11,50 	 1 143,94 	 5 767,72 	 36,61 	 2 827,96 	 470,43 	 130,22 	 216,75 	 429,23 	 56,21 	 2 257,92 	 977,67 	 329,88 	 2 565,80 	 53,04 	 177,94 	 1 117,36 	 103,78 	 140,93 	 12,39 
25.05.2002	 2,46 	 828,57 	 217,54 	 1 762,00 	 1 617,96 	 19,04 	 11,52 	 1 144,75 	 5 776,67 	 36,69 	 2 829,39 	 468,37 	 130,62 	 217,12 	 430,28 	 56,32 	 2 259,31 	 979,41 	 330,62 	 2 560,10 	 52,93 	 177,81 	 1 110,52 	 103,43 	 140,84 	 12,49 
26.05.2002	 735,24 	 828,57 	 217,54 	 1 762,00 	 1 617,96 	 19,04 	 11,52 	 1 144,75 	 5 776,67 	 36,69 	 2 829,39 	 468,37 	 130,62 	 217,12 	 430,28 	 56,32 	 2 259,31 	 979,41 	 330,62 	 2 560,10 	 52,93 	 177,81 	 1 110,52 	 103,43 	 140,84 	 12,49 
27.05.2002	 975,88 	 828,57 	 217,54 	 1 762,00 	 1 617,96 	 19,04 	 11,52 	 1 144,75 	 5 776,67 	 36,69 	 2 829,39 	 468,37 	 130,62 	 217,12 	 430,28 	 56,32 	 2 259,31 	 979,41 	 330,62 	 2 560,10 	 52,93 	 177,81 	 1 110,52 	 103,43 	 140,84 	 12,49 
28.05.2002	 735,24 	 829,61 	 217,80 	 1 762,00 	 1 619,72 	 19,10 	 11,52 	 1 147,62 	 5 776,48 	 36,69 	 2 830,98 	 469,14 	 129,56 	 217,73 	 431,68 	 56,32 	 2 254,36 	 979,90 	 330,55 	 2 564,59 	 52,85 	 177,18 	 1 110,17 	 103,52 	 140,89 	 12,54 
29.05.2002	 2,46 	 835,80 	 219,46 	 1 765,00 	 1 632,71 	 19,07 	 11,53 	 1 148,75 	 5 790,49 	 36,76 	 2 836,94 	 472,82 	 129,78 	 220,48 	 435,03 	 56,38 	 2 258,19 	 983,59 	 330,95 	 2 574,25 	 53,47 	 178,87 	 1 117,41 	 104,30 	 141,59 	 12,61 
30.05.2002	 735,24 	 841,57 	 221,05 	 1 767,00 	 1 644,02 	 19,09 	 11,54 	 1 154,26 	 5 800,67 	 36,80 	 2 843,35 	 476,19 	 129,83 	 222,08 	 435,70 	 56,44 	 2 268,42 	 986,13 	 331,52 	 2 581,23 	 53,81 	 179,47 	 1 122,83 	 105,07 	 142,08 	 12,48 
31.05.2002	 996,48 	 848,89 	 222,80 	 1 769,00 	 1 656,14 	 19,26 	 11,55 	 1 151,13 	 5 811,62 	 36,84 	 2 854,38 	 480,24 	 129,93 	 222,88 	 439,72 	 56,50 	 2 275,16 	 989,37 	 331,90 	 2 593,00 	 54,15 	 181,84 	 1 129,05 	 105,85 	 142,58 	 12,50 
01.06.2002	 735,24 	 850,77 	 223,44 	 1 771,00 	 1 660,58 	 19,35 	 11,56 	 1 154,27 	 5 820,49 	 36,88 	 2 858,53 	 481,03 	 130,12 	 222,73 	 439,51 	 56,57 	 2 436,63 	 992,32 	 332,22 	 2 596,55 	 54,53 	 182,14 	 1 134,17 	 106,12 	 142,78 	 12,24 
02.06.2002	 1 006,64 	 850,77 	 223,44 	 1 771,00 	 1 660,58 	 19,35 	 11,56 	 1 154,27 	 5 820,49 	 36,88 	 2 858,53 	 481,03 	 130,12 	 222,73 	 439,51 	 56,57 	 2 436,63 	 992,32 	 332,22 	 2 596,55 	 54,53 	 182,14 	 1 134,17 	 106,12 	 142,78 	 12,24 
03.06.2002	 735,24 	 850,77 	 223,44 	 1 771,00 	 1 660,58 	 19,35 	 11,56 	 1 154,27 	 5 820,49 	 36,88 	 2 858,53 	 481,03 	 130,12 	 222,73 	 439,51 	 56,57 	 2 436,63 	 992,32 	 332,22 	 2 596,55 	 54,53 	 182,14 	 1 134,17 	 106,12 	 142,78 	 12,24 
04.06.2002	 1 005,79 	 846,59 	 222,17 	 1 772,00 	 1 651,06 	 19,33 	 11,57 	 1 153,16 	 5 819,47 	 36,90 	 2 855,07 	 478,05 	 130,01 	 221,62 	 440,25 	 56,58 	 2 438,01 	 991,50 	 330,41 	 2 580,83 	 54,36 	 181,73 	 1 126,65 	 105,53 	 142,68 	 12,10 
05.06.2002	 705,02 	 857,44 	 225,18 	 1 774,00 	 1 674,04 	 19,54 	 11,59 	 1 163,05 	 5 833,42 	 36,94 	 2 878,70 	 484,86 	 130,06 	 225,10 	 441,79 	 56,62 	 2 440,76 	 994,51 	 332,76 	 2 600,06 	 55,22 	 183,61 	 1 141,06 	 106,97 	 143,71 	 12,30 
06.06.2002	 1 016,62 	 853,49 	 224,13 	 1 777,00 	 1 666,29 	 19,56 	 11,61 	 1 159,05 	 5 840,21 	 37,01 	 2 873,31 	 482,62 	 130,28 	 224,60 	 441,90 	 56,66 	 2 432,75 	 990,33 	 333,32 	 2 589,44 	 54,70 	 182,40 	 1 132,64 	 106,49 	 142,86 	 12,35 
07.06.2002	 705,02 	 853,07 	 224,02 	 1 779,00 	 1 665,14 	 19,58 	 11,62 	 1 159,56 	 5 844,00 	 37,05 	 2 873,29 	 482,36 	 130,33 	 225,51 	 442,43 	 56,66 	 2 292,65 	 988,97 	 333,71 	 2 589,25 	 54,46 	 182,43 	 1 132,11 	 106,39 	 142,46 	 12,36 
08.06.2002	 2,43 	 861,50 	 226,20 	 1 779,00 	 1 681,51 	 19,79 	 11,62 	 1 161,64 	 5 849,47 	 37,05 	 2 888,69 	 487,11 	 130,52 	 226,41 	 444,31 	 56,66 	 2 292,13 	 991,36 	 333,74 	 2 595,92 	 55,00 	 182,38 	 1 142,88 	 107,44 	 143,10 	 12,25 
09.06.2002	 705,02 	 861,50 	 226,20 	 1 779,00 	 1 681,51 	 19,79 	 11,62 	 1 161,64 	 5 849,47 	 37,05 	 2 888,69 	 487,11 	 130,52 	 226,41 	 444,31 	 56,66 	 2 292,13 	 991,36 	 333,74 	 2 595,92 	 55,00 	 182,38 	 1 142,88 	 107,44 	 143,10 	 12,25 
10.06.2002	 2,43 	 861,50 	 226,20 	 1 779,00 	 1 681,51 	 19,79 	 11,62 	 1 161,64 	 5 849,47 	 37,05 	 2 888,69 	 487,11 	 130,52 	 226,41 	 444,31 	 56,66 	 2 292,13 	 991,36 	 333,74 	 2 595,92 	 55,00 	 182,38 	 1 142,88 	 107,44 	 143,10 	 12,25 
11.06.2002	 705,02 	 861,68 	 226,15 	 1 782,00 	 1 681,58 	 19,82 	 11,64 	 1 160,38 	 5 856,64 	 37,11 	 2 892,15 	 487,07 	 130,45 	 226,54 	 442,40 	 56,74 	 2 301,83 	 993,62 	 334,30 	 2 597,80 	 54,97 	 182,56 	 1 142,71 	 107,47 	 142,95 	 12,10 
12.06.2002	 2,43 	 865,43 	 227,58 	 1 784,00 	 1 687,93 	 19,95 	 11,65 	 1 159,95 	 5 866,20 	 37,15 	 2 901,52 	 488,73 	 130,60 	 227,05 	 442,35 	 56,82 	 2 305,27 	 997,90 	 334,71 	 2 616,06 	 55,22 	 183,85 	 1 145,68 	 107,88 	 143,22 	 12,06 
13.06.2002	 705,02 	 869,29 	 227,83 	 1 786,00 	 1 694,11 	 19,90 	 11,66 	 1 162,42 	 5 872,68 	 37,50 	 2 906,90 	 490,63 	 129,00 	 228,43 	 443,18 	 56,89 	 2 306,12 	 1 000,20 	 335,13 	 2 632,03 	 55,70 	 184,98 	 1 146,97 	 108,29 	 142,34 	 11,67 
14.06.2002	 2,43 	 863,08 	 226,21 	 1 789,00 	 1 682,29 	 19,89 	 11,68 	 1 163,09 	 5 877,42 	 37,56 	 2 902,57 	 487,04 	 129,36 	 226,87 	 444,20 	 56,98 	 2 312,28 	 1 001,12 	 335,69 	 2 630,81 	 55,22 	 183,96 	 1 138,62 	 107,49 	 142,23 	 11,57 
15.06.2002	 705,02 	 866,85 	 227,00 	 1 790,00 	 1 688,06 	 19,94 	 11,69 	 1 161,70 	 5 885,64 	 37,58 	 2 911,75 	 489,03 	 129,43 	 227,74 	 444,80 	 57,02 	 2 309,19 	 1 000,81 	 335,32 	 2 636,49 	 55,48 	 184,61 	 1 144,21 	 107,90 	 143,35 	 11,57 
16.06.2002	 2,43 	 866,85 	 227,00 	 1 790,00 	 1 688,06 	 19,94 	 11,69 	 1 161,70 	 5 885,64 	 37,58 	 2 911,75 	 489,03 	 129,43 	 227,74 	 444,80 	 57,02 	 2 309,19 	 1 000,81 	 335,32 	 2 636,49 	 55,48 	 184,61 	 1 144,21 	 107,90 	 143,35 	 11,57 
17.06.2002	 705,02 	 866,85 	 227,00 	 1 790,00 	 1 688,06 	 19,94 	 11,69 	 1 161,70 	 5 885,64 	 37,58 	 2 911,75 	 489,03 	 129,43 	 227,74 	 444,80 	 57,02 	 2 309,19 	 1 000,81 	 335,32 	 2 636,49 	 55,48 	 184,61 	 1 144,21 	 107,90 	 143,35 	 11,57 
18.06.2002	 2,43 	 867,69 	 227,13 	 1 791,00 	 1 689,00 	 20,02 	 11,70 	 1 155,07 	 5 890,67 	 37,60 	 2 914,80 	 489,24 	 129,08 	 227,93 	 443,08 	 57,05 	 2 320,33 	 1 000,53 	 336,02 	 2 645,40 	 55,33 	 185,65 	 1 143,64 	 107,96 	 143,98 	 11,32 
19.06.2002	 705,02 	 871,83 	 228,32 	 1 792,00 	 1 697,02 	 20,09 	 11,71 	 1 159,83 	 5 895,51 	 37,81 	 2 917,85 	 491,60 	 129,01 	 228,45 	 442,74 	 57,05 	 2 317,72 	 1 000,75 	 336,20 	 2 653,77 	 55,70 	 187,37 	 1 149,97 	 108,45 	 143,80 	 11,31 
20.06.2002	 2,43 	 880,90 	 230,55 	 1 794,00 	 1 713,72 	 20,14 	 11,72 	 1 163,42 	 5 909,87 	 37,85 	 2 936,17 	 496,51 	 129,11 	 231,37 	 446,52 	 57,07 	 2 323,50 	 1 003,83 	 336,69 	 2 680,42 	 56,23 	 189,17 	 1 160,98 	 109,45 	 144,42 	 11,39 
21.06.2002	 705,02 	 883,34 	 231,32 	 1 795,00 	 1 719,34 	 20,15 	 11,73 	 1 166,61 	 5 912,97 	 37,87 	 2 941,42 	 498,03 	 129,18 	 233,39 	 445,13 	 57,09 	 2 335,60 	 1 006,62 	 336,85 	 2 675,27 	 56,38 	 189,70 	 1 169,76 	 109,92 	 145,00 	 11,72 
22.06.2002	 1 028,80 	 890,27 	 233,13 	 1 795,00 	 1 732,98 	 20,24 	 11,73 	 1 174,62 	 5 918,53 	 37,87 	 2 951,09 	 501,92 	 129,14 	 235,03 	 446,27 	 57,06 	 2 337,00 	 1 013,44 	 336,86 	 2 690,26 	 57,16 	 191,44 	 1 179,91 	 110,75 	 145,58 	 11,41 
23.06.2002	 705,02 	 890,27 	 233,13 	 1 795,00 	 1 732,98 	 20,24 	 11,73 	 1 174,62 	 5 918,53 	 37,87 	 2 951,09 	 501,92 	 129,14 	 235,03 	 446,27 	 57,06 	 2 337,00 	 1 013,44 	 336,86 	 2 690,26 	 57,16 	 191,44 	 1 179,91 	 110,75 	 145,58 	 11,41 
24.06.2002	 2,43 	 890,27 	 233,13 	 1 795,00 	 1 732,98 	 20,24 	 11,73 	 1 174,62 	 5 918,53 	 37,87 	 2 951,09 	 501,92 	 129,14 	 235,03 	 446,27 	 57,06 	 2 337,00 	 1 013,44 	 336,86 	 2 690,26 	 57,16 	 191,44 	 1 179,91 	 110,75 	 145,58 	 11,41 
25.06.2002	 705,02 	 902,58 	 236,39 	 1 795,00 	 1 756,59 	 20,43 	 11,73 	 1 182,52 	 5 932,90 	 37,87 	 2 972,10 	 508,74 	 129,23 	 237,08 	 447,02 	 57,03 	 2 345,49 	 1 016,71 	 335,26 	 2 700,85 	 57,88 	 193,12 	 1 196,15 	 112,34 	 147,84 	 11,45 
26.06.2002	 2,43 	 896,26 	 234,75 	 1 797,00 	 1 744,17 	 20,33 	 11,74 	 1 181,03 	 5 934,81 	 38,63 	 2 966,08 	 505,04 	 129,56 	 236,76 	 446,02 	 57,09 	 2 364,19 	 1 014,22 	 337,24 	 2 697,57 	 58,35 	 192,80 	 1 187,39 	 111,49 	 147,54 	 11,36 
27.06.2002	 705,02 	 912,67 	 239,05 	 1 797,00 	 1 776,15 	 20,49 	 11,73 	 1 190,26 	 5 952,30 	 38,63 	 2 993,25 	 514,50 	 129,56 	 240,65 	 448,97 	 57,11 	 2 356,08 	 1 018,79 	 337,26 	 2 737,73 	 59,36 	 195,60 	 1 208,72 	 113,53 	 149,33 	 11,02 
28.06.2002	 1 014,23 	 910,31 	 238,58 	 1 797,00 	 1 772,11 	 20,43 	 11,71 	 1 186,61 	 5 950,53 	 38,63 	 2 987,78 	 513,21 	 129,56 	 239,52 	 444,77 	 57,16 	 2 381,62 	 1 018,59 	 337,24 	 2 736,92 	 59,05 	 194,98 	 1 206,45 	 113,27 	 150,26 	 11,22 
29.06.2002	 705,02 	 915,82 	 240,48 	 1 800,00 	 1 786,59 	 20,66 	 11,74 	 1 192,65 	 5 969,16 	 38,69 	 2 990,78 	 517,36 	 130,01 	 240,88 	 444,66 	 57,24 	 2 377,01 	 1 021,62 	 336,07 	 2 757,24 	 60,65 	 196,53 	 1 213,31 	 114,17 	 151,10 	 11,47 
30.06.2002	 2,43 	 915,82 	 240,48 	 1 800,00 	 1 786,59 	 20,66 	 11,74 	 1 192,65 	 5 969,16 	 38,69 	 2 990,78 	 517,36 	 130,01 	 240,88 	 444,66 	 57,24 	 2 377,01 	 1 021,62 	 336,07 	 2 757,24 	 60,65 	 196,53 	 1 213,31 	 114,17 	 151,10 	 11,47 
01.07.2002	 705,02 	 915,82 	 240,48 	 1 800,00 	 1 786,59 	 20,66 	 11,74 	 1 192,65 	 5 969,16 	 38,69 	 2 990,78 	 517,36 	 130,01 	 240,88 	 444,66 	 57,24 	 2 377,01 	 1 021,62 	 336,07 	 2 757,24 	 60,65 	 196,53 	 1 213,31 	 114,17 	 151,10 	 11,47 
02.07.2002	 1 009,71 	 915,68 	 240,56 	 1 800,00 	 1 786,32 	 20,73 	 11,73 	 1 188,00 	 5 965,80 	 38,69 	 2 990,78 	 517,49 	 130,01 	 240,10 	 444,20 	 57,14 	 2 394,83 	 1 019,34 	 337,81 	 2 754,81 	 60,88 	 196,64 	 1 214,98 	 114,26 	 150,41 	 11,42 
03.07.2002	 637,62 	 907,65 	 238,33 	 1 802,00 	 1 770,46 	 20,72 	 11,75 	 1 180,25 	 5 969,36 	 39,05 	 2 981,72 	 512,83 	 130,34 	 240,11 	 449,80 	 57,18 	 2 386,41 	 1 016,87 	 338,20 	 2 750,03 	 60,69 	 194,86 	 1 206,08 	 113,15 	 149,61 	 11,38 
04.07.2002	 1 011,01 	 907,65 	 238,33 	 1 802,00 	 1 770,46 	 20,72 	 11,75 	 1 180,25 	 5 969,36 	 39,05 	 2 981,72 	 512,83 	 130,34 	 240,11 	 449,80 	 57,18 	 2 386,41 	 1 016,87 	 338,20 	 2 750,03 	 60,69 	 194,86 	 1 206,08 	 113,15 	 149,61 	 11,38 
05.07.2002	 637,62 	 903,08 	 237,03 	 1 804,00 	 1 760,88 	 20,83 	 11,74 	 1 176,09 	 5 972,22 	 39,09 	 2 978,13 	 509,98 	 130,82 	 240,60 	 438,48 	 57,25 	 2 379,64 	 1 019,41 	 338,55 	 2 752,18 	 59,78 	 192,89 	 1 202,15 	 112,55 	 150,07 	 11,15 
06.07.2002	 2,47 	 903,34 	 236,90 	 1 807,00 	 1 759,11 	 20,79 	 11,74 	 1 178,66 	 5 979,38 	 39,16 	 2 980,13 	 509,56 	 130,56 	 240,89 	 434,01 	 57,34 	 2 383,60 	 1 019,44 	 339,12 	 2 743,12 	 59,98 	 192,54 	 1 199,59 	 112,42 	 149,94 	 11,08 
07.07.2002	 637,62 	 903,34 	 236,90 	 1 807,00 	 1 759,11 	 20,79 	 11,74 	 1 178,66 	 5 979,38 	 39,16 	 2 980,13 	 509,56 	 130,56 	 240,89 	 434,01 	 57,34 	 2 383,60 	 1 019,44 	 339,12 	 2 743,12 	 59,98 	 192,54 	 1 199,59 	 112,42 	 149,94 	 11,08 
08.07.2002	 2,47 	 903,34 	 236,90 	 1 807,00 	 1 759,11 	 20,79 	 11,74 	 1 178,66 	 5 979,38 	 39,16 	 2 980,13 	 509,56 	 130,56 	 240,89 	 434,01 	 57,34 	 2 383,60 	 1 019,44 	 339,12 	 2 743,12 	 59,98 	 192,54 	 1 199,59 	 112,42 	 149,94 	 11,08 
09.07.2002	 637,62 	 913,83 	 239,62 	 1 807,00 	 1 779,62 	 20,94 	 11,72 	 1 189,83 	 5 989,00 	 39,16 	 2 999,92 	 515,50 	 131,13 	 243,59 	 436,16 	 57,31 	 2 376,40 	 1 024,29 	 337,06 	 2 768,69 	 60,64 	 194,81 	 1 213,12 	 113,74 	 152,16 	 10,88 
10.07.2002	 2,47 	 920,28 	 241,62 	 1 810,00 	 1 789,73 	 21,04 	 11,73 	 1 186,81 	 6 003,52 	 39,80 	 3 009,89 	 518,61 	 131,59 	 245,16 	 428,15 	 57,36 	 2 396,37 	 1 028,03 	 339,70 	 2 792,92 	 61,42 	 195,09 	 1 217,26 	 114,41 	 152,68 	 10,75 
11.07.2002	 637,62 	 926,88 	 242,82 	 1 812,00 	 1 803,39 	 21,10 	 11,77 	 1 197,15 	 6 015,84 	 39,85 	 3 020,25 	 522,33 	 131,73 	 247,23 	 432,56 	 57,44 	 2 406,97 	 1 035,49 	 340,10 	 2 811,23 	 62,47 	 194,75 	 1 223,37 	 115,29 	 153,84 	 10,91 
12.07.2002	 2,47 	 919,72 	 240,93 	 1 813,00 	 1 789,70 	 21,04 	 11,79 	 1 191,98 	 6 015,86 	 39,87 	 3 014,88 	 518,27 	 132,09 	 245,67 	 434,36 	 57,48 	 2 414,50 	 1 035,11 	 340,25 	 2 799,73 	 61,85 	 192,59 	 1 219,44 	 114,39 	 154,52 	 11,04 
13.07.2002	 637,62 	 922,47 	 241,72 	 1 814,00 	 1 795,41 	 20,97 	 11,79 	 1 191,23 	 6 022,18 	 39,89 	 3 026,11 	 519,76 	 132,17 	 245,02 	 434,54 	 57,48 	 2 408,48 	 1 038,29 	 338,18 	 2 815,51 	 60,78 	 194,18 	 1 223,94 	 114,75 	 155,39 	 10,91 
14.07.2002	 1 016,84 	 922,47 	 241,72 	 1 814,00 	 1 795,41 	 20,97 	 11,79 	 1 191,23 	 6 022,18 	 39,89 	 3 026,11 	 519,76 	 132,17 	 245,02 	 434,54 	 57,48 	 2 408,48 	 1 038,29 	 338,18 	 2 815,51 	 60,78 	 194,18 	 1 223,94 	 114,75 	 155,39 	 10,91 
15.07.2002	 637,62 	 922,47 	 241,72 	 1 814,00 	 1 795,41 	 20,97 	 11,79 	 1 191,23 	 6 022,18 	 39,89 	 3 026,11 	 519,76 	 132,17 	 245,02 	 434,54 	 57,48 	 2 408,48 	 1 038,29 	 338,18 	 2 815,51 	 60,78 	 194,18 	 1 223,94 	 114,75 	 155,39 	 10,91 
16.07.2002	 2,47 	 928,48 	 243,33 	 1 815,00 	 1 807,65 	 21,20 	 11,80 	 1 181,83 	 6 030,50 	 39,91 	 3 037,15 	 523,51 	 132,58 	 246,37 	 435,39 	 57,63 	 2 413,13 	 1 042,50 	 340,66 	 2 824,23 	 61,37 	 196,59 	 1 229,88 	 115,52 	 156,15 	 10,80 
17.07.2002	 637,62 	 941,32 	 246,61 	 1 815,00 	 1 831,79 	 21,49 	 11,80 	 1 181,03 	 6 042,15 	 39,46 	 3 053,24 	 530,51 	 132,19 	 248,62 	 435,20 	 57,66 	 2 425,64 	 1 045,93 	 340,66 	 2 855,63 	 62,12 	 196,67 	 1 247,38 	 117,00 	 156,26 	 10,80 
18.07.2002	 2,47 	 942,20 	 246,99 	 1 816,00 	 1 834,61 	 21,77 	 11,81 	 1 180,79 	 6 045,07 	 39,48 	 3 053,38 	 531,27 	 132,85 	 248,46 	 441,44 	 57,58 	 2 442,23 	 1 044,22 	 340,83 	 2 853,93 	 62,06 	 196,36 	 1 250,47 	 117,15 	 156,37 	 10,85 
19.07.2002	 637,62 	 937,91 	 245,76 	 1 818,00 	 1 826,45 	 21,68 	 11,82 	 1 180,60 	 6 046,90 	 39,52 	 3 045,74 	 529,20 	 132,99 	 247,57 	 447,29 	 57,58 	 2 436,76 	 1 042,85 	 341,25 	 2 840,81 	 61,27 	 196,96 	 1 247,64 	 116,74 	 155,07 	 10,97 
20.07.2002	 2,47 	 946,16 	 248,20 	 1 818,00 	 1 844,63 	 21,87 	 11,83 	 1 183,75 	 6 056,37 	 39,52 	 3 061,38 	 534,16 	 132,94 	 247,92 	 450,17 	 57,65 	 2 434,17 	 1 050,38 	 341,20 	 2 874,71 	 62,04 	 197,02 	 1 259,61 	 117,88 	 156,74 	 10,86 
21.07.2002	 637,62 	 946,16 	 248,20 	 1 818,00 	 1 844,63 	 21,87 	 11,83 	 1 183,75 	 6 056,37 	 39,52 	 3 061,38 	 534,16 	 132,94 	 247,92 	 450,17 	 57,65 	 2 434,17 	 1 050,38 	 341,20 	 2 874,71 	 62,04 	 197,02 	 1 259,61 	 117,88 	 156,74 	 10,86 
22.07.2002	 1 011,17 	 946,16 	 248,20 	 1 818,00 	 1 844,63 	 21,87 	 11,83 	 1 183,75 	 6 056,37 	 39,52 	 3 061,38 	 534,16 	 132,94 	 247,92 	 450,17 	 57,65 	 2 434,17 	 1 050,38 	 341,20 	 2 874,71 	 62,04 	 197,02 	 1 259,61 	 117,88 	 156,74 	 10,86 
23.07.2002	 637,62 	 942,53 	 247,26 	 1 818,00 	 1 837,73 	 21,58 	 11,83 	 1 177,23 	 6 053,04 	 39,52 	 3 055,21 	 532,20 	 133,19 	 245,79 	 452,63 	 57,70 	 2 445,70 	 1 047,54 	 339,05 	 2 862,62 	 61,05 	 194,53 	 1 260,84 	 117,48 	 156,29 	 10,83 
24.07.2002	 2,47 	 922,93 	 241,93 	 1 819,00 	 1 798,26 	 21,17 	 11,83 	 1 152,80 	 6 040,98 	 39,09 	 3 037,49 	 520,77 	 133,50 	 236,50 	 445,02 	 57,74 	 2 441,84 	 1 041,51 	 341,40 	 2 845,10 	 59,19 	 190,52 	 1 235,69 	 114,92 	 154,57 	 10,82 
25.07.2002	 637,62 	 925,41 	 242,26 	 1 822,00 	 1 800,14 	 21,28 	 11,85 	 1 151,52 	 6 050,94 	 39,16 	 3 040,21 	 521,69 	 133,72 	 238,47 	 442,93 	 57,83 	 2 425,96 	 1 044,07 	 341,93 	 2 847,51 	 59,64 	 188,76 	 1 239,46 	 115,11 	 155,08 	 10,82 
26.07.2002	 2,47 	 938,57 	 245,68 	 1 825,00 	 1 826,46 	 21,43 	 11,84 	 1 165,02 	 6 071,19 	 39,22 	 3 059,26 	 529,02 	 133,80 	 241,67 	 448,33 	 57,88 	 2 431,48 	 1 047,14 	 342,52 	 2 878,85 	 60,20 	 194,12 	 1 259,36 	 116,73 	 156,79 	 10,81 
27.07.2002	 637,62 	 938,44 	 245,85 	 1 827,00 	 1 828,00 	 21,41 	 11,86 	 1 161,47 	 6 076,73 	 39,27 	 3 059,53 	 529,43 	 133,99 	 240,25 	 446,04 	 57,99 	 2 444,00 	 1 039,90 	 342,89 	 2 884,28 	 59,96 	 193,04 	 1 262,48 	 116,82 	 155,68 	 10,83 
28.07.2002	 2,47 	 938,44 	 245,85 	 1 827,00 	 1 828,00 	 21,41 	 11,86 	 1 161,47 	 6 076,73 	 39,27 	 3 059,53 	 529,43 	 133,99 	 240,25 	 446,04 	 57,99 	 2 444,00 	 1 039,90 	 342,89 	 2 884,28 	 59,96 	 193,04 	 1 262,48 	 116,82 	 155,68 	 10,83 
29.07.2002	 637,62 	 938,44 	 245,85 	 1 827,00 	 1 828,00 	 21,41 	 11,86 	 1 161,47 	 6 076,73 	 39,27 	 3 059,53 	 529,43 	 133,99 	 240,25 	 446,04 	 57,99 	 2 444,00 	 1 039,90 	 342,89 	 2 884,28 	 59,96 	 193,04 	 1 262,48 	 116,82 	 155,68 	 10,83 
30.07.2002	 983,37 	 927,19 	 242,76 	 1 828,00 	 1 804,97 	 21,39 	 11,87 	 1 156,96 	 6 066,04 	 39,29 	 3 040,33 	 522,70 	 134,21 	 240,50 	 443,74 	 58,09 	 2 446,05 	 1 035,72 	 343,09 	 2 864,38 	 59,08 	 194,28 	 1 241,89 	 115,32 	 153,27 	 10,72 
31.07.2002	 2,47 	 922,50 	 241,62 	 1 829,00 	 1 795,62 	 21,40 	 11,86 	 1 166,08 	 6 063,32 	 39,52 	 3 037,20 	 519,97 	 134,34 	 239,08 	 441,31 	 58,17 	 2 422,57 	 1 037,50 	 343,07 	 2 856,07 	 59,33 	 194,13 	 1 233,10 	 114,76 	 152,84 	 10,83 
01.08.2002	 1 000,00 	 920,13 	 241,17 	 1 830,00 	 1 792,12 	 21,38 	 11,86 	 1 164,12 	 6 065,63 	 39,54 	 3 032,56 	 518,93 	 134,46 	 241,16 	 438,90 	 58,17 	 2 425,68 	 1 038,18 	 343,34 	 2 866,69 	 59,11 	 193,84 	 1 231,83 	 114,51 	 152,77 	 10,78 
02.08.2002	 556,23 	 921,51 	 241,45 	 1 831,00 	 1 793,83 	 21,38 	 11,87 	 1 164,35 	 6 068,94 	 39,56 	 3 036,23 	 519,59 	 134,53 	 241,31 	 439,19 	 58,08 	 2 427,01 	 1 038,87 	 343,54 	 2 867,07 	 59,22 	 193,80 	 1 233,33 	 114,68 	 152,68 	 10,80 
03.08.2002	 2,40 	 927,95 	 243,31 	 1 832,00 	 1 807,73 	 21,67 	 11,85 	 1 153,04 	 6 080,12 	 39,58 	 3 050,28 	 523,56 	 134,66 	 240,64 	 435,15 	 58,07 	 2 416,17 	 1 043,34 	 343,73 	 2 865,43 	 59,15 	 190,69 	 1 247,28 	 115,53 	 153,88 	 11,05 
04.08.2002	 556,23 	 927,95 	 243,31 	 1 832,00 	 1 807,73 	 21,67 	 11,85 	 1 153,04 	 6 080,12 	 39,58 	 3 050,28 	 523,56 	 134,66 	 240,64 	 435,15 	 58,07 	 2 416,17 	 1 043,34 	 343,73 	 2 865,43 	 59,15 	 190,69 	 1 247,28 	 115,53 	 153,88 	 11,05 
05.08.2002	 2,40 	 927,95 	 243,31 	 1 832,00 	 1 807,73 	 21,67 	 11,85 	 1 153,04 	 6 080,12 	 39,58 	 3 050,28 	 523,56 	 134,66 	 240,64 	 435,15 	 58,07 	 2 416,17 	 1 043,34 	 343,73 	 2 865,43 	 59,15 	 190,69 	 1 247,28 	 115,53 	 153,88 	 11,05 
06.08.2002	 556,23 	 926,32 	 242,67 	 1 833,00 	 1 801,56 	 21,46 	 11,86 	 1 157,45 	 6 081,22 	 39,60 	 3 047,63 	 522,16 	 134,68 	 239,97 	 439,64 	 58,11 	 2 437,18 	 1 042,66 	 343,92 	 2 867,64 	 59,23 	 191,04 	 1 239,39 	 115,17 	 153,76 	 11,30 
07.08.2002	 2,40 	 913,89 	 239,41 	 1 835,00 	 1 778,21 	 21,26 	 11,89 	 1 146,80 	 6 073,14 	 39,82 	 3 025,56 	 515,12 	 134,88 	 235,29 	 439,33 	 58,19 	 2 435,28 	 1 035,85 	 344,28 	 2 839,66 	 58,49 	 188,25 	 1 222,60 	 113,68 	 152,10 	 11,09 
08.08.2002	 2,40 	 913,16 	 239,22 	 1 836,00 	 1 776,97 	 21,50 	 11,90 	 1 155,95 	 6 071,43 	 39,84 	 3 023,96 	 514,62 	 134,90 	 235,90 	 436,60 	 58,19 	 2 414,12 	 1 035,94 	 344,47 	 2 822,94 	 58,34 	 191,23 	 1 218,92 	 113,56 	 151,96 	 11,20 
09.08.2002	 556,23 	 914,57 	 239,62 	 1 836,00 	 1 780,46 	 21,46 	 11,90 	 1 163,50 	 6 072,63 	 39,84 	 3 024,96 	 515,53 	 135,05 	 238,43 	 439,18 	 58,18 	 2 413,55 	 1 037,73 	 344,47 	 2 813,39 	 57,89 	 191,59 	 1 217,79 	 113,74 	 152,01 	 11,31 
10.08.2002	 981,98 	 913,93 	 239,44 	 1 836,00 	 1 778,72 	 21,37 	 11,91 	 1 163,39 	 6 071,63 	 39,84 	 3 023,72 	 515,17 	 135,00 	 238,24 	 439,18 	 58,13 	 2 410,70 	 1 037,99 	 344,48 	 2 807,98 	 57,76 	 191,63 	 1 217,22 	 113,66 	 151,77 	 11,18 
11.08.2002	 981,98 	 913,93 	 239,44 	 1 836,00 	 1 778,72 	 21,37 	 11,91 	 1 163,39 	 6 071,63 	 39,84 	 3 023,72 	 515,17 	 135,00 	 238,24 	 439,18 	 58,13 	 2 410,70 	 1 037,99 	 344,48 	 2 807,98 	 57,76 	 191,63 	 1 217,22 	 113,66 	 151,77 	 11,18 
12.08.2002	 2,40 	 913,93 	 239,44 	 1 836,00 	 1 778,72 	 21,37 	 11,91 	 1 163,39 	 6 071,63 	 39,84 	 3 023,72 	 515,17 	 135,00 	 238,24 	 439,18 	 58,13 	 2 410,70 	 1 037,99 	 344,48 	 2 807,98 	 57,76 	 191,63 	 1 217,22 	 113,66 	 151,77 	 11,18 
13.08.2002	 556,23 	 917,74 	 240,41 	 1 837,00 	 1 785,75 	 21,50 	 11,91 	 1 169,69 	 6 078,15 	 39,86 	 3 033,61 	 517,03 	 135,12 	 239,31 	 438,84 	 58,20 	 2 417,03 	 1 043,31 	 344,70 	 2 800,78 	 57,41 	 192,75 	 1 224,67 	 114,21 	 153,26 	 11,10 
14.08.2002	 987,02 	 921,89 	 241,54 	 1 837,00 	 1 794,29 	 21,36 	 11,91 	 1 167,02 	 6 082,78 	 39,93 	 3 039,13 	 519,59 	 135,10 	 241,01 	 439,47 	 58,26 	 2 421,22 	 1 043,78 	 344,71 	 2 806,29 	 57,11 	 193,63 	 1 225,20 	 114,67 	 154,07 	 11,20 
15.08.2002	 556,23 	 933,04 	 244,45 	 1 838,00 	 1 815,85 	 21,37 	 11,92 	 1 176,62 	 6 099,02 	 39,96 	 3 061,55 	 525,88 	 135,17 	 243,48 	 441,67 	 58,27 	 2 428,51 	 1 052,99 	 337,25 	 2 828,87 	 58,04 	 195,72 	 1 242,10 	 116,04 	 156,87 	 11,18 
16.08.2002	 2,40 	 922,52 	 241,70 	 1 839,00 	 1 795,51 	 21,36 	 11,93 	 1 177,41 	 6 094,25 	 39,98 	 3 052,03 	 519,98 	 135,30 	 241,70 	 440,67 	 58,27 	 2 444,99 	 1 049,75 	 345,09 	 2 816,98 	 57,55 	 194,56 	 1 227,43 	 114,75 	 156,97 	 11,18 
17.08.2002	 556,23 	 926,11 	 242,63 	 1 840,00 	 1 802,00 	 21,45 	 11,93 	 1 180,47 	 6 097,97 	 40,00 	 3 062,33 	 522,02 	 135,37 	 242,66 	 440,21 	 58,29 	 2 433,97 	 1 052,60 	 345,30 	 2 822,38 	 57,67 	 194,89 	 1 231,39 	 115,19 	 156,32 	 11,20 
18.08.2002	 2,40 	 926,11 	 242,63 	 1 840,00 	 1 802,00 	 21,45 	 11,93 	 1 180,47 	 6 097,97 	 40,00 	 3 062,33 	 522,02 	 135,37 	 242,66 	 440,21 	 58,29 	 2 433,97 	 1 052,60 	 345,30 	 2 822,38 	 57,67 	 194,89 	 1 231,39 	 115,19 	 156,32 	 11,20 
19.08.2002	 2,40 	 926,11 	 242,63 	 1 840,00 	 1 802,00 	 21,45 	 11,93 	 1 180,47 	 6 097,97 	 40,00 	 3 062,33 	 522,02 	 135,37 	 242,66 	 440,21 	 58,29 	 2 433,97 	 1 052,60 	 345,30 	 2 822,38 	 57,67 	 194,89 	 1 231,39 	 115,19 	 156,32 	 11,20 
20.08.2002	 556,23 	 928,89 	 243,40 	 1 840,00 	 1 807,89 	 21,54 	 11,93 	 1 181,15 	 6 098,57 	 40,00 	 3 065,90 	 523,59 	 135,29 	 244,68 	 441,81 	 58,31 	 2 437,50 	 1 052,21 	 345,28 	 2 830,10 	 58,01 	 196,09 	 1 232,01 	 115,61 	 155,35 	 11,18 
21.08.2002	 1 005,55 	 925,29 	 242,48 	 1 841,00 	 1 800,96 	 21,48 	 11,94 	 1 169,93 	 6 094,82 	 40,02 	 3 060,43 	 521,60 	 135,37 	 244,57 	 443,88 	 58,32 	 2 435,72 	 1 052,39 	 345,42 	 2 810,56 	 58,79 	 196,08 	 1 226,43 	 115,12 	 154,74 	 11,27 
22.08.2002	 556,23 	 927,84 	 243,26 	 1 842,00 	 1 806,82 	 21,58 	 11,95 	 1 175,98 	 6 102,57 	 40,03 	 3 063,11 	 523,33 	 135,49 	 245,42 	 445,52 	 58,34 	 2 430,89 	 1 054,23 	 345,64 	 2 819,64 	 58,57 	 196,81 	 1 229,19 	 115,45 	 156,08 	 11,32 
23.08.2002	 2,40 	 924,54 	 242,42 	 1 842,00 	 1 800,92 	 21,47 	 11,94 	 1 181,60 	 6 098,53 	 40,03 	 3 056,50 	 521,43 	 135,44 	 243,53 	 439,36 	 58,34 	 2 433,63 	 1 051,49 	 345,64 	 2 814,39 	 58,02 	 196,91 	 1 226,57 	 115,09 	 154,62 	 11,30 
24.08.2002	 556,23 	 917,26 	 240,59 	 1 843,00 	 1 786,88 	 21,32 	 11,95 	 1 182,32 	 6 095,79 	 40,05 	 3 045,78 	 517,44 	 135,51 	 241,75 	 438,97 	 58,37 	 2 433,02 	 1 049,28 	 345,82 	 2 802,56 	 58,01 	 194,38 	 1 213,26 	 114,25 	 153,56 	 11,23 
25.08.2002	 2,40 	 917,26 	 240,59 	 1 843,00 	 1 786,88 	 21,32 	 11,95 	 1 182,32 	 6 095,79 	 40,05 	 3 045,78 	 517,44 	 135,51 	 241,75 	 438,97 	 58,37 	 2 433,02 	 1 049,28 	 345,82 	 2 802,56 	 58,01 	 194,38 	 1 213,26 	 114,25 	 153,56 	 11,23 
26.08.2002	 556,23 	 917,26 	 240,59 	 1 843,00 	 1 786,88 	 21,32 	 11,95 	 1 182,32 	 6 095,79 	 40,05 	 3 045,78 	 517,44 	 135,51 	 241,75 	 438,97 	 58,37 	 2 433,02 	 1 049,28 	 345,82 	 2 802,56 	 58,01 	 194,38 	 1 213,26 	 114,25 	 153,56 	 11,23 
27.08.2002	 1 003,04 	 918,24 	 240,83 	 1 844,00 	 1 788,40 	 21,22 	 11,94 	 1 182,85 	 6 097,48 	 40,07 	 3 039,64 	 518,04 	 135,59 	 241,82 	 440,88 	 58,39 	 2 441,77 	 1 047,97 	 345,99 	 2 802,14 	 58,27 	 195,40 	 1 215,36 	 114,31 	 153,93 	 11,30 
28.08.2002	 556,23 	 924,32 	 242,39 	 1 846,00 	 1 800,13 	 21,23 	 11,94 	 1 187,25 	 6 110,36 	 39,96 	 3 052,00 	 521,25 	 135,74 	 243,91 	 442,95 	 58,50 	 2 431,44 	 1 052,72 	 346,40 	 2 815,06 	 58,83 	 197,21 	 1 223,69 	 115,02 	 155,20 	 11,31 
29.08.2002	 2,40 	 930,17 	 243,94 	 1 847,00 	 1 811,54 	 21,24 	 11,95 	 1 188,55 	 6 119,14 	 39,98 	 3 062,76 	 524,49 	 135,81 	 245,16 	 442,77 	 58,50 	 2 439,02 	 1 055,70 	 346,61 	 2 835,15 	 59,09 	 198,47 	 1 233,88 	 115,78 	 155,88 	 11,30 
30.08.2002	 556,23 	 934,54 	 245,15 	 1 848,00 	 1 820,28 	 20,97 	 11,96 	 1 187,09 	 6 124,68 	 40,00 	 3 074,11 	 527,29 	 135,96 	 246,35 	 445,82 	 58,53 	 2 444,42 	 1 056,75 	 346,79 	 2 848,41 	 59,61 	 198,71 	 1 237,94 	 116,34 	 156,82 	 11,34 
31.08.2002	 2,40 	 935,37 	 245,38 	 1 849,00 	 1 822,10 	 20,82 	 11,97 	 1 187,12 	 6 131,65 	 40,03 	 3 078,33 	 527,71 	 136,06 	 246,87 	 446,38 	 58,57 	 2 452,68 	 1 057,69 	 346,92 	 2 871,13 	 59,80 	 198,56 	 1 240,65 	 116,44 	 156,65 	 11,33 
01.09.2002	 556,23 	 935,37 	 245,38 	 1 849,00 	 1 822,10 	 20,82 	 11,97 	 1 187,12 	 6 131,65 	 40,03 	 3 078,33 	 527,71 	 136,06 	 246,87 	 446,38 	 58,57 	 2 452,68 	 1 057,69 	 346,92 	 2 871,13 	 59,80 	 198,56 	 1 240,65 	 116,44 	 156,65 	 11,33 
02.09.2002	 2,40 	 935,37 	 245,38 	 1 849,00 	 1 822,10 	 20,82 	 11,97 	 1 187,12 	 6 131,65 	 40,03 	 3 078,33 	 527,71 	 136,06 	 246,87 	 446,38 	 58,57 	 2 452,68 	 1 057,69 	 346,92 	 2 871,13 	 59,80 	 198,56 	 1 240,65 	 116,44 	 156,65 	 11,33 
03.09.2002	 601,69 	 932,07 	 244,48 	 1 849,00 	 1 815,35 	 20,98 	 11,95 	 1 186,21 	 6 126,98 	 40,03 	 3 075,77 	 525,81 	 136,06 	 244,98 	 447,99 	 58,57 	 2 454,57 	 1 055,88 	 346,96 	 2 863,36 	 59,97 	 197,04 	 1 234,44 	 116,04 	 156,15 	 11,33 
04.09.2002	 2,37 	 938,97 	 246,38 	 1 850,00 	 1 829,56 	 21,01 	 11,98 	 1 188,68 	 6 136,60 	 40,05 	 3 089,00 	 529,84 	 136,15 	 246,04 	 448,10 	 58,54 	 2 455,89 	 1 058,35 	 347,10 	 2 877,21 	 60,26 	 197,17 	 1 243,74 	 116,94 	 157,55 	 11,43 
05.09.2002	 601,69 	 944,85 	 247,81 	 1 852,00 	 1 840,24 	 20,97 	 11,99 	 1 192,61 	 6 149,76 	 40,09 	 3 096,73 	 532,89 	 136,38 	 246,86 	 450,41 	 58,58 	 2 466,62 	 1 061,65 	 339,04 	 2 898,10 	 60,48 	 196,83 	 1 255,89 	 117,61 	 157,40 	 11,33 
06.09.2002	 2,37 	 949,11 	 248,94 	 1 853,00 	 1 848,55 	 21,08 	 11,99 	 1 181,16 	 6 154,92 	 40,11 	 3 104,11 	 535,31 	 136,40 	 250,05 	 448,04 	 58,61 	 2 467,70 	 1 062,23 	 347,71 	 2 911,80 	 60,91 	 199,13 	 1 264,93 	 118,13 	 157,68 	 11,39 
07.09.2002	 601,69 	 943,97 	 247,68 	 1 854,00 	 1 839,08 	 21,24 	 11,99 	 1 178,94 	 6 154,36 	 40,13 	 3 097,49 	 532,66 	 136,52 	 249,64 	 444,31 	 58,64 	 2 474,44 	 1 059,46 	 347,91 	 2 906,42 	 60,92 	 198,52 	 1 261,40 	 117,50 	 156,62 	 11,41 
08.09.2002	 2,37 	 943,97 	 247,68 	 1 854,00 	 1 839,08 	 21,24 	 11,99 	 1 178,94 	 6 154,36 	 40,13 	 3 097,49 	 532,66 	 136,52 	 249,64 	 444,31 	 58,64 	 2 474,44 	 1 059,46 	 347,91 	 2 906,42 	 60,92 	 198,52 	 1 261,40 	 117,50 	 156,62 	 11,41 
09.09.2002	 601,69 	 943,97 	 247,68 	 1 854,00 	 1 839,08 	 21,24 	 11,99 	 1 178,94 	 6 154,36 	 40,13 	 3 097,49 	 532,66 	 136,52 	 249,64 	 444,31 	 58,64 	 2 474,44 	 1 059,46 	 347,91 	 2 906,42 	 60,92 	 198,52 	 1 261,40 	 117,50 	 156,62 	 11,41 
10.09.2002	 2,37 	 932,06 	 244,41 	 1 854,00 	 1 814,88 	 21,09 	 11,99 	 1 189,00 	 6 142,53 	 40,13 	 3 078,97 	 525,55 	 136,47 	 247,07 	 444,76 	 58,62 	 2 467,51 	 1 059,04 	 347,87 	 2 888,62 	 60,62 	 197,18 	 1 243,50 	 115,99 	 155,84 	 11,35 
11.09.2002	 601,69 	 936,42 	 245,49 	 1 855,00 	 1 822,44 	 21,40 	 12,00 	 1 187,09 	 6 149,71 	 40,18 	 3 092,44 	 528,01 	 136,60 	 247,81 	 447,15 	 58,63 	 2 457,45 	 1 060,06 	 348,08 	 2 882,86 	 60,86 	 197,75 	 1 247,69 	 116,59 	 156,49 	 11,18 
12.09.2002	 2,37 	 930,13 	 244,43 	 1 855,00 	 1 810,39 	 21,33 	 12,01 	 1 176,77 	 6 141,98 	 40,18 	 3 082,16 	 524,34 	 136,61 	 244,72 	 446,53 	 58,63 	 2 450,07 	 1 056,71 	 348,02 	 2 887,31 	 60,75 	 197,47 	 1 238,73 	 115,72 	 154,89 	 11,09 
13.09.2002	 601,69 	 930,87 	 243,96 	 1 855,00 	 1 811,69 	 21,46 	 12,01 	 1 175,09 	 6 140,25 	 40,18 	 3 079,60 	 524,65 	 136,62 	 245,69 	 446,00 	 58,61 	 2 449,43 	 1 055,60 	 348,10 	 2 886,94 	 60,57 	 197,41 	 1 235,47 	 115,79 	 154,37 	 11,17 
14.09.2002	 2,37 	 935,39 	 245,15 	 1 856,00 	 1 820,64 	 21,44 	 12,02 	 1 170,83 	 6 147,73 	 40,20 	 3 082,29 	 527,36 	 136,70 	 247,51 	 446,10 	 58,65 	 2 450,76 	 1 051,62 	 348,21 	 2 893,32 	 60,47 	 197,02 	 1 240,35 	 116,37 	 154,66 	 11,12 
15.09.2002	 601,69 	 935,39 	 245,15 	 1 856,00 	 1 820,64 	 21,44 	 12,02 	 1 170,83 	 6 147,73 	 40,20 	 3 082,29 	 527,36 	 136,70 	 247,51 	 446,10 	 58,65 	 2 450,76 	 1 051,62 	 348,21 	 2 893,32 	 60,47 	 197,02 	 1 240,35 	 116,37 	 154,66 	 11,12 
16.09.2002	 1 022,56 	 935,39 	 245,15 	 1 856,00 	 1 820,64 	 21,44 	 12,02 	 1 170,83 	 6 147,73 	 40,20 	 3 082,29 	 527,36 	 136,70 	 247,51 	 446,10 	 58,65 	 2 450,76 	 1 051,62 	 348,21 	 2 893,32 	 60,47 	 197,02 	 1 240,35 	 116,37 	 154,66 	 11,12 
17.09.2002	 601,69 	 925,26 	 242,51 	 1 857,00 	 1 800,92 	 21,24 	 12,02 	 1 176,36 	 6 137,42 	 40,23 	 3 065,37 	 521,59 	 136,77 	 245,15 	 443,04 	 58,71 	 2 458,02 	 1 043,38 	 339,49 	 2 871,29 	 59,16 	 198,14 	 1 226,23 	 115,09 	 152,04 	 11,12 
18.09.2002	 2,37 	 918,26 	 240,53 	 1 858,00 	 1 786,56 	 21,06 	 12,03 	 1 177,81 	 6 131,81 	 40,33 	 3 050,65 	 517,66 	 136,84 	 242,92 	 443,13 	 58,75 	 2 439,33 	 1 041,63 	 348,56 	 2 841,16 	 58,62 	 196,72 	 1 214,42 	 114,30 	 150,57 	 11,10 
19.09.2002	 601,69 	 929,59 	 243,56 	 1 859,00 	 1 809,18 	 21,08 	 12,04 	 1 173,87 	 6 147,08 	 40,35 	 3 066,90 	 524,03 	 136,92 	 245,99 	 445,66 	 58,78 	 2 434,21 	 1 047,62 	 348,80 	 2 858,77 	 59,94 	 198,07 	 1 231,78 	 115,63 	 152,90 	 11,12 
20.09.2002	 2,37 	 936,13 	 245,23 	 1 860,00 	 1 821,87 	 21,07 	 12,04 	 1 181,67 	 6 154,86 	 40,38 	 3 079,98 	 527,73 	 136,97 	 248,70 	 449,06 	 58,78 	 2 447,24 	 1 051,35 	 349,00 	 2 889,05 	 60,26 	 200,55 	 1 241,24 	 116,42 	 152,77 	 11,15 
21.09.2002	 601,69 	 941,01 	 246,43 	 1 860,00 	 1 831,08 	 21,12 	 12,04 	 1 180,43 	 6 154,46 	 40,38 	 3 079,22 	 530,29 	 136,99 	 248,50 	 450,55 	 58,79 	 2 455,22 	 1 046,91 	 349,02 	 2 887,46 	 60,87 	 201,10 	 1 249,50 	 116,99 	 151,41 	 11,21 
22.09.2002	 1 019,28 	 941,01 	 246,43 	 1 860,00 	 1 831,08 	 21,12 	 12,04 	 1 180,43 	 6 154,46 	 40,38 	 3 079,22 	 530,29 	 136,99 	 248,50 	 450,55 	 58,79 	 2 455,22 	 1 046,91 	 349,02 	 2 887,46 	 60,87 	 201,10 	 1 249,50 	 116,99 	 151,41 	 11,21 
23.09.2002	 601,69 	 941,01 	 246,43 	 1 860,00 	 1 831,08 	 21,12 	 12,04 	 1 180,43 	 6 154,46 	 40,38 	 3 079,22 	 530,29 	 136,99 	 248,50 	 450,55 	 58,79 	 2 455,22 	 1 046,91 	 349,02 	 2 887,46 	 60,87 	 201,10 	 1 249,50 	 116,99 	 151,41 	 11,21 
24.09.2002	 2,37 	 941,24 	 246,66 	 1 862,00 	 1 832,86 	 21,20 	 12,04 	 1 183,05 	 6 159,95 	 40,42 	 3 084,31 	 530,92 	 137,14 	 248,54 	 450,57 	 58,86 	 2 454,28 	 1 047,54 	 349,36 	 2 896,71 	 60,97 	 202,93 	 1 252,02 	 117,13 	 151,20 	 11,27 
25.09.2002	 601,69 	 935,12 	 245,13 	 1 863,00 	 1 821,46 	 21,30 	 12,03 	 1 175,10 	 6 160,51 	 40,50 	 3 073,75 	 527,75 	 137,21 	 248,29 	 448,86 	 58,89 	 2 459,35 	 1 047,01 	 349,56 	 2 889,33 	 60,02 	 200,58 	 1 243,04 	 116,41 	 151,07 	 11,20 
26.09.2002	 1 017,01 	 939,75 	 246,40 	 1 863,00 	 1 829,75 	 21,48 	 12,05 	 1 174,28 	 6 166,22 	 40,50 	 3 080,10 	 530,10 	 137,21 	 250,11 	 450,71 	 58,88 	 2 453,18 	 1 044,58 	 349,56 	 2 912,61 	 60,03 	 200,53 	 1 249,50 	 116,91 	 151,78 	 11,26 
27.09.2002	 601,69 	 937,56 	 245,69 	 1 864,00 	 1 824,58 	 21,32 	 12,06 	 1 181,62 	 6 166,26 	 40,52 	 3 079,46 	 528,58 	 137,29 	 249,37 	 450,38 	 58,92 	 2 456,79 	 1 045,14 	 349,76 	 2 907,65 	 60,12 	 200,16 	 1 246,74 	 116,62 	 151,75 	 11,27 
28.09.2002	 2,37 	 938,06 	 245,80 	 1 865,00 	 1 825,74 	 21,30 	 12,05 	 1 183,08 	 6 171,00 	 40,54 	 3 082,14 	 528,82 	 137,36 	 249,40 	 449,72 	 58,95 	 2 459,11 	 1 048,99 	 349,92 	 2 903,43 	 60,17 	 200,30 	 1 244,41 	 116,65 	 152,34 	 11,26 
29.09.2002	 601,69 	 938,06 	 245,80 	 1 865,00 	 1 825,74 	 21,30 	 12,05 	 1 183,08 	 6 171,00 	 40,54 	 3 082,14 	 528,82 	 137,36 	 249,40 	 449,72 	 58,95 	 2 459,11 	 1 048,99 	 349,92 	 2 903,43 	 60,17 	 200,30 	 1 244,41 	 116,65 	 152,34 	 11,26 
30.09.2002	 2,37 	 938,06 	 245,80 	 1 865,00 	 1 825,74 	 21,30 	 12,05 	 1 183,08 	 6 171,00 	 40,54 	 3 082,14 	 528,82 	 137,36 	 249,40 	 449,72 	 58,95 	 2 459,11 	 1 048,99 	 349,92 	 2 903,43 	 60,17 	 200,30 	 1 244,41 	 116,65 	 152,34 	 11,26 
01.10.2002	 2,37 	 942,01 	 246,86 	 1 865,00 	 1 833,39 	 21,49 	 12,06 	 1 182,03 	 6 177,54 	 40,54 	 3 086,98 	 531,13 	 137,38 	 249,36 	 449,83 	 58,86 	 2 458,39 	 1 049,58 	 349,91 	 2 916,86 	 60,65 	 200,74 	 1 252,39 	 117,15 	 153,16 	 11,27 
02.10.2002	 2,34 	 947,40 	 248,30 	 1 866,00 	 1 844,07 	 21,71 	 12,07 	 1 175,21 	 6 186,80 	 40,56 	 3 098,90 	 534,15 	 137,51 	 252,30 	 450,53 	 58,88 	 2 468,14 	 1 045,93 	 350,08 	 2 940,35 	 60,61 	 202,29 	 1 265,39 	 117,88 	 152,97 	 11,21 
03.10.2002	 481,54 	 942,60 	 247,06 	 1 867,00 	 1 834,70 	 21,60 	 12,08 	 1 180,67 	 6 178,44 	 40,59 	 3 088,50 	 531,47 	 137,61 	 251,27 	 450,88 	 58,90 	 2 471,78 	 1 043,92 	 350,26 	 2 921,39 	 60,46 	 202,58 	 1 255,55 	 117,24 	 151,67 	 11,35 
04.10.2002	 1 018,71 	 948,78 	 248,59 	 1 868,00 	 1 846,99 	 21,71 	 12,09 	 1 175,99 	 6 187,27 	 40,61 	 3 098,87 	 534,78 	 137,68 	 252,29 	 450,77 	 58,96 	 2 466,36 	 1 045,39 	 350,40 	 2 933,69 	 60,74 	 202,90 	 1 265,88 	 118,04 	 152,09 	 11,39 
05.10.2002	 481,54 	 947,22 	 248,12 	 1 870,00 	 1 844,29 	 21,64 	 12,11 	 1 177,95 	 6 191,64 	 40,65 	 3 100,39 	 533,99 	 137,75 	 252,86 	 451,09 	 59,03 	 2 475,02 	 1 050,15 	 350,84 	 2 932,25 	 60,76 	 203,32 	 1 261,60 	 117,84 	 152,20 	 11,41 
06.10.2002	 2,34 	 947,22 	 248,12 	 1 870,00 	 1 844,29 	 21,64 	 12,11 	 1 177,95 	 6 191,64 	 40,65 	 3 100,39 	 533,99 	 137,75 	 252,86 	 451,09 	 59,03 	 2 475,02 	 1 050,15 	 350,84 	 2 932,25 	 60,76 	 203,32 	 1 261,60 	 117,84 	 152,20 	 11,41 
07.10.2002	 481,54 	 947,22 	 248,12 	 1 870,00 	 1 844,29 	 21,64 	 12,11 	 1 177,95 	 6 191,64 	 40,65 	 3 100,39 	 533,99 	 137,75 	 252,86 	 451,09 	 59,03 	 2 475,02 	 1 050,15 	 350,84 	 2 932,25 	 60,76 	 203,32 	 1 261,60 	 117,84 	 152,20 	 11,41 
08.10.2002	 1 027,66 	 940,76 	 246,56 	 1 870,00 	 1 831,76 	 21,53 	 12,11 	 1 174,25 	 6 186,52 	 40,65 	 3 091,93 	 530,40 	 137,75 	 251,38 	 449,23 	 59,03 	 2 472,93 	 1 044,05 	 350,93 	 2 927,39 	 60,47 	 201,45 	 1 253,27 	 117,04 	 150,89 	 11,36 
09.10.2002	 481,54 	 941,72 	 246,73 	 1 871,00 	 1 831,99 	 21,41 	 12,12 	 1 174,55 	 6 189,01 	 40,67 	 3 090,26 	 530,45 	 137,83 	 251,61 	 449,17 	 59,06 	 2 463,45 	 1 045,25 	 351,07 	 2 926,34 	 60,38 	 201,45 	 1 251,21 	 117,12 	 150,48 	 11,33 
10.10.2002	 1 025,20 	 941,58 	 246,68 	 1 872,00 	 1 832,22 	 21,34 	 12,12 	 1 173,56 	 6 189,86 	 40,70 	 3 079,20 	 530,65 	 137,90 	 252,47 	 448,71 	 59,09 	 2 466,77 	 1 046,51 	 351,19 	 2 906,19 	 59,85 	 200,07 	 1 250,04 	 117,11 	 150,63 	 11,36 
11.10.2002	 481,54 	 952,48 	 249,52 	 1 873,00 	 1 853,61 	 21,55 	 12,13 	 1 175,62 	 6 191,94 	 40,72 	 3 099,71 	 536,66 	 137,97 	 253,54 	 452,33 	 59,14 	 2 465,50 	 1 044,85 	 351,43 	 2 934,62 	 60,52 	 201,79 	 1 266,27 	 118,34 	 151,75 	 11,35 
12.10.2002	 2,34 	 950,01 	 248,85 	 1 873,00 	 1 848,65 	 21,44 	 12,14 	 1 178,54 	 6 201,78 	 40,72 	 3 094,08 	 535,55 	 137,82 	 254,43 	 454,14 	 59,14 	 2 476,82 	 1 044,21 	 351,46 	 2 927,78 	 60,16 	 202,44 	 1 263,28 	 118,16 	 150,88 	 11,46 
13.10.2002	 481,54 	 950,01 	 248,85 	 1 873,00 	 1 848,65 	 21,44 	 12,14 	 1 178,54 	 6 201,78 	 40,72 	 3 094,08 	 535,55 	 137,82 	 254,43 	 454,14 	 59,14 	 2 476,82 	 1 044,21 	 351,46 	 2 927,78 	 60,16 	 202,44 	 1 263,28 	 118,16 	 150,88 	 11,46 
14.10.2002	 1 025,75 	 950,01 	 248,85 	 1 873,00 	 1 848,65 	 21,44 	 12,14 	 1 178,54 	 6 201,78 	 40,72 	 3 094,08 	 535,55 	 137,82 	 254,43 	 454,14 	 59,14 	 2 476,82 	 1 044,21 	 351,46 	 2 927,78 	 60,16 	 202,44 	 1 263,28 	 118,16 	 150,88 	 11,46 
15.10.2002	 481,54 	 951,15 	 249,16 	 1 873,00 	 1 850,80 	 21,48 	 12,14 	 1 181,33 	 6 199,73 	 40,72 	 3 092,55 	 536,00 	 137,77 	 254,17 	 454,94 	 59,14 	 2 471,99 	 1 041,25 	 351,48 	 2 925,72 	 60,24 	 203,30 	 1 265,88 	 118,31 	 151,12 	 11,37 
16.10.2002	 2,34 	 947,37 	 248,14 	 1 874,00 	 1 843,45 	 21,41 	 12,15 	 1 182,33 	 6 199,34 	 40,74 	 3 087,57 	 533,99 	 137,95 	 252,99 	 454,55 	 59,16 	 2 473,31 	 1 037,31 	 351,63 	 2 905,36 	 59,88 	 202,77 	 1 257,93 	 117,82 	 150,48 	 11,38 
17.10.2002	 481,54 	 945,32 	 247,62 	 1 875,00 	 1 840,03 	 21,27 	 12,16 	 1 182,78 	 6 199,99 	 40,76 	 3 090,23 	 532,98 	 137,72 	 251,92 	 453,04 	 59,19 	 2 469,47 	 1 046,32 	 351,68 	 2 910,28 	 59,58 	 202,80 	 1 252,71 	 117,61 	 150,97 	 11,39 
18.10.2002	 1 031,52 	 942,33 	 246,82 	 1 876,00 	 1 834,07 	 21,20 	 12,17 	 1 187,42 	 6 200,63 	 40,78 	 3 087,81 	 531,27 	 136,93 	 248,08 	 450,79 	 59,22 	 2 470,73 	 1 052,75 	 351,97 	 2 915,21 	 59,22 	 202,09 	 1 249,71 	 117,96 	 151,12 	 11,37 
19.10.2002	 481,54 	 938,09 	 245,69 	 1 876,00 	 1 825,63 	 21,17 	 12,15 	 1 193,50 	 6 196,12 	 40,78 	 3 076,67 	 528,82 	 136,68 	 246,45 	 449,90 	 59,23 	 2 465,93 	 1 049,22 	 352,01 	 2 906,21 	 59,69 	 200,88 	 1 243,17 	 116,70 	 149,88 	 11,35 
20.10.2002	 2,34 	 938,09 	 245,69 	 1 876,00 	 1 825,63 	 21,17 	 12,15 	 1 193,50 	 6 196,12 	 40,78 	 3 076,67 	 528,82 	 136,68 	 246,45 	 449,90 	 59,23 	 2 465,93 	 1 049,22 	 352,01 	 2 906,21 	 59,69 	 200,88 	 1 243,17 	 116,70 	 149,88 	 11,35 
21.10.2002	 481,54 	 938,09 	 245,69 	 1 876,00 	 1 825,63 	 21,17 	 12,15 	 1 193,50 	 6 196,12 	 40,78 	 3 076,67 	 528,82 	 136,68 	 246,45 	 449,90 	 59,23 	 2 465,93 	 1 049,22 	 352,01 	 2 906,21 	 59,69 	 200,88 	 1 243,17 	 116,70 	 149,88 	 11,35 
22.10.2002	 1 039,58 	 940,52 	 246,49 	 1 877,00 	 1 830,83 	 21,13 	 12,15 	 1 193,15 	 6 199,83 	 40,80 	 3 081,09 	 530,23 	 137,01 	 247,82 	 453,19 	 59,22 	 2 461,20 	 1 054,52 	 352,09 	 2 908,79 	 60,05 	 202,23 	 1 245,19 	 117,00 	 150,55 	 11,29 
23.10.2002	 481,54 	 941,16 	 246,52 	 1 878,00 	 1 831,90 	 21,19 	 12,16 	 1 199,62 	 6 202,73 	 40,83 	 3 081,47 	 530,62 	 137,08 	 246,63 	 455,52 	 59,19 	 2 465,70 	 1 051,34 	 352,26 	 2 905,17 	 59,89 	 201,03 	 1 245,85 	 117,08 	 149,87 	 11,34 
24.10.2002	 1 038,62 	 945,17 	 247,51 	 1 879,00 	 1 839,45 	 21,25 	 12,18 	 1 197,77 	 6 209,93 	 40,85 	 3 086,65 	 532,82 	 136,16 	 248,64 	 456,90 	 59,24 	 2 465,38 	 1 056,39 	 352,45 	 2 910,66 	 59,87 	 201,32 	 1 253,96 	 117,57 	 151,36 	 11,30 
25.10.2002	 481,54 	 940,52 	 246,30 	 1 880,00 	 1 830,65 	 21,17 	 12,17 	 1 202,35 	 6 209,33 	 40,87 	 3 083,23 	 530,20 	 136,31 	 248,59 	 458,76 	 59,29 	 2 470,70 	 1 056,42 	 352,47 	 2 905,26 	 59,26 	 200,63 	 1 247,35 	 116,96 	 151,20 	 11,25 
26.10.2002	 2,34 	 944,56 	 247,42 	 1 881,00 	 1 838,77 	 21,17 	 12,17 	 1 202,99 	 6 216,95 	 40,89 	 3 091,46 	 532,56 	 136,38 	 249,66 	 461,82 	 59,28 	 2 469,40 	 1 060,11 	 352,72 	 2 922,42 	 59,00 	 200,97 	 1 253,21 	 117,49 	 151,99 	 11,23 
27.10.2002	 481,54 	 944,56 	 247,42 	 1 881,00 	 1 838,77 	 21,17 	 12,17 	 1 202,99 	 6 216,95 	 40,89 	 3 091,46 	 532,56 	 136,38 	 249,66 	 461,82 	 59,28 	 2 469,40 	 1 060,11 	 352,72 	 2 922,42 	 59,00 	 200,97 	 1 253,21 	 117,49 	 151,99 	 11,23 
28.10.2002	 2,34 	 944,56 	 247,42 	 1 881,00 	 1 838,77 	 21,17 	 12,17 	 1 202,99 	 6 216,95 	 40,89 	 3 091,46 	 532,56 	 136,38 	 249,66 	 461,82 	 59,28 	 2 469,40 	 1 060,11 	 352,72 	 2 922,42 	 59,00 	 200,97 	 1 253,21 	 117,49 	 151,99 	 11,23 
29.10.2002	 481,54 	 941,21 	 246,54 	 1 881,00 	 1 832,38 	 21,24 	 12,17 	 1 202,30 	 6 212,43 	 40,89 	 3 083,35 	 530,69 	 136,01 	 248,40 	 462,97 	 59,26 	 2 474,31 	 1 055,08 	 352,61 	 2 907,37 	 59,26 	 201,62 	 1 247,97 	 117,09 	 150,79 	 11,23 
30.10.2002	 2,34 	 951,06 	 249,07 	 1 882,00 	 1 851,04 	 21,39 	 12,18 	 1 207,30 	 6 225,09 	 40,91 	 3 103,56 	 536,17 	 135,79 	 250,38 	 464,38 	 59,37 	 2 471,50 	 1 062,71 	 352,70 	 2 932,63 	 59,76 	 203,44 	 1 262,92 	 118,29 	 152,41 	 11,21 
31.10.2002	 481,54 	 951,88 	 249,25 	 1 884,00 	 1 853,29 	 21,48 	 12,19 	 1 204,72 	 6 234,49 	 40,96 	 3 110,19 	 536,57 	 135,54 	 250,35 	 465,26 	 59,36 	 2 487,35 	 1 064,23 	 353,19 	 2 933,67 	 60,05 	 203,85 	 1 265,11 	 118,39 	 153,53 	 11,24 
01.11.2002	 2,14 	 955,83 	 250,33 	 1 885,00 	 1 860,21 	 21,55 	 12,20 	 1 203,09 	 6 240,69 	 40,98 	 3 115,19 	 538,85 	 135,61 	 252,64 	 467,44 	 59,33 	 2 488,20 	 1 067,14 	 353,43 	 2 940,69 	 60,50 	 204,66 	 1 271,33 	 118,89 	 153,65 	 11,30 
02.11.2002	 508,09 	 966,40 	 253,24 	 1 887,00 	 1 882,19 	 21,77 	 12,22 	 1 212,57 	 6 256,22 	 41,02 	 3 132,99 	 545,06 	 135,76 	 255,42 	 471,16 	 59,41 	 2 492,38 	 1 069,85 	 353,80 	 2 954,48 	 60,57 	 207,03 	 1 288,54 	 120,59 	 154,84 	 11,18 
03.11.2002	 2,14 	 966,40 	 253,24 	 1 887,00 	 1 882,19 	 21,77 	 12,22 	 1 212,57 	 6 256,22 	 41,02 	 3 132,99 	 545,06 	 135,76 	 255,42 	 471,16 	 59,41 	 2 492,38 	 1 069,85 	 353,80 	 2 954,48 	 60,57 	 207,03 	 1 288,54 	 120,59 	 154,84 	 11,18 
04.11.2002	 508,09 	 966,40 	 253,24 	 1 887,00 	 1 882,19 	 21,77 	 12,22 	 1 212,57 	 6 256,22 	 41,02 	 3 132,99 	 545,06 	 135,76 	 255,42 	 471,16 	 59,41 	 2 492,38 	 1 069,85 	 353,80 	 2 954,48 	 60,57 	 207,03 	 1 288,54 	 120,59 	 154,84 	 11,18 
05.11.2002	 2,14 	 964,30 	 252,76 	 1 888,00 	 1 877,99 	 21,73 	 12,22 	 1 214,62 	 6 256,21 	 41,04 	 3 127,64 	 543,87 	 135,58 	 255,15 	 472,30 	 59,42 	 2 504,24 	 1 070,96 	 354,02 	 2 943,11 	 60,91 	 206,66 	 1 283,96 	 120,04 	 154,38 	 11,28 
06.11.2002	 508,09 	 970,69 	 254,50 	 1 888,00 	 1 890,55 	 21,66 	 12,22 	 1 213,84 	 6 262,65 	 41,03 	 3 136,99 	 547,50 	 135,15 	 256,45 	 474,74 	 59,39 	 2 501,73 	 1 075,08 	 353,90 	 2 953,02 	 61,38 	 206,56 	 1 294,08 	 120,88 	 155,23 	 11,52 
07.11.2002	 2,14 	 965,06 	 253,01 	 1 888,00 	 1 880,35 	 21,63 	 12,23 	 1 212,51 	 6 256,84 	 41,03 	 3 128,68 	 544,47 	 135,05 	 255,45 	 474,37 	 59,42 	 2 511,44 	 1 071,21 	 353,94 	 2 941,60 	 61,04 	 205,98 	 1 284,66 	 120,19 	 154,16 	 11,51 
08.11.2002	 508,09 	 965,06 	 253,01 	 1 888,00 	 1 880,35 	 21,63 	 12,23 	 1 212,51 	 6 256,84 	 41,03 	 3 128,68 	 544,47 	 135,05 	 255,45 	 474,37 	 59,42 	 2 511,44 	 1 071,21 	 353,94 	 2 941,60 	 61,04 	 205,98 	 1 284,66 	 120,19 	 154,16 	 11,51 
09.11.2002	 2,14 	 965,06 	 253,01 	 1 888,00 	 1 880,35 	 21,63 	 12,23 	 1 212,51 	 6 256,84 	 41,03 	 3 128,68 	 544,47 	 135,05 	 255,45 	 474,37 	 59,42 	 2 511,44 	 1 071,21 	 353,94 	 2 941,60 	 61,04 	 205,98 	 1 284,66 	 120,19 	 154,16 	 11,51 
10.11.2002	 508,09 	 965,06 	 253,01 	 1 888,00 	 1 880,35 	 21,63 	 12,23 	 1 212,51 	 6 256,84 	 41,03 	 3 128,68 	 544,47 	 135,05 	 255,45 	 474,37 	 59,42 	 2 511,44 	 1 071,21 	 353,94 	 2 941,60 	 61,04 	 205,98 	 1 284,66 	 120,19 	 154,16 	 11,51 
11.11.2002	 2,14 	 965,06 	 253,01 	 1 888,00 	 1 880,35 	 21,63 	 12,23 	 1 212,51 	 6 256,84 	 41,03 	 3 128,68 	 544,47 	 135,05 	 255,45 	 474,37 	 59,42 	 2 511,44 	 1 071,21 	 353,94 	 2 941,60 	 61,04 	 205,98 	 1 284,66 	 120,19 	 154,16 	 11,51 
12.11.2002	 508,09 	 983,18 	 257,70 	 1 888,00 	 1 914,62 	 22,06 	 12,23 	 1 204,77 	 6 277,22 	 41,03 	 3 166,99 	 554,42 	 135,97 	 261,56 	 486,28 	 59,42 	 2 524,73 	 1 074,34 	 353,99 	 3 002,11 	 62,38 	 210,34 	 1 308,48 	 122,08 	 157,91 	 11,69 
13.11.2002	 2,14 	 980,46 	 257,00 	 1 889,00 	 1 908,93 	 22,13 	 12,23 	 1 201,46 	 6 279,71 	 41,06 	 3 164,95 	 552,89 	 136,05 	 261,66 	 482,38 	 59,36 	 2 536,28 	 1 071,10 	 354,20 	 3 002,38 	 62,21 	 210,16 	 1 304,60 	 122,06 	 158,13 	 11,54 
14.11.2002	 508,09 	 977,73 	 256,39 	 1 890,00 	 1 904,18 	 22,13 	 12,24 	 1 197,34 	 6 277,82 	 41,08 	 3 158,69 	 551,31 	 136,22 	 260,17 	 481,30 	 59,40 	 2 532,69 	 1 071,09 	 354,41 	 2 999,62 	 61,91 	 209,95 	 1 301,25 	 121,78 	 157,35 	 11,53 
15.11.2002	 1 063,97 	 976,68 	 256,11 	 1 891,00 	 1 902,16 	 22,17 	 12,25 	 1 200,56 	 6 280,10 	 41,11 	 3 160,36 	 550,75 	 136,29 	 260,12 	 481,08 	 59,43 	 2 531,23 	 1 074,04 	 354,60 	 2 995,34 	 61,94 	 209,34 	 1 297,69 	 121,53 	 157,45 	 11,68 
16.11.2002	 508,09 	 975,48 	 255,71 	 1 892,00 	 1 898,91 	 22,10 	 12,27 	 1 200,20 	 6 281,75 	 41,13 	 3 157,81 	 549,98 	 136,36 	 259,69 	 481,14 	 59,45 	 2 529,62 	 1 073,05 	 354,68 	 2 986,81 	 62,11 	 209,01 	 1 294,83 	 121,36 	 156,80 	 11,79 
17.11.2002	 508,09 	 975,48 	 255,71 	 1 892,00 	 1 898,91 	 22,10 	 12,27 	 1 200,20 	 6 281,75 	 41,13 	 3 157,81 	 549,98 	 136,36 	 259,69 	 481,14 	 59,45 	 2 529,62 	 1 073,05 	 354,68 	 2 986,81 	 62,11 	 209,01 	 1 294,83 	 121,36 	 156,80 	 11,79 
18.11.2002	 2,14 	 975,48 	 255,71 	 1 892,00 	 1 898,91 	 22,10 	 12,27 	 1 200,20 	 6 281,75 	 41,13 	 3 157,81 	 549,98 	 136,36 	 259,69 	 481,14 	 59,45 	 2 529,62 	 1 073,05 	 354,68 	 2 986,81 	 62,11 	 209,01 	 1 294,83 	 121,36 	 156,80 	 11,79 
19.11.2002	 2,14 	 979,51 	 257,00 	 1 893,00 	 1 908,62 	 22,24 	 12,28 	 1 196,89 	 6 285,28 	 41,15 	 3 163,70 	 552,86 	 136,19 	 260,86 	 483,19 	 59,48 	 2 522,73 	 1 072,83 	 354,91 	 2 992,64 	 62,41 	 210,50 	 1 299,78 	 122,03 	 156,24 	 11,94 
20.11.2002	 508,09 	 983,23 	 258,10 	 1 894,00 	 1 916,82 	 22,32 	 12,28 	 1 191,94 	 6 291,31 	 41,24 	 3 170,14 	 555,26 	 136,01 	 261,46 	 487,39 	 59,52 	 2 529,93 	 1 073,97 	 345,94 	 3 011,27 	 62,76 	 211,29 	 1 305,62 	 122,53 	 155,88 	 11,97 
21.11.2002	 1 059,21 	 973,47 	 255,65 	 1 895,00 	 1 898,79 	 22,15 	 12,29 	 1 196,49 	 6 286,91 	 41,26 	 3 155,44 	 549,97 	 135,99 	 258,71 	 483,12 	 59,55 	 2 536,32 	 1 070,98 	 355,32 	 2 986,24 	 62,00 	 208,92 	 1 293,34 	 121,33 	 154,80 	 11,94 
22.11.2002	 2,14 	 972,94 	 255,82 	 1 895,00 	 1 900,40 	 22,02 	 12,28 	 1 197,59 	 6 286,49 	 41,26 	 3 155,44 	 550,34 	 135,84 	 259,48 	 480,55 	 59,54 	 2 519,93 	 1 071,68 	 355,37 	 2 984,15 	 61,96 	 209,42 	 1 293,29 	 121,40 	 154,78 	 11,98 
23.11.2002	 508,09 	 972,78 	 255,88 	 1 896,00 	 1 900,74 	 22,07 	 12,29 	 1 201,22 	 6 288,97 	 41,28 	 3 158,68 	 550,59 	 135,82 	 260,11 	 482,25 	 59,58 	 2 522,19 	 1 071,07 	 355,42 	 2 999,09 	 61,97 	 210,86 	 1 291,25 	 121,46 	 154,62 	 12,05 
24.11.2002	 1 067,92 	 972,78 	 255,88 	 1 896,00 	 1 900,74 	 22,07 	 12,29 	 1 201,22 	 6 288,97 	 41,28 	 3 158,68 	 550,59 	 135,82 	 260,11 	 482,25 	 59,58 	 2 522,19 	 1 071,07 	 355,42 	 2 999,09 	 61,97 	 210,86 	 1 291,25 	 121,46 	 154,62 	 12,05 
25.11.2002	 2,14 	 972,78 	 255,88 	 1 896,00 	 1 900,74 	 22,07 	 12,29 	 1 201,22 	 6 288,97 	 41,28 	 3 158,68 	 550,59 	 135,82 	 260,11 	 482,25 	 59,58 	 2 522,19 	 1 071,07 	 355,42 	 2 999,09 	 61,97 	 210,86 	 1 291,25 	 121,46 	 154,62 	 12,05 
26.11.2002	 2,14 	 965,65 	 254,02 	 1 896,00 	 1 886,99 	 21,94 	 12,29 	 1 204,42 	 6 284,39 	 41,28 	 3 149,76 	 546,46 	 135,87 	 258,24 	 480,61 	 59,54 	 2 522,74 	 1 069,77 	 355,45 	 2 982,41 	 61,44 	 209,44 	 1 279,96 	 120,58 	 154,49 	 12,06 
27.11.2002	 508,09 	 963,09 	 253,22 	 1 898,00 	 1 880,63 	 21,92 	 12,30 	 1 206,07 	 6 289,77 	 41,25 	 3 149,95 	 544,78 	 136,01 	 257,86 	 475,83 	 59,61 	 2 513,05 	 1 074,44 	 355,82 	 2 966,48 	 61,07 	 207,98 	 1 276,18 	 120,20 	 155,68 	 12,22 
28.11.2002	 1 062,67 	 965,20 	 253,82 	 1 900,00 	 1 885,08 	 22,05 	 12,29 	 1 205,47 	 6 294,52 	 41,29 	 3 151,17 	 546,04 	 136,10 	 259,13 	 477,35 	 59,67 	 2 519,15 	 1 076,67 	 356,24 	 2 946,71 	 60,90 	 208,02 	 1 277,96 	 120,48 	 155,95 	 12,16 
29.11.2002	 2,14 	 966,93 	 254,27 	 1 902,00 	 1 888,21 	 22,08 	 12,30 	 1 207,93 	 6 302,19 	 41,34 	 3 156,58 	 546,93 	 136,25 	 258,86 	 476,44 	 59,74 	 2 519,79 	 1 079,03 	 348,67 	 2 952,86 	 60,95 	 208,42 	 1 280,25 	 120,73 	 155,67 	 12,27 
30.11.2002	 2,14 	 967,68 	 254,51 	 1 903,00 	 1 889,96 	 22,12 	 12,28 	 1 210,33 	 6 303,20 	 41,36 	 3 157,20 	 547,44 	 136,32 	 259,25 	 473,85 	 59,76 	 2 521,11 	 1 079,84 	 356,68 	 2 951,08 	 61,21 	 208,95 	 1 280,66 	 120,80 	 155,38 	 12,31 
01.12.2002	 508,09 	 967,68 	 254,51 	 1 903,00 	 1 889,96 	 22,12 	 12,28 	 1 210,33 	 6 303,20 	 41,36 	 3 157,20 	 547,44 	 136,32 	 259,25 	 473,85 	 59,76 	 2 521,11 	 1 079,84 	 356,68 	 2 951,08 	 61,21 	 208,95 	 1 280,66 	 120,80 	 155,38 	 12,31 
02.12.2002	 1 064,73 	 967,68 	 254,51 	 1 903,00 	 1 889,96 	 22,12 	 12,28 	 1 210,33 	 6 303,20 	 41,36 	 3 157,20 	 547,44 	 136,32 	 259,25 	 473,85 	 59,76 	 2 521,11 	 1 079,84 	 356,68 	 2 951,08 	 61,21 	 208,95 	 1 280,66 	 120,80 	 155,38 	 12,31 
03.12.2002	 1 070,71 		 254,47 	 1 904,00 	 1 889,34 	 22,21 	 12,29 	 1 218,91 	 6 302,55 	 41,38 	 3 156,24 	 547,36 	 136,05 	 259,63 	 476,60 	 59,79 	 2 522,44 	 1 075,71 	 356,69 	 2 963,39 	 61,26 	 209,59 	 1 279,35 	 120,79 	 153,63 	 12,52 
04.12.2002	 2,07 		 255,81 	 1 906,00 	 1 899,61 	 22,33 	 12,29 	 1 223,09 	 6 311,47 	 41,28 	 3 165,32 	 550,25 	 136,34 	 261,11 	 479,23 	 59,83 	 2 514,01 	 1 076,71 	 357,13 	 2 981,46 	 61,34 	 210,71 	 1 289,76 	 121,40 	 153,01 	 12,42 
05.12.2002	 0,39 		 257,27 	 1 908,00 	 1 910,77 	 22,42 	 12,29 	 1 222,37 	 6 324,79 	 41,33 	 3 176,56 	 553,41 	 136,48 	 262,87 	 479,52 	 59,89 	 2 527,07 	 1 077,14 	 357,60 	 2 999,76 	 61,53 	 210,90 	 1 297,61 	 122,10 	 153,08 	 12,29 
06.12.2002	 2,07 		 256,98 	 1 909,00 	 1 908,24 	 22,41 	 12,28 	 1 223,33 	 6 321,61 	 41,35 	 3 172,94 	 552,73 	 136,70 	 262,17 	 478,76 	 59,92 	 2 533,43 	 1 075,92 	 357,99 	 2 996,46 	 61,67 	 210,53 	 1 295,34 	 121,99 	 152,14 	 12,36 
07.12.2002	 977,72 		 257,09 	 1 909,00 	 1 910,34 	 22,29 	 12,25 	 1 221,68 	 6 325,17 	 41,35 	 3 179,28 	 553,37 	 136,65 	 262,93 	 478,40 	 59,92 	 2 528,78 	 1 077,01 	 358,01 	 2 998,37 	 61,74 	 210,95 	 1 298,07 	 122,08 	 153,15 	 12,30 
08.12.2002	 2,07 		 257,09 	 1 909,00 	 1 910,34 	 22,29 	 12,25 	 1 221,68 	 6 325,17 	 41,35 	 3 179,28 	 553,37 	 136,65 	 262,93 	 478,40 	 59,92 	 2 528,78 	 1 077,01 	 358,01 	 2 998,37 	 61,74 	 210,95 	 1 298,07 	 122,08 	 153,15 	 12,30 
09.12.2002	 2,07 		 257,09 	 1 909,00 	 1 910,34 	 22,29 	 12,25 	 1 221,68 	 6 325,17 	 41,35 	 3 179,28 	 553,37 	 136,65 	 262,93 	 478,40 	 59,92 	 2 528,78 	 1 077,01 	 358,01 	 2 998,37 	 61,74 	 210,95 	 1 298,07 	 122,08 	 153,15 	 12,30 
10.12.2002	 529,35 		 259,70 	 1 909,00 	 1 928,76 	 22,61 	 12,23 	 1 221,76 	 6 337,35 	 41,35 	 3 197,92 	 558,67 	 136,65 	 263,57 	 482,68 	 59,92 	 2 531,54 	 1 082,87 	 357,99 	 3 011,35 	 62,04 	 212,28 	 1 308,92 	 123,29 	 155,60 	 12,19 
11.12.2002	 0,39 		 260,61 	 1 910,00 	 1 935,40 	 22,65 	 12,23 	 1 223,73 	 6 341,93 	 41,34 	 3 206,58 	 560,61 	 136,72 	 264,06 	 485,20 	 59,95 	 2 547,41 	 1 082,46 	 358,13 	 3 023,34 	 62,20 	 212,69 	 1 313,35 	 123,69 	 154,98 	 12,20 
12.12.2002	 1 071,40 		 259,51 	 1 911,00 	 1 927,24 	 22,56 	 12,26 	 1 225,55 	 6 339,57 	 41,37 	 3 209,34 	 558,29 	 136,74 	 262,50 	 484,87 	 59,98 	 2 549,90 	 1 084,93 	 358,22 	 3 004,47 	 62,03 	 212,13 	 1 307,52 	 123,17 	 154,98 	 12,31 
13.12.2002	 994,00 		 260,86 	 1 912,00 	 1 937,14 	 22,85 	 12,28 	 1 229,98 	 6 347,31 	 41,39 	 3 212,64 	 561,07 	 136,82 	 263,33 	 488,66 	 59,98 	 2 545,52 	 1 086,61 	 358,22 	 3 017,90 	 62,15 	 213,00 	 1 312,78 	 123,78 	 155,54 	 12,24 
14.12.2002	 529,35 		 264,12 	 1 913,00 	 1 962,36 	 23,09 	 12,29 	 1 231,41 	 6 362,25 	 41,41 	 3 228,42 	 568,11 	 136,89 	 267,41 	 492,37 	 59,98 	 2 553,87 	 1 094,39 	 358,58 	 3 039,47 	 62,89 	 214,97 	 1 328,70 	 125,36 	 157,27 	 12,25 
15.12.2002	 0,39 		 264,12 	 1 913,00 	 1 962,36 	 23,09 	 12,29 	 1 231,41 	 6 362,25 	 41,41 	 3 228,42 	 568,11 	 136,89 	 267,41 	 492,37 	 59,98 	 2 553,87 	 1 094,39 	 358,58 	 3 039,47 	 62,89 	 214,97 	 1 328,70 	 125,36 	 157,27 	 12,25 
16.12.2002	 529,35 		 264,12 	 1 913,00 	 1 962,36 	 23,09 	 12,29 	 1 231,41 	 6 362,25 	 41,41 	 3 228,42 	 568,11 	 136,89 	 267,41 	 492,37 	 59,98 	 2 553,87 	 1 094,39 	 358,58 	 3 039,47 	 62,89 	 214,97 	 1 328,70 	 125,36 	 157,27 	 12,25 
17.12.2002	 1 002,46 		 263,30 	 1 914,00 	 1 955,25 	 23,09 	 12,29 	 1 228,81 	 6 366,63 	 41,43 	 3 227,93 	 566,36 	 136,96 	 267,25 	 493,51 	 60,09 	 2 567,63 	 1 095,91 	 358,81 	 3 038,57 	 62,66 	 214,30 	 1 323,83 	 124,96 	 158,33 	 12,39 
18.12.2002	 529,35 		 266,07 	 1 915,00 	 1 975,71 	 23,26 	 12,30 	 1 228,04 	 6 376,96 	 41,45 	 3 242,74 	 572,40 	 136,98 	 271,06 	 494,23 	 60,11 	 2 570,54 	 1 097,99 	 358,98 	 3 060,55 	 63,09 	 217,37 	 1 340,52 	 126,23 	 158,86 	 12,28 
19.12.2002	 0,39 		 264,84 	 1 916,00 	 1 966,39 	 23,21 	 12,34 	 1 235,73 	 6 377,10 	 41,47 	 3 236,21 	 569,66 	 137,15 	 268,42 	 491,47 	 60,14 	 2 582,00 	 1 097,62 	 358,99 	 3 062,25 	 62,94 	 216,20 	 1 339,53 	 125,66 	 158,39 	 11,94 
20.12.2002	 529,35 		 265,04 	 1 917,00 	 1 968,09 	 23,17 	 12,35 	 1 233,31 	 6 382,98 	 41,50 	 3 239,54 	 570,07 	 137,22 	 269,40 	 492,87 	 60,18 	 2 576,85 	 1 097,53 	 357,98 	 3 074,96 	 62,84 	 216,46 	 1 345,31 	 125,71 	 158,52 	 11,81 
21.12.2002	 0,39 		 264,99 	 1 918,00 	 1 967,58 	 23,20 	 12,35 	 1 237,66 	 6 386,52 	 41,52 	 3 246,72 	 569,83 	 137,29 	 269,73 	 494,17 	 60,23 	 2 584,06 	 1 099,14 	 358,50 	 3 075,70 	 63,01 	 215,94 	 1 346,11 	 125,73 	 158,95 	 11,77 
22.12.2002	 529,35 		 264,99 	 1 918,00 	 1 967,58 	 23,20 	 12,35 	 1 237,66 	 6 386,52 	 41,52 	 3 246,72 	 569,83 	 137,29 	 269,73 	 494,17 	 60,23 	 2 584,06 	 1 099,14 	 358,50 	 3 075,70 	 63,01 	 215,94 	 1 346,11 	 125,73 	 158,95 	 11,77 
23.12.2002	 2,07 		 264,99 	 1 918,00 	 1 967,58 	 23,20 	 12,35 	 1 237,66 	 6 386,52 	 41,52 	 3 246,72 	 569,83 	 137,29 	 269,73 	 494,17 	 60,23 	 2 584,06 	 1 099,14 	 358,50 	 3 075,70 	 63,01 	 215,94 	 1 346,11 	 125,73 	 158,95 	 11,77 
24.12.2002	 2,07 		 266,46 	 1 919,00 	 1 978,78 	 23,20 	 12,34 	 1 238,38 	 6 392,83 	 41,54 	 3 264,44 	 573,20 	 137,71 	 271,32 	 496,53 	 60,35 	 2 585,41 	 1 103,00 	 359,63 	 3 078,36 	 63,13 	 216,47 	 1 354,37 	 126,50 	 160,04 	 11,62 
25.12.2002	 0,39 		 265,44 	 1 919,00 	 1 971,39 	 23,29 	 12,33 	 1 236,55 	 6 387,72 	 41,54 	 3 259,45 	 571,02 	 137,71 	 270,77 	 495,74 	 60,36 	 2 586,83 	 1 102,62 	 359,70 	 3 055,43 	 62,99 	 216,23 	 1 355,42 	 125,99 	 159,48 	 11,46 
26.12.2002	 1 080,68 		 265,44 	 1 919,00 	 1 971,39 	 23,29 	 12,33 	 1 236,55 	 6 387,72 	 41,54 	 3 259,45 	 571,02 	 137,71 	 270,77 	 495,74 	 60,36 	 2 586,83 	 1 102,62 	 359,70 	 3 055,43 	 62,99 	 216,23 	 1 355,42 	 125,99 	 159,48 	 11,46 
27.12.2002	 1 019,24 		 267,80 	 1 920,00 	 1 988,83 	 23,42 	 12,33 	 1 240,15 	 6 398,08 	 41,56 	 3 267,25 	 576,11 	 138,40 	 273,86 	 497,41 	 60,39 	 2 588,18 	 1 104,40 	 359,82 	 3 068,26 	 63,54 	 217,56 	 1 369,23 	 127,13 	 159,89 	 11,72 
28.12.2002	 2,07 		 268,41 	 1 920,00 	 1 993,63 	 23,46 	 12,33 	 1 230,69 	 6 392,12 	 41,56 	 3 271,15 	 577,50 	 138,13 	 273,41 	 498,47 	 60,41 	 2 585,53 	 1 103,51 	 359,85 	 3 074,98 	 63,60 	 218,14 	 1 370,69 	 127,40 	 159,95 	 11,51 
29.12.2002	 0,39 		 268,41 	 1 920,00 	 1 993,63 	 23,46 	 12,33 	 1 230,69 	 6 392,12 	 41,56 	 3 271,15 	 577,50 	 138,13 	 273,41 	 498,47 	 60,41 	 2 585,53 	 1 103,51 	 359,85 	 3 074,98 	 63,60 	 218,14 	 1 370,69 	 127,40 	 159,95 	 11,51 
30.12.2002	 1 084,13 		 268,41 	 1 920,00 	 1 993,63 	 23,46 	 12,33 	 1 230,69 	 6 392,12 	 41,56 	 3 271,15 	 577,50 	 138,13 	 273,41 	 498,47 	 60,41 	 2 585,53 	 1 103,51 	 359,85 	 3 074,98 	 63,60 	 218,14 	 1 370,69 	 127,40 	 159,95 	 11,51 
31.12.2002	 1 020,71 		 268,41 	 1 920,00 	 1 993,63 	 23,46 	 12,33 	 1 230,69 	 6 392,12 	 41,56 	 3 271,15 	 577,50 	 138,13 	 273,41 	 498,47 	 60,41 	 2 585,53 	 1 103,51 	 359,85 	 3 074,98 	 63,60 	 218,14 	 1 370,69 	 127,40 	 159,95 	 11,51 
