Официальный курс белорусского рубля по отношению к иностранным валютам, устанавливаемый Национальным банком																																
Республики Беларусь ежедневно, за период с 01.01.2007 по 31.12.2007																																
																																
Дата	1 австралийский доллар (AUD)	1 болгарский лев (BGN)	1 гривна (UAH)	1 датская крона (DKK)	1 доллар США (USD)	1 евро (EUR)	1 злотый (PLN)	1 исландская крона (ISK)	1 казахский тенге (KZT)	1 канадский доллар (CAD)	1 крона (EEK)	1 кувейтский динар (KWD)	1 кыргызский сом (KGS)	1 латвийский лат (LVL)	1 литовский лит (LTL)	1 молдавский лей (MDL)	1 новая турецкая лира (TRY)	1 норвежская крона (NOK)	1 польский злотый (PLN)	1 российский рубль (RUB)	1 СДР (XDR)	1 сингапурский доллар (SGD)	1 сом (KGS)	1 тенге (KZT)	1 украинская гривна (UAH)	1 фунт стерлингов (GBP)	1 чешская крона (CZK)	1 шведская крона (SEK)	1 швейцарский франк (CHF)	1 эстонская крона (EEK)	10 иен (JPY)	10000 турецких лир (TRL)
01.01.2007	 1 690,71 	 1 440,25 	 423,39 	 377,92 	 2 140,00 	 2 817,31 	 734,92 	 29,93 	 16,88 	 1 844,27 	 180,06 	 7 401,26 	 55,68 	 4 041,93 	 816,02 	 165,73 		 340,88 		 81,13 	 3 216,76 	 1 395,86 				 4 197,61 	 102,57 	 311,35 	 1 753,60 		 180,01 	 15,87 
02.01.2007	 1 690,71 	 1 440,25 	 423,39 	 377,92 	 2 140,00 	 2 817,31 	 734,92 	 29,93 	 16,88 	 1 844,27 	 180,06 	 7 401,26 	 55,68 	 4 041,93 	 816,02 	 165,73 		 340,88 		 81,13 	 3 216,76 	 1 395,86 				 4 197,61 	 102,57 	 311,35 	 1 753,60 		 180,01 	 15,87 
03.01.2007	 1 690,71 	 1 440,25 	 423,39 	 377,92 	 2 140,00 	 2 817,31 	 734,92 	 29,93 	 16,88 	 1 844,27 	 180,06 	 7 401,26 	 55,68 	 4 041,93 	 816,02 	 165,73 		 340,88 		 81,13 	 3 216,76 	 1 395,86 				 4 197,61 	 102,57 	 311,35 	 1 753,60 		 180,01 	 15,87 
04.01.2007	 1 700,34 	 1 447,32 	 423,64 	 379,65 	 2 140,00 	 2 830,47 	 740,07 	 30,58 	 16,93 	 1 830,15 	 180,91 	 7 402,28 	 56,13 	 4 053,80 	 819,81 	 164,62 		 344,28 		 81,13 	 3 219,42 	 1 397,19 				 4 202,53 	 103,11 	 314,22 	 1 753,16 		 179,24 	 15,87 
05.01.2007	 1 678,94 	 1 435,09 	 424,18 	 376,51 	 2 140,00 	 2 806,82 	 729,93 	 30,48 	 16,99 	 1 824,46 	 179,37 	 7 402,03 	 56,13 	 4 022,18 	 812,85 	 164,62 		 339,84 		 81,13 	 3 221,17 	 1 393,73 				 4 157,91 	 101,95 	 310,19 	 1 738,21 		 179,28 	 15,87 
06.01.2007	 1 678,19 	 1 433,07 	 423,11 	 376,00 	 2 140,00 	 2 802,44 	 719,96 	 30,34 	 16,98 	 1 817,95 	 179,12 	 7 402,03 	 56,13 	 4 017,27 	 811,65 	 163,36 		 338,06 		 81,13 	 3 207,95 	 1 393,59 				 4 154,92 	 101,32 	 308,26 	 1 741,96 		 181,06 	 15,87 
07.01.2007	 1 678,19 	 1 433,07 	 423,11 	 376,00 	 2 140,00 	 2 802,44 	 719,96 	 30,34 	 16,98 	 1 817,95 	 179,12 	 7 402,03 	 56,13 	 4 017,27 	 811,65 	 163,36 		 338,06 		 81,13 	 3 207,95 	 1 393,59 				 4 154,92 	 101,32 	 308,26 	 1 741,96 		 181,06 	 15,87 
08.01.2007	 1 678,19 	 1 433,07 	 423,11 	 376,00 	 2 140,00 	 2 802,44 	 719,96 	 30,34 	 16,98 	 1 817,95 	 179,12 	 7 402,03 	 56,13 	 4 017,27 	 811,65 	 163,36 		 338,06 		 81,13 	 3 207,95 	 1 393,59 				 4 154,92 	 101,32 	 308,26 	 1 741,96 		 181,06 	 15,87 
09.01.2007	 1 668,88 	 1 424,34 	 423,34 	 373,82 	 2 140,00 	 2 785,96 	 719,04 	 30,28 	 17,08 	 1 824,77 	 178,07 	 7 402,03 	 56,13 	 3 991,42 	 806,82 	 162,74 		 336,74 		 81,13 	 3 208,91 	 1 391,51 				 4 138,97 	 100,72 	 307,18 	 1 732,72 		 181,01 	 15,87 
10.01.2007	 1 675,94 	 1 425,72 	 423,76 	 374,24 	 2 140,00 	 2 788,31 	 721,90 	 30,27 	 17,08 	 1 821,51 	 178,25 	 7 402,03 	 56,13 	 3 995,89 	 807,81 	 162,74 		 338,52 		 80,92 	 3 199,79 	 1 393,18 				 4 157,70 	 101,09 	 306,47 	 1 730,20 		 179,67 	 15,87 
11.01.2007	 1 669,73 	 1 421,36 	 423,64 	 372,98 	 2 140,00 	 2 779,97 	 714,45 	 29,71 	 17,07 	 1 818,34 	 177,67 	 7 402,03 	 56,13 	 3 983,25 	 805,13 	 163,55 		 335,00 		 80,79 	 3 200,95 	 1 392,01 				 4 146,46 	 100,22 	 304,51 	 1 722,96 		 179,48 	 15,87 
12.01.2007	 1 672,62 	 1 418,63 	 423,72 	 372,26 	 2 140,00 	 2 775,47 	 715,22 	 29,49 	 17,04 	 1 824,69 	 177,36 	 7 402,28 	 56,13 	 3 976,22 	 803,65 	 163,92 		 333,23 		 80,66 	 3 197,78 	 1 388,35 				 4 143,79 	 100,12 	 303,89 	 1 716,67 		 177,90 	 15,87 
13.01.2007	 1 671,23 	 1 412,54 	 422,30 	 370,67 	 2 140,00 	 2 762,53 	 712,15 	 30,02 	 17,07 	 1 818,80 	 176,55 	 7 402,03 	 56,13 	 3 959,66 	 799,93 	 164,24 		 330,93 		 80,52 	 3 191,23 	 1 386,32 				 4 167,76 	 99,53 	 302,83 	 1 712,69 		 177,93 	 15,87 
14.01.2007	 1 671,23 	 1 412,54 	 422,30 	 370,67 	 2 140,00 	 2 762,53 	 712,15 	 30,02 	 17,07 	 1 818,80 	 176,55 	 7 402,03 	 56,13 	 3 959,66 	 799,93 	 164,24 		 330,93 		 80,52 	 3 191,23 	 1 386,32 				 4 167,76 	 99,53 	 302,83 	 1 712,69 		 177,93 	 15,87 
15.01.2007	 1 671,23 	 1 412,54 	 422,30 	 370,67 	 2 140,00 	 2 762,53 	 712,15 	 30,02 	 17,07 	 1 818,80 	 176,55 	 7 402,03 	 56,13 	 3 959,66 	 799,93 	 164,24 		 330,93 		 80,52 	 3 191,23 	 1 386,32 				 4 167,76 	 99,53 	 302,83 	 1 712,69 		 177,93 	 15,87 
16.01.2007	 1 680,33 	 1 416,09 	 422,09 	 371,62 	 2 140,00 	 2 769,80 	 715,00 	 30,18 	 17,09 	 1 831,96 	 177,04 	 7 402,03 	 56,14 	 3 969,21 	 801,92 	 164,68 		 332,86 		 80,56 	 3 188,11 	 1 387,90 				 4 205,10 	 99,57 	 305,10 	 1 717,50 		 177,50 	 15,87 
17.01.2007	 1 676,37 	 1 417,97 	 422,26 	 372,19 	 2 140,00 	 2 773,76 	 715,98 	 30,28 	 17,08 	 1 833,45 	 177,26 	 7 402,03 	 56,14 	 3 976,22 	 803,30 	 164,55 		 333,15 		 80,61 	 3 188,11 	 1 390,69 				 4 210,02 	 99,90 	 305,43 	 1 717,56 		 177,71 	 15,87 
18.01.2007	 1 678,51 	 1 414,83 	 423,68 	 371,30 	 2 140,00 	 2 766,91 	 710,70 	 30,45 	 17,12 	 1 820,73 	 176,85 	 7 402,28 	 56,14 	 3 966,64 	 801,36 	 164,55 		 332,75 		 80,56 	 3 198,12 	 1 390,47 				 4 207,13 	 99,29 	 305,55 	 1 714,81 		 177,41 	 15,87 
19.01.2007	 1 687,93 	 1 416,75 	 422,97 	 371,79 	 2 140,00 	 2 770,77 	 714,57 	 30,51 	 17,13 	 1 820,35 	 177,11 	 7 401,00 	 56,14 	 3 971,42 	 802,54 	 164,43 		 332,61 		 80,65 	 3 192,43 	 1 392,19 				 4 223,29 	 99,53 	 304,93 	 1 711,52 		 176,35 	 15,87 
20.01.2007	 1 686,21 	 1 418,96 	 422,72 	 372,28 	 2 140,00 	 2 774,83 	 721,02 	 30,73 	 17,13 	 1 823,84 	 177,40 	 7 402,28 	 56,14 	 3 978,80 	 803,60 	 164,33 		 331,69 		 80,73 	 3 192,86 	 1 392,78 				 4 219,65 	 99,87 	 304,28 	 1 714,54 		 176,39 	 15,87 
21.01.2007	 1 686,21 	 1 418,96 	 422,72 	 372,28 	 2 140,00 	 2 774,83 	 721,02 	 30,73 	 17,13 	 1 823,84 	 177,40 	 7 402,28 	 56,14 	 3 978,80 	 803,60 	 164,33 		 331,69 		 80,73 	 3 192,86 	 1 392,78 				 4 219,65 	 99,87 	 304,28 	 1 714,54 		 176,39 	 15,87 
22.01.2007	 1 686,21 	 1 418,96 	 422,72 	 372,28 	 2 140,00 	 2 774,83 	 721,02 	 30,73 	 17,13 	 1 823,84 	 177,40 	 7 402,28 	 56,14 	 3 978,80 	 803,60 	 164,33 		 331,69 		 80,73 	 3 192,86 	 1 392,78 				 4 219,65 	 99,87 	 304,28 	 1 714,54 		 176,39 	 15,87 
23.01.2007	 1 690,92 	 1 419,19 	 422,84 	 372,38 	 2 140,00 	 2 775,69 	 722,48 	 30,80 	 17,03 	 1 826,17 	 177,40 	 7 402,03 	 55,37 	 3 979,17 	 803,97 	 164,49 		 332,75 		 80,69 	 3 195,53 	 1 391,87 				 4 226,82 	 99,85 	 304,42 	 1 714,95 		 176,24 	 15,87 
24.01.2007	 1 690,92 	 1 419,76 	 423,97 	 372,56 	 2 140,00 	 2 776,97 	 719,19 	 30,86 	 16,99 	 1 810,18 	 177,49 	 7 399,72 	 55,37 	 3 980,28 	 803,97 	 164,81 		 332,04 		 80,68 	 3 194,04 	 1 391,96 				 4 240,73 	 99,42 	 305,22 	 1 715,71 		 176,07 	 15,87 
25.01.2007	 1 675,51 	 1 423,58 	 422,80 	 373,51 	 2 140,00 	 2 784,57 	 717,29 	 31,06 	 17,03 	 1 813,87 	 177,96 	 7 399,72 	 55,37 	 3 992,16 	 806,45 	 165,06 		 334,55 		 80,79 	 3 203,79 	 1 392,87 				 4 227,14 	 99,30 	 306,73 	 1 719,43 		 176,20 	 15,87 
26.01.2007	 1 668,02 	 1 419,38 	 423,30 	 372,40 	 2 140,00 	 2 777,29 	 716,15 	 31,17 	 16,98 	 1 818,26 	 177,44 	 7 399,72 	 55,37 	 3 981,03 	 804,12 	 165,25 		 338,38 		 80,75 	 3 199,36 	 1 394,36 				 4 212,06 	 99,01 	 306,02 	 1 715,57 		 177,43 	 15,87 
27.01.2007	 1 655,61 	 1 414,08 	 422,99 	 371,02 	 2 140,00 	 2 765,74 	 704,28 	 30,61 	 16,93 	 1 807,74 	 176,74 	 7 399,72 	 55,37 	 3 965,53 	 800,57 	 165,63 		 337,16 		 80,58 	 3 199,11 	 1 391,37 				 4 200,82 	 98,18 	 303,98 	 1 711,38 		 176,15 	 15,87 
28.01.2007	 1 655,61 	 1 414,08 	 422,99 	 371,02 	 2 140,00 	 2 765,74 	 704,28 	 30,61 	 16,93 	 1 807,74 	 176,74 	 7 399,72 	 55,37 	 3 965,53 	 800,57 	 165,63 		 337,16 		 80,58 	 3 199,11 	 1 391,37 				 4 200,82 	 98,18 	 303,98 	 1 711,38 		 176,15 	 15,87 
29.01.2007	 1 655,61 	 1 414,08 	 422,99 	 371,02 	 2 140,00 	 2 765,74 	 704,28 	 30,61 	 16,93 	 1 807,74 	 176,74 	 7 399,72 	 55,37 	 3 965,53 	 800,57 	 165,63 		 337,16 		 80,58 	 3 199,11 	 1 391,37 				 4 200,82 	 98,18 	 303,98 	 1 711,38 		 176,15 	 15,87 
30.01.2007	 1 655,40 	 1 414,03 	 423,49 	 371,01 	 2 140,00 	 2 765,52 	 704,81 	 31,01 	 16,97 	 1 813,10 	 176,75 	 7 401,77 	 55,37 	 3 971,42 	 800,96 	 165,38 		 338,21 		 80,53 	 3 187,04 	 1 389,48 				 4 190,23 	 98,10 	 304,89 	 1 705,93 		 175,53 	 15,87 
31.01.2007	 1 653,26 	 1 417,27 	 423,66 	 371,87 	 2 140,00 	 2 772,37 	 703,46 	 31,11 	 16,93 	 1 807,43 	 177,17 	 7 400,75 	 55,37 	 3 979,91 	 802,82 	 165,38 		 339,75 		 80,65 	 3 187,42 	 1 390,78 				 4 208,10 	 97,96 	 307,05 	 1 706,88 		 175,50 	 15,87 
01.02.2007	 1 649,62 	 1 415,44 	 423,32 	 371,25 	 2 140,00 	 2 768,20 	 703,90 	 31,39 	 16,97 	 1 814,33 	 176,91 	 7 400,75 	 55,37 	 3 974,74 	 801,69 	 165,44 		 339,31 		 80,61 	 3 192,11 	 1 390,74 				 4 180,06 	 97,82 	 305,88 	 1 703,82 		 176,17 	 15,87 
02.02.2007	 1 659,89 	 1 423,11 	 423,28 	 373,30 	 2 140,00 	 2 783,18 	 713,55 	 31,29 	 16,98 	 1 814,48 	 177,88 	 7 399,47 	 55,37 	 3 996,64 	 805,98 	 165,41 		 342,43 		 80,79 	 3 188,92 	 1 395,18 				 4 203,60 	 99,00 	 307,86 	 1 718,53 		 177,42 	 15,87 
03.02.2007	 1 654,24 	 1 424,77 	 423,10 	 373,86 	 2 141,00 	 2 787,05 	 712,95 	 31,29 	 17,05 	 1 810,65 	 178,13 	 7 403,18 	 55,39 	 4 002,99 	 806,71 	 165,74 		 342,91 		 80,85 	 3 203,24 	 1 394,56 				 4 211,56 	 98,73 	 307,62 	 1 722,31 		 177,03 	 15,88 
04.02.2007	 1 654,24 	 1 424,77 	 423,10 	 373,86 	 2 141,00 	 2 787,05 	 712,95 	 31,29 	 17,05 	 1 810,65 	 178,13 	 7 403,18 	 55,39 	 4 002,99 	 806,71 	 165,74 		 342,91 		 80,85 	 3 203,24 	 1 394,56 				 4 211,56 	 98,73 	 307,62 	 1 722,31 		 177,03 	 15,88 
05.02.2007	 1 654,24 	 1 424,77 	 423,10 	 373,86 	 2 141,00 	 2 787,05 	 712,95 	 31,29 	 17,05 	 1 810,65 	 178,13 	 7 403,18 	 55,39 	 4 002,99 	 806,71 	 165,74 		 342,91 		 80,85 	 3 203,24 	 1 394,56 				 4 211,56 	 98,73 	 307,62 	 1 722,31 		 177,03 	 15,88 
06.02.2007	 1 658,74 	 1 418,49 	 423,10 	 372,15 	 2 141,00 	 2 774,09 	 715,06 	 31,17 	 17,07 	 1 810,19 	 177,29 	 7 403,18 	 55,29 	 3 983,63 	 803,05 	 165,94 		 341,71 		 80,70 	 3 202,64 	 1 395,29 				 4 205,99 	 98,46 	 306,62 	 1 714,65 		 177,35 	 15,88 
07.02.2007	 1 661,01 	 1 417,14 	 423,55 	 371,83 	 2 142,00 	 2 771,43 	 715,84 	 31,24 	 17,05 	 1 811,80 	 177,11 	 7 408,18 	 55,32 	 3 980,30 	 802,64 	 166,21 		 341,31 		 80,66 	 3 194,47 	 1 396,76 				 4 203,89 	 98,50 	 303,43 	 1 717,79 		 177,82 	 15,88 
08.02.2007	 1 666,90 	 1 422,36 	 424,77 	 373,18 	 2 142,00 	 2 781,92 	 719,32 	 31,44 	 17,05 	 1 811,26 	 177,78 	 7 406,64 	 55,32 	 3 995,15 	 804,84 	 166,53 		 343,79 		 80,82 	 3 199,46 	 1 396,67 				 4 220,28 	 98,85 	 304,94 	 1 726,10 		 177,72 	 15,88 
09.02.2007	 1 669,37 	 1 421,98 	 425,51 	 373,20 	 2 142,00 	 2 781,71 	 718,29 	 31,44 	 17,11 	 1 806,53 	 177,78 	 7 406,38 	 55,32 	 3 993,66 	 805,63 	 166,76 		 343,10 		 81,15 	 3 202,33 	 1 395,53 				 4 212,78 	 98,60 	 305,23 	 1 714,97 		 176,81 	 15,88 
10.02.2007	 1 669,58 	 1 425,20 	 425,00 	 373,98 	 2 142,00 	 2 786,96 	 717,64 	 31,49 	 17,18 	 1 808,43 	 178,14 	 7 408,69 	 55,32 	 4 002,62 	 807,33 	 167,34 		 342,47 		 81,30 	 3 200,53 	 1 397,53 				 4 176,58 	 98,67 	 306,20 	 1 715,25 		 176,46 	 15,88 
11.02.2007	 1 669,58 	 1 425,20 	 425,00 	 373,98 	 2 142,00 	 2 786,96 	 717,64 	 31,49 	 17,18 	 1 808,43 	 178,14 	 7 408,69 	 55,32 	 4 002,62 	 807,33 	 167,34 		 342,47 		 81,30 	 3 200,53 	 1 397,53 				 4 176,58 	 98,67 	 306,20 	 1 715,25 		 176,46 	 15,88 
12.02.2007	 1 669,58 	 1 425,20 	 425,00 	 373,98 	 2 142,00 	 2 786,96 	 717,64 	 31,49 	 17,18 	 1 808,43 	 178,14 	 7 408,69 	 55,32 	 4 002,62 	 807,33 	 167,34 		 342,47 		 81,30 	 3 200,53 	 1 397,53 				 4 176,58 	 98,67 	 306,20 	 1 715,25 		 176,46 	 15,88 
13.02.2007	 1 655,44 	 1 421,93 	 425,76 	 373,13 	 2 142,00 	 2 781,17 	 711,91 	 31,47 	 17,22 	 1 825,85 	 177,76 	 7 406,38 	 55,26 	 3 994,41 	 805,44 	 167,74 		 342,65 		 81,32 	 3 196,16 	 1 396,21 				 4 170,05 	 98,38 	 305,45 	 1 712,16 		 175,54 	 15,88 
14.02.2007	 1 656,94 	 1 423,16 	 427,25 	 373,39 	 2 142,00 	 2 783,42 	 710,58 	 31,39 	 17,26 	 1 822,75 	 177,87 	 7 406,38 	 55,26 	 3 995,90 	 806,08 	 168,93 		 344,27 		 81,21 	 3 191,13 	 1 388,25 				 4 162,12 	 98,42 	 304,32 	 1 712,98 		 176,38 	 15,88 
15.02.2007	 1 675,76 	 1 433,31 	 426,83 	 376,14 	 2 141,00 	 2 803,43 	 716,72 	 31,66 	 17,28 	 1 834,70 	 179,18 	 7 403,18 	 55,23 	 4 023,30 	 812,14 	 168,82 		 346,38 		 81,39 	 3 195,08 	 1 393,29 				 4 179,34 	 99,29 	 305,99 	 1 723,00 		 176,85 	 15,88 
16.02.2007	 1 679,51 	 1 438,55 	 426,92 	 377,37 	 2 141,00 	 2 813,06 	 721,60 	 31,78 	 17,29 	 1 837,37 	 179,82 	 7 404,72 	 55,23 	 4 036,96 	 814,38 	 168,82 		 348,61 		 81,62 	 3 204,46 	 1 394,70 				 4 209,42 	 99,54 	 304,98 	 1 730,24 		 178,10 	 15,88 
17.02.2007	 1 679,29 	 1 437,88 	 426,49 	 377,23 	 2 141,00 	 2 812,52 	 719,64 	 31,76 	 17,20 	 1 837,93 	 179,75 	 7 406,51 	 55,23 	 4 036,96 	 814,01 	 169,18 		 349,55 		 81,61 	 3 212,36 	 1 395,79 				 4 174,31 	 99,47 	 304,61 	 1 733,46 		 179,09 	 15,88 
18.02.2007	 1 679,29 	 1 437,88 	 426,49 	 377,23 	 2 141,00 	 2 812,52 	 719,64 	 31,76 	 17,20 	 1 837,93 	 179,75 	 7 406,51 	 55,23 	 4 036,96 	 814,01 	 169,18 		 349,55 		 81,61 	 3 212,36 	 1 395,79 				 4 174,31 	 99,47 	 304,61 	 1 733,46 		 179,09 	 15,88 
19.02.2007	 1 679,29 	 1 437,88 	 426,49 	 377,23 	 2 141,00 	 2 812,52 	 719,64 	 31,76 	 17,20 	 1 837,93 	 179,75 	 7 406,51 	 55,23 	 4 036,96 	 814,01 	 169,18 		 349,55 		 81,61 	 3 212,36 	 1 395,79 				 4 174,31 	 99,47 	 304,61 	 1 733,46 		 179,09 	 15,88 
20.02.2007	 1 684,11 	 1 438,22 	 426,71 	 377,26 	 2 141,00 	 2 812,63 	 720,81 	 32,08 	 17,20 	 1 838,87 	 179,76 	 7 402,93 	 55,36 	 4 021,79 	 814,49 	 169,52 		 349,53 		 81,68 	 3 212,57 	 1 397,75 				 4 176,77 	 99,57 	 303,89 	 1 734,45 		 178,94 	 15,88 
21.02.2007	 1 683,58 	 1 439,57 	 426,05 	 377,61 	 2 141,00 	 2 815,42 	 724,39 	 32,29 	 17,18 	 1 837,14 	 179,94 	 7 403,18 	 55,36 	 3 980,66 	 815,45 	 169,38 		 350,05 		 81,73 	 3 212,57 	 1 397,25 				 4 175,06 	 100,20 	 304,59 	 1 732,13 		 178,41 	 15,88 
22.02.2007	 1 691,32 	 1 440,24 	 426,69 	 377,81 	 2 142,00 	 2 816,84 	 723,11 	 32,27 	 17,19 	 1 830,61 	 180,02 	 7 407,28 	 55,38 	 3 984,00 	 815,88 	 168,33 		 349,79 		 81,77 	 3 212,81 	 1 396,53 				 4 189,43 	 100,10 	 303,88 	 1 731,68 		 177,51 	 15,88 
23.02.2007	 1 688,86 	 1 434,17 	 426,06 	 376,21 	 2 142,00 	 2 805,16 	 723,01 	 32,14 	 17,27 	 1 841,39 	 179,30 	 7 407,02 	 55,38 	 3 968,14 	 812,50 	 168,26 		 347,50 		 81,61 	 3 210,92 	 1 395,80 				 4 174,76 	 99,33 	 301,87 	 1 724,22 		 176,67 	 15,88 
24.02.2007	 1 689,82 	 1 435,95 	 425,21 	 376,69 	 2 142,00 	 2 808,27 	 723,33 	 32,17 	 17,33 	 1 844,09 	 179,47 	 7 407,66 	 55,38 	 3 985,86 	 813,32 	 167,64 		 348,12 		 81,61 	 3 205,63 	 1 397,26 				 4 190,93 	 99,23 	 302,04 	 1 727,35 		 176,30 	 15,88 
25.02.2007	 1 689,82 	 1 435,95 	 425,21 	 376,69 	 2 142,00 	 2 808,27 	 723,33 	 32,17 	 17,33 	 1 844,09 	 179,47 	 7 407,66 	 55,38 	 3 985,86 	 813,32 	 167,64 		 348,12 		 81,61 	 3 205,63 	 1 397,26 				 4 190,93 	 99,23 	 302,04 	 1 727,35 		 176,30 	 15,88 
26.02.2007	 1 689,82 	 1 435,95 	 425,21 	 376,69 	 2 142,00 	 2 808,27 	 723,33 	 32,17 	 17,33 	 1 844,09 	 179,47 	 7 407,66 	 55,38 	 3 985,86 	 813,32 	 167,64 		 348,12 		 81,61 	 3 205,63 	 1 397,26 				 4 190,93 	 99,23 	 302,04 	 1 727,35 		 176,30 	 15,88 
27.02.2007	 1 695,50 	 1 441,89 	 424,41 	 378,34 	 2 142,00 	 2 820,05 	 724,65 	 32,55 	 17,32 	 1 848,14 	 180,24 	 7 407,41 	 55,79 	 3 997,39 	 816,81 	 167,31 		 349,71 		 81,84 	 3 208,87 	 1 400,96 				 4 201,64 	 99,35 	 303,47 	 1 739,34 		 177,46 	 15,88 
28.02.2007	 1 696,57 	 1 446,91 	 424,24 	 379,62 	 2 142,00 	 2 829,47 	 722,65 	 32,52 	 17,31 	 1 845,68 	 180,87 	 7 406,64 	 55,79 	 4 013,87 	 819,50 	 167,15 		 351,32 		 81,88 	 3 215,61 	 1 403,03 				 4 208,07 	 99,46 	 305,46 	 1 748,86 		 178,98 	 15,88 
01.03.2007	 1 686,18 	 1 444,76 	 424,24 	 379,16 	 2 142,00 	 2 825,83 	 721,21 	 31,94 	 17,16 	 1 835,16 	 180,62 	 7 408,05 	 55,79 	 4 007,11 	 818,51 	 167,54 		 348,57 		 81,92 	 3 224,57 	 1 401,97 				 4 182,90 	 99,59 	 304,74 	 1 752,65 		 181,02 	 15,88 
02.03.2007	 1 686,93 	 1 448,57 	 424,49 	 380,18 	 2 142,00 	 2 833,12 	 725,76 	 32,41 	 17,17 	 1 833,35 	 181,05 	 7 407,79 	 55,79 	 4 007,86 	 820,50 	 168,00 		 349,86 		 81,95 	 3 223,11 	 1 403,16 				 4 197,78 	 100,29 	 305,64 	 1 755,95 		 181,10 	 15,88 
03.03.2007	 1 678,58 	 1 440,87 	 425,13 	 378,26 	 2 142,00 	 2 818,23 	 722,73 	 32,07 	 17,11 	 1 826,09 	 180,11 	 7 407,79 	 55,79 	 3 985,86 	 816,31 	 168,13 		 347,32 		 81,84 	 3 228,59 	 1 403,49 				 4 186,11 	 100,14 	 303,06 	 1 747,64 		 181,96 	 15,88 
04.03.2007	 1 678,58 	 1 440,87 	 425,13 	 378,26 	 2 142,00 	 2 818,23 	 722,73 	 32,07 	 17,11 	 1 826,09 	 180,11 	 7 407,79 	 55,79 	 3 985,86 	 816,31 	 168,13 		 347,32 		 81,84 	 3 228,59 	 1 403,49 				 4 186,11 	 100,14 	 303,06 	 1 747,64 		 181,96 	 15,88 
05.03.2007	 1 678,58 	 1 440,87 	 425,13 	 378,26 	 2 142,00 	 2 818,23 	 722,73 	 32,07 	 17,11 	 1 826,09 	 180,11 	 7 407,79 	 55,79 	 3 985,86 	 816,31 	 168,13 		 347,32 		 81,84 	 3 228,59 	 1 403,49 				 4 186,11 	 100,14 	 303,06 	 1 747,64 		 181,96 	 15,88 
06.03.2007	 1 660,37 	 1 438,11 	 424,77 	 377,57 	 2 142,00 	 2 812,55 	 718,67 	 31,72 	 17,07 	 1 816,02 	 179,76 	 7 406,64 	 55,93 	 3 983,26 	 814,57 	 168,26 		 344,21 		 81,71 	 3 222,92 	 1 400,92 				 4 122,28 	 99,90 	 301,16 	 1 761,01 		 185,58 	 15,88 
07.03.2007	 1 658,23 	 1 437,05 	 424,79 	 377,31 	 2 142,00 	 2 810,30 	 720,12 	 31,47 	 17,22 	 1 817,95 	 179,62 	 7 407,79 	 55,93 	 3 969,97 	 813,95 	 168,46 		 344,11 		 81,62 	 3 216,75 	 1 401,37 				 4 128,28 	 99,83 	 302,61 	 1 754,16 		 183,97 	 15,88 
08.03.2007	 1 664,55 	 1 436,81 	 424,05 	 377,28 	 2 142,00 	 2 810,52 	 720,58 	 31,65 	 17,31 	 1 823,13 	 179,63 	 7 408,05 	 55,93 	 3 965,57 	 813,86 	 168,46 		 345,21 		 81,65 	 3 217,13 	 1 401,24 				 4 131,17 	 99,78 	 303,52 	 1 751,14 		 184,00 	 15,88 
09.03.2007	 1 664,55 	 1 436,81 	 424,05 	 377,28 	 2 142,00 	 2 810,52 	 720,58 	 31,65 	 17,31 	 1 823,13 	 179,63 	 7 408,05 	 55,93 	 3 965,57 	 813,86 	 168,46 		 345,21 		 81,65 	 3 217,13 	 1 401,24 				 4 131,17 	 99,78 	 303,52 	 1 751,14 		 184,00 	 15,88 
10.03.2007	 1 664,55 	 1 436,81 	 424,05 	 377,28 	 2 142,00 	 2 810,52 	 720,58 	 31,65 	 17,31 	 1 823,13 	 179,63 	 7 408,05 	 55,93 	 3 965,57 	 813,86 	 168,46 		 345,21 		 81,65 	 3 217,13 	 1 401,24 				 4 131,17 	 99,78 	 303,52 	 1 751,14 		 184,00 	 15,88 
11.03.2007	 1 664,55 	 1 436,81 	 424,05 	 377,28 	 2 142,00 	 2 810,52 	 720,58 	 31,65 	 17,31 	 1 823,13 	 179,63 	 7 408,05 	 55,93 	 3 965,57 	 813,86 	 168,46 		 345,21 		 81,65 	 3 217,13 	 1 401,24 				 4 131,17 	 99,78 	 303,52 	 1 751,14 		 184,00 	 15,88 
12.03.2007	 1 664,55 	 1 436,81 	 424,05 	 377,28 	 2 142,00 	 2 810,52 	 720,58 	 31,65 	 17,31 	 1 823,13 	 179,63 	 7 408,05 	 55,93 	 3 965,57 	 813,86 	 168,46 		 345,21 		 81,65 	 3 217,13 	 1 401,24 				 4 131,17 	 99,78 	 303,52 	 1 751,14 		 184,00 	 15,88 
13.03.2007	 1 679,22 	 1 442,38 	 425,60 	 378,68 	 2 142,00 	 2 821,01 	 729,12 	 31,85 	 17,32 	 1 829,44 	 180,28 	 7 408,43 	 56,22 	 3 984,75 	 817,01 	 168,60 		 348,25 		 81,67 	 3 218,48 	 1 402,61 				 4 157,84 	 99,88 	 303,93 	 1 743,73 		 181,29 	 15,88 
14.03.2007	 1 680,08 	 1 441,89 	 427,29 	 378,53 	 2 142,00 	 2 819,84 	 725,95 	 31,77 	 17,35 	 1 831,16 	 180,24 	 7 409,46 	 56,22 	 3 983,26 	 816,50 	 168,99 		 348,72 		 81,80 	 3 220,52 	 1 400,78 				 4 133,63 	 99,89 	 303,46 	 1 748,64 		 182,46 	 15,88 
15.03.2007	 1 678,93 	 1 445,00 	 424,95 	 379,33 	 2 143,00 	 2 826,30 	 724,37 	 31,67 	 17,30 	 1 824,61 	 180,63 	 7 413,17 	 56,24 	 3 989,57 	 818,50 	 169,47 		 348,33 		 81,95 	 3 223,71 	 1 396,96 				 4 121,85 	 100,38 	 304,03 	 1 758,58 		 184,38 	 15,89 
16.03.2007	 1 685,47 	 1 446,70 	 425,20 	 379,78 	 2 143,00 	 2 829,94 	 726,69 	 31,82 	 17,29 	 1 823,83 	 180,84 	 7 412,92 	 56,24 	 3 991,06 	 819,49 	 169,61 		 349,03 		 82,01 	 3 225,09 	 1 397,50 				 4 144,24 	 100,52 	 305,23 	 1 755,41 		 182,60 	 15,89 
17.03.2007	 1 703,68 	 1 460,06 	 424,78 	 383,26 	 2 143,00 	 2 855,01 	 731,35 	 31,76 	 17,28 	 1 826,63 	 182,50 	 7 417,15 	 56,24 	 4 024,04 	 827,01 	 169,94 		 351,05 		 82,27 	 3 226,78 	 1 403,08 				 4 168,56 	 101,93 	 308,25 	 1 776,95 		 183,59 	 15,89 
18.03.2007	 1 703,68 	 1 460,06 	 424,78 	 383,26 	 2 143,00 	 2 855,01 	 731,35 	 31,76 	 17,28 	 1 826,63 	 182,50 	 7 417,15 	 56,24 	 4 024,04 	 827,01 	 169,94 		 351,05 		 82,27 	 3 226,78 	 1 403,08 				 4 168,56 	 101,93 	 308,25 	 1 776,95 		 183,59 	 15,89 
19.03.2007	 1 703,68 	 1 460,06 	 424,78 	 383,26 	 2 143,00 	 2 855,01 	 731,35 	 31,76 	 17,28 	 1 826,63 	 182,50 	 7 417,15 	 56,24 	 4 024,04 	 827,01 	 169,94 		 351,05 		 82,27 	 3 226,78 	 1 403,08 				 4 168,56 	 101,93 	 308,25 	 1 776,95 		 183,59 	 15,89 
20.03.2007	 1 709,15 	 1 458,07 	 425,79 	 382,82 	 2 143,00 	 2 851,58 	 735,44 	 31,95 	 17,33 	 1 818,88 	 182,25 	 7 413,43 	 56,31 	 4 018,75 	 825,88 	 170,69 		 350,25 		 82,29 	 3 240,28 	 1 403,82 				 4 168,78 	 102,69 	 307,16 	 1 770,64 		 182,56 	 15,89 
21.03.2007	 1 714,83 	 1 456,24 	 426,17 	 382,38 	 2 143,00 	 2 848,05 	 734,76 	 32,04 	 17,28 	 1 820,73 	 182,04 	 7 413,69 	 56,31 	 4 014,61 	 824,48 	 170,52 		 349,38 		 82,29 	 3 234,45 	 1 403,18 				 4 167,28 	 102,41 	 305,82 	 1 766,40 		 181,84 	 15,89 
22.03.2007	 1 716,22 	 1 457,43 	 425,75 	 382,66 	 2 143,00 	 2 850,73 	 735,68 	 32,00 	 17,30 	 1 842,41 	 182,18 	 7 411,63 	 56,31 	 4 017,25 	 825,25 	 170,84 		 348,16 		 82,32 	 3 235,22 	 1 405,66 				 4 204,46 	 102,34 	 306,38 	 1 765,68 		 182,06 	 15,89 
23.03.2007	 1 730,15 	 1 464,80 	 426,87 	 384,51 	 2 143,00 	 2 864,87 	 739,74 	 32,19 	 17,30 	 1 851,00 	 183,09 	 7 411,89 	 56,31 	 4 039,20 	 829,70 	 171,17 		 350,75 		 82,52 	 3 237,19 	 1 411,91 				 4 217,96 	 102,38 	 307,86 	 1 770,34 		 182,33 	 15,89 
24.03.2007	 1 727,90 	 1 458,91 	 426,04 	 382,99 	 2 143,00 	 2 853,73 	 736,10 	 32,24 	 17,30 	 1 849,97 	 182,37 	 7 413,94 	 56,31 	 4 021,02 	 826,44 	 171,17 		 351,06 		 82,39 	 3 244,50 	 1 413,22 				 4 209,60 	 102,00 	 306,60 	 1 764,80 		 182,00 	 15,89 
25.03.2007	 1 727,90 	 1 458,91 	 426,04 	 382,99 	 2 143,00 	 2 853,73 	 736,10 	 32,24 	 17,30 	 1 849,97 	 182,37 	 7 413,94 	 56,31 	 4 021,02 	 826,44 	 171,17 		 351,06 		 82,39 	 3 244,50 	 1 413,22 				 4 209,60 	 102,00 	 306,60 	 1 764,80 		 182,00 	 15,89 
26.03.2007	 1 727,90 	 1 458,91 	 426,04 	 382,99 	 2 143,00 	 2 853,73 	 736,10 	 32,24 	 17,30 	 1 849,97 	 182,37 	 7 413,94 	 56,31 	 4 021,02 	 826,44 	 171,17 		 351,06 		 82,39 	 3 244,50 	 1 413,22 				 4 209,60 	 102,00 	 306,60 	 1 764,80 		 182,00 	 15,89 
27.03.2007	 1 726,29 	 1 454,71 	 425,90 	 381,81 	 2 143,00 	 2 844,30 	 735,25 	 32,14 	 17,39 	 1 843,12 	 181,80 	 7 413,94 	 56,31 	 4 008,98 	 823,50 	 171,17 		 350,65 		 82,18 	 3 239,27 	 1 412,01 				 4 202,21 	 101,77 	 305,91 	 1 756,92 		 181,51 	 15,89 
28.03.2007	 1 731,33 	 1 462,65 	 426,04 	 384,00 	 2 143,00 	 2 860,91 	 738,93 	 32,33 	 17,31 	 1 851,56 	 182,83 	 7 413,69 	 56,31 	 4 030,09 	 828,58 	 171,82 		 352,15 		 82,37 	 3 233,42 	 1 412,61 				 4 217,10 	 102,15 	 307,07 	 1 765,53 		 181,43 	 15,89 
29.03.2007	 1 724,79 	 1 460,95 	 425,75 	 383,56 	 2 143,00 	 2 857,58 	 735,64 	 32,35 	 17,30 	 1 846,06 	 182,65 	 7 408,05 	 56,31 	 4 027,82 	 827,60 	 171,75 		 351,52 		 82,44 	 3 240,15 	 1 411,03 				 4 204,14 	 101,90 	 306,70 	 1 767,06 		 182,52 	 15,89 
30.03.2007	 1 734,33 	 1 460,85 	 425,28 	 383,50 	 2 143,00 	 2 857,15 	 736,63 	 32,32 	 17,33 	 1 846,78 	 182,62 	 7 411,63 	 56,31 	 4 025,55 	 827,60 	 171,82 		 352,83 		 82,36 	 3 242,92 	 1 412,42 				 4 209,39 	 101,90 	 306,18 	 1 762,77 		 182,48 	 15,89 
31.03.2007	 1 730,04 	 1 459,96 	 426,64 	 383,17 	 2 143,00 	 2 855,01 	 738,60 	 32,50 	 17,30 	 1 856,86 	 182,48 	 7 403,70 	 56,31 	 4 024,04 	 826,62 	 171,23 		 351,75 		 82,39 	 3 242,87 	 1 412,70 				 4 195,03 	 101,82 	 305,68 	 1 757,13 		 181,48 	 15,89 
01.04.2007	 1 730,04 	 1 459,96 	 426,64 	 383,17 	 2 143,00 	 2 855,01 	 738,60 	 32,50 	 17,30 	 1 856,86 	 182,48 	 7 403,70 	 56,31 	 4 024,04 	 826,62 	 171,23 		 351,75 		 82,39 	 3 242,87 	 1 412,70 				 4 195,03 	 101,82 	 305,68 	 1 757,13 		 181,48 	 15,89 
02.04.2007	 1 730,04 	 1 459,96 	 426,64 	 383,17 	 2 143,00 	 2 855,01 	 738,60 	 32,50 	 17,30 	 1 856,86 	 182,48 	 7 403,70 	 56,31 	 4 024,04 	 826,62 	 171,23 		 351,75 		 82,39 	 3 242,87 	 1 412,70 				 4 195,03 	 101,82 	 305,68 	 1 757,13 		 181,48 	 15,89 
03.04.2007	 1 745,37 	 1 463,05 	 425,49 	 384,08 	 2 143,00 	 2 861,23 	 741,60 	 32,55 	 17,38 	 1 857,82 	 182,90 	 7 406,00 	 56,32 	 4 033,12 	 828,79 	 171,23 		 351,40 		 82,44 	 3 236,34 	 1 412,33 				 4 227,71 	 102,28 	 305,81 	 1 764,08 		 182,00 	 15,89 
04.04.2007	 1 743,12 	 1 464,05 	 423,52 	 384,46 	 2 143,00 	 2 863,91 	 744,10 	 32,39 	 17,34 	 1 853,97 	 183,07 	 7 406,26 	 56,32 	 4 043,01 	 829,54 	 171,23 		 351,34 		 82,47 	 3 244,67 	 1 412,24 				 4 240,46 	 102,43 	 305,71 	 1 760,38 		 180,86 	 15,89 
05.04.2007	 1 743,01 	 1 462,80 	 423,43 	 383,88 	 2 143,00 	 2 860,91 	 742,94 	 32,31 	 17,36 	 1 851,80 	 182,85 	 7 407,28 	 56,32 	 4 041,11 	 828,66 	 171,23 		 350,05 		 82,39 	 3 243,15 	 1 414,10 				 4 233,18 	 102,36 	 306,70 	 1 755,91 		 180,28 	 15,89 
06.04.2007	 1 754,37 	 1 464,70 	 423,94 	 384,21 	 2 143,00 	 2 864,01 	 745,73 	 32,02 	 17,37 	 1 849,57 	 183,07 	 7 409,07 	 56,32 	 4 044,54 	 829,53 	 171,44 		 351,24 		 82,46 	 3 240,88 	 1 415,18 				 4 231,46 	 102,45 	 308,49 	 1 755,62 		 180,32 	 15,89 
07.04.2007	 1 754,05 	 1 470,23 	 425,18 	 385,72 	 2 143,00 	 2 875,48 	 748,55 	 32,09 	 17,36 	 1 861,05 	 183,78 	 7 410,87 	 56,32 	 4 062,94 	 832,78 	 171,65 		 352,15 		 82,66 	 3 241,80 	 1 416,25 				 4 223,64 	 103,08 	 309,55 	 1 761,97 		 180,43 	 15,89 
08.04.2007	 1 754,05 	 1 470,23 	 425,18 	 385,72 	 2 143,00 	 2 875,48 	 748,55 	 32,09 	 17,36 	 1 861,05 	 183,78 	 7 410,87 	 56,32 	 4 062,94 	 832,78 	 171,65 		 352,15 		 82,66 	 3 241,80 	 1 416,25 				 4 223,64 	 103,08 	 309,55 	 1 761,97 		 180,43 	 15,89 
09.04.2007	 1 754,05 	 1 470,23 	 425,18 	 385,72 	 2 143,00 	 2 875,48 	 748,55 	 32,09 	 17,36 	 1 861,05 	 183,78 	 7 410,87 	 56,32 	 4 062,94 	 832,78 	 171,65 		 352,15 		 82,66 	 3 241,80 	 1 416,25 				 4 223,64 	 103,08 	 309,55 	 1 761,97 		 180,43 	 15,89 
10.04.2007	 1 750,83 	 1 465,15 	 426,47 	 384,35 	 2 143,00 	 2 865,62 	 746,33 	 32,00 	 17,44 	 1 862,02 	 183,16 	 7 409,33 	 56,32 	 4 049,13 	 829,78 	 172,20 		 351,46 		 82,47 	 3 240,64 	 1 417,47 				 4 209,17 	 102,71 	 308,65 	 1 753,61 		 179,62 	 15,89 
11.04.2007	 1 764,33 	 1 469,12 	 425,62 	 385,42 	 2 143,00 	 2 873,23 	 747,55 	 32,07 	 17,44 	 1 861,86 	 183,64 	 7 411,12 	 56,32 	 4 065,26 	 832,15 	 171,92 		 353,91 		 82,67 	 3 238,72 	 1 413,77 				 4 219,25 	 103,09 	 309,82 	 1 755,33 		 179,86 	 15,89 
12.04.2007	 1 766,69 	 1 470,83 	 425,58 	 385,91 	 2 143,00 	 2 876,76 	 751,55 	 31,99 	 17,51 	 1 869,09 	 183,85 	 7 411,38 	 56,32 	 4 087,74 	 833,24 	 171,85 		 355,24 		 82,68 	 3 245,79 	 1 412,01 				 4 237,46 	 103,05 	 310,57 	 1 758,43 		 179,82 	 15,89 
13.04.2007	 1 769,66 	 1 476,02 	 426,20 	 387,18 	 2 144,00 	 2 886,79 	 753,25 	 32,51 	 17,56 	 1 879,55 	 184,51 	 7 413,94 	 56,35 	 4 090,43 	 836,13 	 172,07 		 356,95 		 82,89 	 3 248,50 	 1 410,90 				 4 239,01 	 103,11 	 311,01 	 1 758,75 		 179,66 	 15,90 
14.04.2007	 1 783,81 	 1 482,45 	 428,07 	 388,87 	 2 144,00 	 2 899,22 	 755,16 	 32,58 	 17,59 	 1 888,24 	 185,29 	 7 415,09 	 56,35 	 4 109,25 	 839,62 	 172,42 		 357,69 		 83,01 	 3 250,95 	 1 413,32 				 4 258,31 	 103,81 	 312,43 	 1 770,15 		 180,86 	 15,90 
15.04.2007	 1 783,81 	 1 482,45 	 428,07 	 388,87 	 2 144,00 	 2 899,22 	 755,16 	 32,58 	 17,59 	 1 888,24 	 185,29 	 7 415,09 	 56,35 	 4 109,25 	 839,62 	 172,42 		 357,69 		 83,01 	 3 250,95 	 1 413,32 				 4 258,31 	 103,81 	 312,43 	 1 770,15 		 180,86 	 15,90 
16.04.2007	 1 783,81 	 1 482,45 	 428,07 	 388,87 	 2 144,00 	 2 899,22 	 755,16 	 32,58 	 17,59 	 1 888,24 	 185,29 	 7 415,09 	 56,35 	 4 109,25 	 839,62 	 172,42 		 357,69 		 83,01 	 3 250,95 	 1 413,32 				 4 258,31 	 103,81 	 312,43 	 1 770,15 		 180,86 	 15,90 
17.04.2007	 1 783,81 	 1 482,45 	 428,07 	 388,87 	 2 144,00 	 2 899,22 	 755,16 	 32,58 	 17,59 	 1 888,24 	 185,29 	 7 415,09 	 56,35 	 4 109,25 	 839,62 	 172,42 		 357,69 		 83,01 	 3 250,95 	 1 413,32 				 4 258,31 	 103,81 	 312,43 	 1 770,15 		 180,86 	 15,90 
18.04.2007	 1 783,81 	 1 482,45 	 428,07 	 388,87 	 2 144,00 	 2 899,22 	 755,16 	 32,58 	 17,59 	 1 888,24 	 185,29 	 7 415,09 	 56,35 	 4 109,25 	 839,62 	 172,42 		 357,69 		 83,01 	 3 250,95 	 1 413,32 				 4 258,31 	 103,81 	 312,43 	 1 770,15 		 180,86 	 15,90 
19.04.2007	 1 793,78 	 1 491,43 	 426,67 	 391,43 	 2 144,00 	 2 917,66 	 766,26 	 33,02 	 17,55 	 1 895,75 	 186,49 	 7 414,84 	 56,35 	 4 145,80 	 845,03 	 172,14 		 360,53 		 83,27 	 3 263,25 	 1 419,26 				 4 313,19 	 104,36 	 317,09 	 1 781,25 		 180,69 	 15,90 
20.04.2007	 1 780,48 	 1 489,10 	 426,50 	 390,80 	 2 144,00 	 2 912,62 	 763,19 	 32,96 	 17,63 	 1 898,02 	 186,17 	 7 414,58 	 56,35 	 4 139,40 	 843,58 	 172,11 		 359,21 		 83,21 	 3 272,75 	 1 418,46 				 4 294,97 	 104,00 	 315,80 	 1 782,80 		 182,03 	 15,90 
21.04.2007	 1 789,79 	 1 491,76 	 426,29 	 391,56 	 2 145,00 	 2 917,31 	 768,65 	 32,99 	 17,73 	 1 899,49 	 186,49 	 7 418,30 	 56,37 	 4 154,16 	 845,07 	 172,67 		 359,91 		 83,39 	 3 273,14 	 1 419,97 				 4 293,75 	 104,13 	 317,21 	 1 776,62 		 180,76 	 15,91 
22.04.2007	 1 789,79 	 1 491,76 	 426,29 	 391,56 	 2 145,00 	 2 917,31 	 768,65 	 32,99 	 17,73 	 1 899,49 	 186,49 	 7 418,30 	 56,37 	 4 154,16 	 845,07 	 172,67 		 359,91 		 83,39 	 3 273,14 	 1 419,97 				 4 293,75 	 104,13 	 317,21 	 1 776,62 		 180,76 	 15,91 
23.04.2007	 1 789,79 	 1 491,76 	 426,29 	 391,56 	 2 145,00 	 2 917,31 	 768,65 	 32,99 	 17,73 	 1 899,49 	 186,49 	 7 418,30 	 56,37 	 4 154,16 	 845,07 	 172,67 		 359,91 		 83,39 	 3 273,14 	 1 419,97 				 4 293,75 	 104,13 	 317,21 	 1 776,62 		 180,76 	 15,91 
24.04.2007	 1 786,36 	 1 487,47 	 426,02 	 390,42 	 2 145,00 	 2 909,37 	 769,85 	 33,20 	 17,72 	 1 908,96 	 185,93 	 7 418,04 	 56,37 	 4 144,53 	 842,61 	 172,74 		 359,17 		 83,26 	 3 272,80 	 1 417,62 				 4 287,85 	 103,80 	 316,42 	 1 773,09 		 181,06 	 15,91 
25.04.2007	 1 771,02 	 1 487,78 	 426,17 	 390,45 	 2 145,00 	 2 908,94 	 767,88 	 33,10 	 17,72 	 1 912,11 	 185,92 	 7 418,30 	 56,37 	 4 158,59 	 842,56 	 172,50 		 359,33 		 83,22 	 3 267,93 	 1 415,84 				 4 283,03 	 103,74 	 316,41 	 1 775,74 		 180,96 	 15,91 
26.04.2007	 1 786,46 	 1 496,39 	 426,57 	 392,74 	 2 145,00 	 2 926,53 	 773,45 	 33,35 	 17,73 	 1 913,21 	 187,03 	 7 418,30 	 56,37 	 4 181,69 	 847,54 	 173,12 		 361,16 		 83,48 	 3 269,24 	 1 419,21 				 4 298,26 	 104,08 	 318,26 	 1 781,93 		 180,96 	 15,91 
27.04.2007	 1 784,53 	 1 496,60 	 426,93 	 392,85 	 2 145,00 	 2 927,17 	 776,11 	 33,49 	 17,80 	 1 921,44 	 187,07 	 7 418,30 	 56,37 	 4 192,73 	 847,74 	 173,82 		 359,74 		 83,48 	 3 277,13 	 1 416,82 				 4 296,97 	 104,01 	 319,32 	 1 780,75 		 180,32 	 15,91 
28.04.2007	 1 774,45 	 1 493,47 	 428,19 	 392,01 	 2 145,00 	 2 920,85 	 772,61 	 33,37 	 17,90 	 1 916,63 	 186,67 	 7 418,30 	 56,37 	 4 184,55 	 845,85 	 174,11 		 359,15 		 83,32 	 3 270,97 	 1 412,86 				 4 277,24 	 104,07 	 319,58 	 1 778,68 		 179,67 	 15,91 
29.04.2007	 1 774,45 	 1 493,47 	 428,19 	 392,01 	 2 145,00 	 2 920,85 	 772,61 	 33,37 	 17,90 	 1 916,63 	 186,67 	 7 418,30 	 56,37 	 4 184,55 	 845,85 	 174,11 		 359,15 		 83,32 	 3 270,97 	 1 412,86 				 4 277,24 	 104,07 	 319,58 	 1 778,68 		 179,67 	 15,91 
30.04.2007	 1 774,45 	 1 493,47 	 428,19 	 392,01 	 2 145,00 	 2 920,85 	 772,61 	 33,37 	 17,90 	 1 916,63 	 186,67 	 7 418,30 	 56,37 	 4 184,55 	 845,85 	 174,11 		 359,15 		 83,32 	 3 270,97 	 1 412,86 				 4 277,24 	 104,07 	 319,58 	 1 778,68 		 179,67 	 15,91 
01.05.2007	 1 774,45 	 1 493,47 	 428,19 	 392,01 	 2 145,00 	 2 920,85 	 772,61 	 33,37 	 17,90 	 1 916,63 	 186,67 	 7 418,30 	 56,37 	 4 184,55 	 845,85 	 174,11 		 359,15 		 83,32 	 3 270,97 	 1 412,86 				 4 277,24 	 104,07 	 319,58 	 1 778,68 		 179,67 	 15,91 
02.05.2007	 1 774,45 	 1 493,47 	 428,19 	 392,01 	 2 145,00 	 2 920,85 	 772,61 	 33,37 	 17,90 	 1 916,63 	 186,67 	 7 418,30 	 56,37 	 4 184,55 	 845,85 	 174,11 		 359,15 		 83,32 	 3 270,97 	 1 412,86 				 4 277,24 	 104,07 	 319,58 	 1 778,68 		 179,67 	 15,91 
03.05.2007	 1 770,16 	 1 489,48 	 428,02 	 390,94 	 2 145,00 	 2 912,91 	 773,03 	 33,38 	 17,85 	 1 928,52 	 186,18 	 7 418,04 	 56,37 	 4 167,07 	 843,71 	 173,97 		 358,78 		 83,28 	 3 273,72 	 1 404,35 				 4 278,10 	 103,57 	 318,12 	 1 764,05 		 178,89 	 15,91 
04.05.2007	 1 768,23 	 1 492,64 	 427,72 	 391,76 	 2 145,00 	 2 919,02 	 777,70 	 33,60 	 17,92 	 1 936,10 	 186,57 	 7 418,04 	 56,37 	 4 187,82 	 844,99 	 174,75 		 359,34 		 83,37 	 3 262,18 	 1 408,68 				 4 275,84 	 103,69 	 319,39 	 1 771,78 		 178,48 	 15,91 
05.05.2007	 1 757,93 	 1 488,45 	 427,16 	 390,67 	 2 145,00 	 2 911,52 	 777,10 	 33,65 	 17,99 	 1 939,51 	 186,07 	 7 417,78 	 56,37 	 4 181,29 	 843,21 	 175,89 		 358,02 		 83,24 	 3 266,83 	 1 411,28 				 4 261,04 	 103,62 	 318,11 	 1 767,10 		 178,35 	 15,91 
06.05.2007	 1 757,93 	 1 488,45 	 427,16 	 390,67 	 2 145,00 	 2 911,52 	 777,10 	 33,65 	 17,99 	 1 939,51 	 186,07 	 7 417,78 	 56,37 	 4 181,29 	 843,21 	 175,89 		 358,02 		 83,24 	 3 266,83 	 1 411,28 				 4 261,04 	 103,62 	 318,11 	 1 767,10 		 178,35 	 15,91 
07.05.2007	 1 757,93 	 1 488,45 	 427,16 	 390,67 	 2 145,00 	 2 911,52 	 777,10 	 33,65 	 17,99 	 1 939,51 	 186,07 	 7 417,78 	 56,37 	 4 181,29 	 843,21 	 175,89 		 358,02 		 83,24 	 3 266,83 	 1 411,28 				 4 261,04 	 103,62 	 318,11 	 1 767,10 		 178,35 	 15,91 
08.05.2007	 1 768,55 	 1 491,91 	 427,72 	 391,57 	 2 145,00 	 2 917,95 	 778,61 	 33,81 	 18,06 	 1 939,86 	 186,51 	 7 418,04 	 56,51 	 4 189,86 	 845,17 	 176,54 		 359,45 		 83,35 	 3 261,30 	 1 417,15 				 4 282,49 	 103,57 	 318,13 	 1 772,95 		 178,86 	 15,91 
09.05.2007	 1 779,38 	 1 488,60 	 427,08 	 390,67 	 2 145,00 	 2 911,73 	 776,50 	 33,71 	 17,92 	 1 947,88 	 186,08 	 7 417,78 	 56,51 	 4 179,25 	 843,24 	 176,83 		 358,25 		 83,35 	 3 268,38 	 1 415,89 				 4 273,81 	 103,13 	 317,14 	 1 765,07 		 178,98 	 15,91 
10.05.2007	 1 779,38 	 1 488,60 	 427,08 	 390,67 	 2 145,00 	 2 911,73 	 776,50 	 33,71 	 17,92 	 1 947,88 	 186,08 	 7 417,78 	 56,51 	 4 179,25 	 843,24 	 176,83 		 358,25 		 83,35 	 3 268,38 	 1 415,89 				 4 273,81 	 103,13 	 317,14 	 1 765,07 		 178,98 	 15,91 
11.05.2007	 1 784,32 	 1 485,20 	 427,50 	 389,85 	 2 145,00 	 2 904,87 	 775,04 	 33,53 	 17,82 	 1 937,32 	 185,68 	 7 418,04 	 56,51 	 4 168,69 	 841,46 	 176,69 		 356,50 		 83,21 	 3 260,25 	 1 415,84 				 4 271,12 	 102,87 	 315,87 	 1 761,73 		 178,30 	 15,91 
12.05.2007	 1 778,10 	 1 478,19 	 427,06 	 387,96 	 2 145,00 	 2 891,14 	 765,01 	 33,62 	 17,80 	 1 929,04 	 184,79 	 7 417,78 	 56,51 	 4 151,35 	 837,38 	 176,54 		 354,04 		 82,95 	 3 259,20 	 1 411,88 				 4 241,63 	 102,29 	 313,56 	 1 758,99 		 178,94 	 15,91 
13.05.2007	 1 778,10 	 1 478,19 	 427,06 	 387,96 	 2 145,00 	 2 891,14 	 765,01 	 33,62 	 17,80 	 1 929,04 	 184,79 	 7 417,78 	 56,51 	 4 151,35 	 837,38 	 176,54 		 354,04 		 82,95 	 3 259,20 	 1 411,88 				 4 241,63 	 102,29 	 313,56 	 1 758,99 		 178,94 	 15,91 
14.05.2007	 1 778,10 	 1 478,19 	 427,06 	 387,96 	 2 145,00 	 2 891,14 	 765,01 	 33,62 	 17,80 	 1 929,04 	 184,79 	 7 417,78 	 56,51 	 4 151,35 	 837,38 	 176,54 		 354,04 		 82,95 	 3 259,20 	 1 411,88 				 4 241,63 	 102,29 	 313,56 	 1 758,99 		 178,94 	 15,91 
15.05.2007	 1 788,29 	 1 484,89 	 427,50 	 389,81 	 2 145,00 	 2 904,54 	 772,32 	 33,55 	 17,87 	 1 928,70 	 185,62 	 7 417,78 	 56,52 	 4 169,91 	 841,03 	 175,10 		 354,68 		 83,12 	 3 254,37 	 1 415,42 				 4 249,14 	 102,77 	 314,66 	 1 758,70 		 178,35 	 15,91 
16.05.2007	 1 783,57 	 1 484,63 	 427,16 	 389,68 	 2 145,00 	 2 903,79 	 768,84 	 33,72 	 17,98 	 1 938,98 	 185,59 	 7 418,30 	 56,52 	 4 171,12 	 840,58 	 174,46 		 354,45 		 83,16 	 3 259,35 	 1 412,62 				 4 240,34 	 102,64 	 315,88 	 1 760,43 		 178,22 	 15,91 
17.05.2007	 1 782,82 	 1 491,50 	 427,55 	 391,47 	 2 145,00 	 2 917,20 	 771,08 	 34,07 	 17,93 	 1 951,33 	 186,44 	 7 418,04 	 56,52 	 4 189,45 	 844,90 	 173,68 		 357,02 		 83,34 	 3 256,13 	 1 411,32 				 4 260,94 	 103,27 	 317,49 	 1 765,65 		 178,25 	 15,91 
18.05.2007	 1 771,02 	 1 484,58 	 427,59 	 389,58 	 2 145,00 	 2 903,58 	 765,50 	 34,08 	 17,78 	 1 943,29 	 185,58 	 7 418,30 	 56,52 	 4 170,31 	 840,93 	 173,05 		 355,54 		 83,12 	 3 263,51 	 1 406,97 				 4 241,63 	 103,21 	 315,20 	 1 755,68 		 177,37 	 15,91 
19.05.2007	 1 765,87 	 1 481,25 	 427,72 	 388,81 	 2 145,00 	 2 897,89 	 764,32 	 34,04 	 17,85 	 1 960,96 	 185,22 	 7 418,55 	 56,52 	 4 163,43 	 839,28 	 172,43 		 354,63 		 82,98 	 3 253,45 	 1 404,81 				 4 241,42 	 102,90 	 314,89 	 1 751,23 		 176,86 	 15,91 
20.05.2007	 1 765,87 	 1 481,25 	 427,72 	 388,81 	 2 145,00 	 2 897,89 	 764,32 	 34,04 	 17,85 	 1 960,96 	 185,22 	 7 418,55 	 56,52 	 4 163,43 	 839,28 	 172,43 		 354,63 		 82,98 	 3 253,45 	 1 404,81 				 4 241,42 	 102,90 	 314,89 	 1 751,23 		 176,86 	 15,91 
21.05.2007	 1 765,87 	 1 481,25 	 427,72 	 388,81 	 2 145,00 	 2 897,89 	 764,32 	 34,04 	 17,85 	 1 960,96 	 185,22 	 7 418,55 	 56,52 	 4 163,43 	 839,28 	 172,43 		 354,63 		 82,98 	 3 253,45 	 1 404,81 				 4 241,42 	 102,90 	 314,89 	 1 751,23 		 176,86 	 15,91 
22.05.2007	 1 763,73 	 1 481,35 	 428,14 	 388,76 	 2 145,00 	 2 897,47 	 767,28 	 33,97 	 17,85 	 1 979,24 	 185,18 	 7 446,11 	 56,52 	 4 161,82 	 838,74 	 172,15 		 354,74 		 83,01 	 3 249,10 	 1 406,83 				 4 232,51 	 102,81 	 314,43 	 1 747,81 		 176,86 	 15,91 
23.05.2007	 1 764,16 	 1 476,56 	 427,29 	 387,47 	 2 145,00 	 2 887,92 	 765,09 	 34,17 	 17,87 	 1 979,88 	 184,58 	 7 446,62 	 56,52 	 4 147,73 	 836,39 	 172,15 		 354,66 		 82,87 	 3 244,70 	 1 398,99 				 4 231,76 	 102,57 	 313,67 	 1 743,97 		 176,59 	 15,91 
24.05.2007	 1 761,58 	 1 471,85 	 427,21 	 386,31 	 2 145,00 	 2 878,91 	 758,38 	 34,49 	 17,88 	 1 971,69 	 183,98 	 7 446,62 	 56,52 	 4 135,34 	 833,27 	 171,94 		 354,24 		 82,83 	 3 245,06 	 1 400,40 				 4 234,66 	 101,89 	 313,16 	 1 743,48 		 176,06 	 15,91 
25.05.2007	 1 763,73 	 1 473,26 	 426,14 	 386,69 	 2 145,00 	 2 881,38 	 759,20 	 34,65 	 17,80 	 1 979,33 	 184,19 	 7 446,37 	 56,52 	 4 138,53 	 834,27 	 171,94 		 355,23 		 82,82 	 3 246,93 	 1 404,58 				 4 260,61 	 102,01 	 313,69 	 1 745,39 		 176,57 	 15,91 
26.05.2007	 1 754,82 	 1 473,42 	 426,36 	 386,76 	 2 145,00 	 2 881,91 	 756,64 	 34,47 	 17,78 	 1 977,41 	 184,20 	 7 454,13 	 56,52 	 4 139,73 	 834,63 	 172,71 		 355,39 		 82,77 	 3 247,38 	 1 403,98 				 4 257,50 	 101,89 	 313,28 	 1 747,53 		 176,80 	 15,91 
27.05.2007	 1 754,82 	 1 473,42 	 426,36 	 386,76 	 2 145,00 	 2 881,91 	 756,64 	 34,47 	 17,78 	 1 977,41 	 184,20 	 7 454,13 	 56,52 	 4 139,73 	 834,63 	 172,71 		 355,39 		 82,77 	 3 247,38 	 1 403,98 				 4 257,50 	 101,89 	 313,28 	 1 747,53 		 176,80 	 15,91 
28.05.2007	 1 754,82 	 1 473,42 	 426,36 	 386,76 	 2 145,00 	 2 881,91 	 756,64 	 34,47 	 17,78 	 1 977,41 	 184,20 	 7 454,13 	 56,52 	 4 139,73 	 834,63 	 172,71 		 355,39 		 82,77 	 3 247,38 	 1 403,98 				 4 257,50 	 101,89 	 313,28 	 1 747,53 		 176,80 	 15,91 
29.05.2007	 1 757,29 	 1 475,65 	 426,65 	 387,34 	 2 145,00 	 2 886,10 	 758,73 	 34,65 	 17,62 	 1 984,82 	 184,46 	 7 454,39 	 56,52 	 4 146,13 	 835,92 	 173,12 		 356,66 		 82,86 	 3 245,88 	 1 404,30 				 4 254,61 	 101,91 	 313,45 	 1 747,31 		 176,29 	 15,91 
30.05.2007	 1 757,72 	 1 477,58 	 426,65 	 387,88 	 2 145,00 	 2 889,85 	 756,91 	 34,69 	 17,59 	 1 982,90 	 184,68 	 7 440,17 	 56,43 	 4 151,75 	 836,89 	 173,40 		 357,12 		 82,81 	 3 245,88 	 1 403,66 				 4 264,80 	 101,86 	 312,67 	 1 750,73 		 176,74 	 15,91 
31.05.2007	 1 756,22 	 1 474,33 	 426,06 	 387,09 	 2 145,00 	 2 883,42 	 753,07 	 34,72 	 17,59 	 2 003,92 	 184,26 	 7 433,72 	 56,43 	 4 140,93 	 835,15 	 173,54 		 355,20 		 82,81 	 3 251,54 	 1 400,91 				 4 243,99 	 101,72 	 310,22 	 1 751,45 		 176,32 	 15,91 
01.06.2007	 1 770,80 	 1 474,28 	 425,64 	 387,11 	 2 145,00 	 2 883,95 	 754,95 	 34,64 	 17,50 	 2 001,87 	 184,29 	 7 436,30 	 56,43 	 4 142,13 	 835,15 	 174,00 		 354,74 		 82,80 	 3 243,22 	 1 401,37 				 4 236,91 	 101,74 	 310,66 	 1 750,59 		 176,32 	 15,91 
02.06.2007	 1 776,81 	 1 474,07 	 425,76 	 387,08 	 2 145,00 	 2 883,31 	 756,43 	 34,81 	 17,56 	 2 005,05 	 184,27 	 7 438,88 	 56,43 	 4 141,33 	 835,00 	 174,99 		 355,47 		 82,82 	 3 245,08 	 1 401,87 				 4 243,99 	 101,81 	 309,91 	 1 746,53 		 175,90 	 15,91 
03.06.2007	 1 776,81 	 1 474,07 	 425,76 	 387,08 	 2 145,00 	 2 883,31 	 756,43 	 34,81 	 17,56 	 2 005,05 	 184,27 	 7 438,88 	 56,43 	 4 141,33 	 835,00 	 174,99 		 355,47 		 82,82 	 3 245,08 	 1 401,87 				 4 243,99 	 101,81 	 309,91 	 1 746,53 		 175,90 	 15,91 
04.06.2007	 1 776,81 	 1 474,07 	 425,76 	 387,08 	 2 145,00 	 2 883,31 	 756,43 	 34,81 	 17,56 	 2 005,05 	 184,27 	 7 438,88 	 56,43 	 4 141,33 	 835,00 	 174,99 		 355,47 		 82,82 	 3 245,08 	 1 401,87 				 4 243,99 	 101,81 	 309,91 	 1 746,53 		 175,90 	 15,91 
05.06.2007	 1 786,36 	 1 474,63 	 425,70 	 387,16 	 2 145,00 	 2 884,06 	 760,44 	 34,92 	 17,61 	 2 029,23 	 184,33 	 7 440,17 	 56,50 	 4 144,13 	 835,28 	 176,40 		 355,82 		 82,84 	 3 243,95 	 1 401,87 				 4 255,36 	 101,99 	 308,94 	 1 746,32 		 175,78 	 15,91 
06.06.2007	 1 796,20 	 1 482,50 	 426,60 	 389,30 	 2 146,00 	 2 899,57 	 762,02 	 34,27 	 17,72 	 2 028,83 	 185,28 	 7 447,51 	 56,52 	 4 164,16 	 839,77 	 176,70 		 358,84 		 83,02 	 3 249,82 	 1 402,20 				 4 277,41 	 102,15 	 311,25 	 1 757,22 		 176,30 	 15,91 
07.06.2007	 1 808,33 	 1 483,43 	 426,43 	 389,61 	 2 146,00 	 2 901,50 	 758,73 	 34,06 	 17,76 	 2 022,91 	 185,43 	 7 448,54 	 56,52 	 4 164,16 	 840,30 	 176,77 		 359,51 		 83,12 	 3 255,95 	 1 402,25 				 4 274,30 	 102,11 	 311,13 	 1 762,63 		 177,02 	 15,91 
08.06.2007	 1 816,37 	 1 481,69 	 426,47 	 389,15 	 2 146,00 	 2 898,07 	 756,73 	 34,22 	 17,73 	 2 028,45 	 185,19 	 7 448,54 	 56,52 	 4 163,35 	 839,28 	 176,92 		 358,80 		 83,04 	 3 257,80 	 1 399,96 				 4 275,37 	 102,09 	 310,90 	 1 760,60 		 176,92 	 15,91 
09.06.2007	 1 802,96 	 1 469,91 	 426,60 	 386,16 	 2 146,00 	 2 875,32 	 747,53 	 33,70 	 17,78 	 2 015,69 	 183,74 	 7 448,80 	 56,52 	 4 128,91 	 832,23 	 176,92 		 355,86 		 82,78 	 3 252,46 	 1 394,64 				 4 225,47 	 100,97 	 307,78 	 1 747,84 		 177,52 	 15,91 
10.06.2007	 1 802,96 	 1 469,91 	 426,60 	 386,16 	 2 146,00 	 2 875,32 	 747,53 	 33,70 	 17,78 	 2 015,69 	 183,74 	 7 448,80 	 56,52 	 4 128,91 	 832,23 	 176,92 		 355,86 		 82,78 	 3 252,46 	 1 394,64 				 4 225,47 	 100,97 	 307,78 	 1 747,84 		 177,52 	 15,91 
11.06.2007	 1 802,96 	 1 469,91 	 426,60 	 386,16 	 2 146,00 	 2 875,32 	 747,53 	 33,70 	 17,78 	 2 015,69 	 183,74 	 7 448,80 	 56,52 	 4 128,91 	 832,23 	 176,92 		 355,86 		 82,78 	 3 252,46 	 1 394,64 				 4 225,47 	 100,97 	 307,78 	 1 747,84 		 177,52 	 15,91 
12.06.2007	 1 812,08 	 1 465,70 	 427,11 	 384,98 	 2 146,00 	 2 866,30 	 746,97 	 33,45 	 17,61 	 2 020,62 	 183,21 	 7 448,54 	 56,55 	 4 114,66 	 830,21 	 178,09 		 352,99 		 82,78 	 3 235,85 	 1 389,90 				 4 223,86 	 100,56 	 306,57 	 1 735,33 		 176,28 	 15,91 
13.06.2007	 1 809,29 	 1 465,25 	 427,06 	 384,48 	 2 146,00 	 2 863,52 	 748,56 	 33,69 	 17,65 	 2 021,38 	 183,00 	 7 448,54 	 56,55 	 4 110,72 	 828,89 	 176,01 		 353,32 		 82,78 	 3 235,72 	 1 395,55 				 4 233,52 	 100,58 	 304,68 	 1 729,67 		 176,23 	 15,91 
14.06.2007	 1 800,83 	 1 457,10 	 425,09 	 382,65 	 2 145,00 	 2 849,63 	 741,55 	 33,89 	 17,59 	 2 003,83 	 182,15 	 7 445,33 	 56,52 	 4 092,34 	 825,38 	 174,75 		 351,01 		 82,37 	 3 235,71 	 1 390,37 				 4 229,83 	 99,92 	 302,18 	 1 723,58 		 175,41 	 15,91 
15.06.2007	 1 794,83 	 1 458,69 	 425,62 	 383,14 	 2 145,00 	 2 852,74 	 746,19 	 33,79 	 17,62 	 2 012,67 	 182,34 	 7 443,78 	 56,52 	 4 096,25 	 825,89 	 174,18 		 351,88 		 82,35 	 3 226,47 	 1 390,51 				 4 222,00 	 99,83 	 303,30 	 1 722,89 		 174,44 	 15,91 
16.06.2007	 1 794,83 	 1 460,48 	 425,91 	 383,67 	 2 145,00 	 2 856,71 	 747,86 	 33,97 	 17,46 	 2 010,50 	 182,58 	 7 446,62 	 56,52 	 4 103,69 	 827,26 	 174,32 		 352,52 		 82,40 	 3 228,42 	 1 390,87 				 4 225,11 	 99,83 	 302,99 	 1 723,10 		 173,94 	 15,91 
17.06.2007	 1 794,83 	 1 460,48 	 425,91 	 383,67 	 2 145,00 	 2 856,71 	 747,86 	 33,97 	 17,46 	 2 010,50 	 182,58 	 7 446,62 	 56,52 	 4 103,69 	 827,26 	 174,32 		 352,52 		 82,40 	 3 228,42 	 1 390,87 				 4 225,11 	 99,83 	 302,99 	 1 723,10 		 173,94 	 15,91 
18.06.2007	 1 794,83 	 1 460,48 	 425,91 	 383,67 	 2 145,00 	 2 856,71 	 747,86 	 33,97 	 17,46 	 2 010,50 	 182,58 	 7 446,62 	 56,52 	 4 103,69 	 827,26 	 174,32 		 352,52 		 82,40 	 3 228,42 	 1 390,87 				 4 225,11 	 99,83 	 302,99 	 1 723,10 		 173,94 	 15,91 
19.06.2007	 1 810,06 	 1 469,98 	 425,66 	 386,14 	 2 145,00 	 2 875,05 	 756,15 	 34,52 	 17,53 	 2 005,33 	 183,75 	 7 445,33 	 56,52 	 4 130,16 	 832,57 	 174,32 		 356,13 		 82,64 	 3 227,71 	 1 395,03 				 4 252,89 	 100,65 	 304,74 	 1 730,05 		 173,78 	 15,91 
20.06.2007	 1 808,66 	 1 469,63 	 425,55 	 386,10 	 2 145,00 	 2 874,30 	 755,28 	 34,40 	 17,51 	 2 004,39 	 183,72 	 7 446,62 	 56,52 	 4 129,37 	 832,17 	 174,39 		 356,05 		 82,73 	 3 237,88 	 1 394,26 				 4 253,96 	 100,50 	 305,49 	 1 728,86 		 173,52 	 15,91 
21.06.2007	 1 816,92 	 1 472,66 	 425,72 	 386,85 	 2 145,00 	 2 879,88 	 761,12 	 34,55 	 17,40 	 2 017,02 	 184,09 	 7 445,33 	 56,52 	 4 137,33 	 834,24 	 174,60 		 357,01 		 82,70 	 3 238,09 	 1 397,08 				 4 271,02 	 100,49 	 308,66 	 1 732,42 		 173,89 	 15,91 
22.06.2007	 1 814,13 	 1 468,02 	 426,53 	 385,75 	 2 145,00 	 2 871,19 	 756,73 	 34,51 	 17,44 	 2 010,78 	 183,51 	 7 446,62 	 56,52 	 4 122,62 	 831,59 	 174,64 		 357,38 		 82,60 	 3 242,73 	 1 394,49 				 4 274,77 	 100,29 	 310,38 	 1 728,86 		 173,48 	 15,91 
23.06.2007	 1 820,68 	 1 471,50 	 427,59 	 386,70 	 2 145,00 	 2 878,16 	 759,99 	 34,43 	 17,49 	 2 000,00 	 183,96 	 7 445,07 	 56,52 	 4 134,14 	 833,64 	 174,11 		 360,87 		 82,70 	 3 237,21 	 1 394,58 				 4 280,03 	 100,42 	 311,57 	 1 735,51 		 172,91 	 15,91 
24.06.2007	 1 820,68 	 1 471,50 	 427,59 	 386,70 	 2 145,00 	 2 878,16 	 759,99 	 34,43 	 17,49 	 2 000,00 	 183,96 	 7 445,07 	 56,52 	 4 134,14 	 833,64 	 174,11 		 360,87 		 82,70 	 3 237,21 	 1 394,58 				 4 280,03 	 100,42 	 311,57 	 1 735,51 		 172,91 	 15,91 
25.06.2007	 1 820,68 	 1 471,50 	 427,59 	 386,70 	 2 145,00 	 2 878,16 	 759,99 	 34,43 	 17,49 	 2 000,00 	 183,96 	 7 445,07 	 56,52 	 4 134,14 	 833,64 	 174,11 		 360,87 		 82,70 	 3 237,21 	 1 394,58 				 4 280,03 	 100,42 	 311,57 	 1 735,51 		 172,91 	 15,91 
26.06.2007	 1 819,50 	 1 474,83 	 427,50 	 387,52 	 2 145,00 	 2 884,49 	 761,08 	 34,45 	 17,53 	 2 000,93 	 184,35 	 7 445,33 	 56,52 	 4 142,93 	 835,43 	 174,21 		 360,66 		 82,82 	 3 241,29 	 1 394,53 				 4 288,61 	 100,42 	 312,28 	 1 744,68 		 173,49 	 15,91 
27.06.2007	 1 817,14 	 1 475,09 	 427,67 	 387,68 	 2 145,00 	 2 885,03 	 760,53 	 34,12 	 17,67 	 2 001,68 	 184,37 	 7 445,33 	 56,52 	 4 143,73 	 835,46 	 174,46 		 360,23 		 83,21 	 3 246,26 	 1 394,67 				 4 285,60 	 100,66 	 311,31 	 1 744,97 		 174,06 	 15,91 
28.06.2007	 1 802,34 	 1 473,01 	 427,44 	 387,06 	 2 145,00 	 2 880,73 	 757,55 	 34,28 	 17,67 	 2 000,47 	 184,11 	 7 444,04 	 56,52 	 4 138,53 	 834,29 	 174,82 		 358,75 		 82,99 	 3 247,85 	 1 394,35 				 4 277,88 	 100,50 	 310,39 	 1 744,26 		 174,92 	 15,91 
29.06.2007	 1 810,49 	 1 475,44 	 428,14 	 387,74 	 2 145,00 	 2 885,88 	 763,60 	 34,22 	 17,56 	 2 013,14 	 184,44 	 7 445,33 	 56,52 	 4 145,33 	 835,31 	 175,60 		 363,16 		 83,15 	 3 246,56 	 1 396,03 				 4 293,97 	 100,88 	 312,83 	 1 744,90 		 174,28 	 15,91 
30.06.2007	 1 823,57 	 1 475,39 	 428,14 	 387,72 	 2 145,00 	 2 885,67 	 766,88 	 34,20 	 17,54 	 2 030,00 	 184,44 	 7 445,33 	 56,52 	 4 144,53 	 835,74 	 176,18 		 363,46 		 83,09 	 3 248,26 	 1 400,04 				 4 293,11 	 100,40 	 312,15 	 1 742,13 		 173,68 	 15,91 
01.07.2007	 1 823,57 	 1 475,39 	 428,14 	 387,72 	 2 145,00 	 2 885,67 	 766,88 	 34,20 	 17,54 	 2 030,00 	 184,44 	 7 445,33 	 56,52 	 4 144,53 	 835,74 	 176,18 		 363,46 		 83,09 	 3 248,26 	 1 400,04 				 4 293,11 	 100,40 	 312,15 	 1 742,13 		 173,68 	 15,91 
02.07.2007	 1 823,57 	 1 475,39 	 428,14 	 387,72 	 2 145,00 	 2 885,67 	 766,88 	 34,20 	 17,54 	 2 030,00 	 184,44 	 7 445,33 	 56,52 	 4 144,53 	 835,74 	 176,18 		 363,46 		 83,09 	 3 248,26 	 1 400,04 				 4 293,11 	 100,40 	 312,15 	 1 742,13 		 173,68 	 15,91 
03.07.2007	 1 823,57 	 1 475,39 	 428,14 	 387,72 	 2 145,00 	 2 885,67 	 766,88 	 34,20 	 17,54 	 2 030,00 	 184,44 	 7 445,33 	 56,52 	 4 144,53 	 835,74 	 176,18 		 363,46 		 83,09 	 3 248,26 	 1 400,04 				 4 293,11 	 100,40 	 312,15 	 1 742,13 		 173,68 	 15,91 
04.07.2007	 1 823,57 	 1 475,39 	 428,14 	 387,72 	 2 145,00 	 2 885,67 	 766,88 	 34,20 	 17,54 	 2 030,00 	 184,44 	 7 445,33 	 56,52 	 4 144,53 	 835,74 	 176,18 		 363,46 		 83,09 	 3 248,26 	 1 400,04 				 4 293,11 	 100,40 	 312,15 	 1 742,13 		 173,68 	 15,91 
05.07.2007	 1 838,80 	 1 492,95 	 427,12 	 392,43 	 2 145,00 	 2 920,31 	 776,51 	 34,65 	 17,64 	 2 029,14 	 186,63 	 7 445,33 	 56,52 	 4 193,14 	 845,25 	 175,96 		 368,00 		 83,58 	 3 263,49 	 1 409,28 				 4 327,54 	 101,72 	 317,90 	 1 762,97 		 175,14 	 15,91 
06.07.2007	 1 841,91 	 1 496,49 	 426,02 	 393,34 	 2 145,00 	 2 927,28 	 777,50 	 34,63 	 17,59 	 2 029,04 	 187,07 	 7 444,81 	 56,52 	 4 203,00 	 847,68 	 176,14 		 369,22 		 83,55 	 3 263,49 	 1 410,44 				 4 324,86 	 102,25 	 319,65 	 1 769,00 		 175,05 	 15,91 
07.07.2007	 1 839,44 	 1 491,08 	 427,33 	 391,90 	 2 145,00 	 2 916,23 	 772,43 	 34,88 	 17,61 	 2 030,67 	 186,40 	 7 445,07 	 56,52 	 4 186,18 	 844,12 	 176,29 		 368,68 		 83,36 	 3 267,65 	 1 410,72 				 4 313,06 	 101,76 	 318,76 	 1 759,28 		 174,14 	 15,91 
08.07.2007	 1 839,44 	 1 491,08 	 427,33 	 391,90 	 2 145,00 	 2 916,23 	 772,43 	 34,88 	 17,61 	 2 030,67 	 186,40 	 7 445,07 	 56,52 	 4 186,18 	 844,12 	 176,29 		 368,68 		 83,36 	 3 267,65 	 1 410,72 				 4 313,06 	 101,76 	 318,76 	 1 759,28 		 174,14 	 15,91 
09.07.2007	 1 839,44 	 1 491,08 	 427,33 	 391,90 	 2 145,00 	 2 916,23 	 772,43 	 34,88 	 17,61 	 2 030,67 	 186,40 	 7 445,07 	 56,52 	 4 186,18 	 844,12 	 176,29 		 368,68 		 83,36 	 3 267,65 	 1 410,72 				 4 313,06 	 101,76 	 318,76 	 1 759,28 		 174,14 	 15,91 
10.07.2007	 1 843,52 	 1 494,10 	 427,74 	 392,70 	 2 145,00 	 2 922,35 	 779,02 	 35,17 	 17,60 	 2 049,49 	 186,76 	 7 445,07 	 56,52 	 4 189,86 	 845,85 	 176,98 		 369,77 		 83,46 	 3 260,94 	 1 412,16 				 4 319,17 	 101,97 	 318,69 	 1 762,24 		 173,80 	 15,91 
11.07.2007	 1 843,63 	 1 495,66 	 427,95 	 393,17 	 2 145,00 	 2 925,03 	 778,15 	 35,40 	 17,65 	 2 045,39 	 186,94 	 7 445,33 	 56,52 	 4 192,73 	 847,27 	 176,43 		 367,89 		 83,60 	 3 264,13 	 1 413,56 				 4 322,93 	 102,05 	 318,72 	 1 764,85 		 173,97 	 15,91 
12.07.2007	 1 847,70 	 1 507,43 	 428,85 	 396,29 	 2 145,00 	 2 948,20 	 781,83 	 35,27 	 17,69 	 2 028,46 	 188,42 	 7 445,07 	 56,52 	 4 229,52 	 853,85 	 176,29 		 369,85 		 84,00 	 3 266,28 	 1 415,42 				 4 353,49 	 103,65 	 321,37 	 1 782,23 		 176,78 	 15,91 
13.07.2007	 1 850,38 	 1 511,41 	 428,89 	 397,28 	 2 145,00 	 2 956,02 	 785,83 	 35,56 	 17,63 	 2 041,20 	 188,93 	 7 477,52 	 56,52 	 4 242,48 	 856,17 	 176,31 		 372,22 		 84,06 	 3 282,79 	 1 415,00 				 4 363,47 	 104,22 	 322,79 	 1 784,01 		 175,79 	 15,91 
14.07.2007	 1 863,47 	 1 511,63 	 429,04 	 397,31 	 2 145,00 	 2 956,78 	 789,94 	 35,69 	 17,61 	 2 049,79 	 188,97 	 7 474,65 	 56,52 	 4 242,90 	 856,25 	 176,40 		 373,78 		 84,14 	 3 285,86 	 1 416,31 				 4 357,46 	 104,34 	 323,08 	 1 782,97 		 175,39 	 15,91 
15.07.2007	 1 863,47 	 1 511,63 	 429,04 	 397,31 	 2 145,00 	 2 956,78 	 789,94 	 35,69 	 17,61 	 2 049,79 	 188,97 	 7 474,65 	 56,52 	 4 242,90 	 856,25 	 176,40 		 373,78 		 84,14 	 3 285,86 	 1 416,31 				 4 357,46 	 104,34 	 323,08 	 1 782,97 		 175,39 	 15,91 
16.07.2007	 1 863,47 	 1 511,63 	 429,04 	 397,31 	 2 145,00 	 2 956,78 	 789,94 	 35,69 	 17,61 	 2 049,79 	 188,97 	 7 474,65 	 56,52 	 4 242,90 	 856,25 	 176,40 		 373,78 		 84,14 	 3 285,86 	 1 416,31 				 4 357,46 	 104,34 	 323,08 	 1 782,97 		 175,39 	 15,91 
17.07.2007	 1 872,69 	 1 512,00 	 428,94 	 397,44 	 2 145,00 	 2 957,42 	 788,15 	 35,75 	 17,58 	 2 052,24 	 188,99 	 7 475,17 	 56,52 	 4 245,42 	 856,46 	 176,83 		 374,03 		 84,21 	 3 282,88 	 1 414,44 				 4 369,69 	 104,97 	 323,30 	 1 785,34 		 175,96 	 15,91 
18.07.2007	 1 874,94 	 1 511,36 	 428,87 	 397,23 	 2 145,00 	 2 956,02 	 787,43 	 35,69 	 17,63 	 2 053,22 	 188,95 	 7 475,95 	 56,52 	 4 239,13 	 856,13 	 176,73 		 375,07 		 84,26 	 3 288,22 	 1 414,58 				 4 382,99 	 104,59 	 322,99 	 1 788,32 		 176,20 	 15,91 
19.07.2007	 1 877,41 	 1 511,15 	 428,91 	 397,16 	 2 145,00 	 2 955,17 	 786,20 	 36,01 	 17,57 	 2 054,79 	 188,87 	 7 476,21 	 56,52 	 4 241,23 	 855,43 	 176,83 		 373,64 		 84,32 	 3 286,68 	 1 412,72 				 4 396,50 	 104,54 	 322,25 	 1 784,30 		 175,70 	 15,91 
20.07.2007	 1 887,60 	 1 514,30 	 428,94 	 398,02 	 2 145,00 	 2 961,92 	 789,81 	 36,10 	 17,59 	 2 056,17 	 189,29 	 7 476,47 	 56,52 	 4 250,05 	 857,78 	 176,94 		 374,94 		 84,38 	 3 288,46 	 1 416,22 				 4 403,47 	 104,92 	 322,76 	 1 787,05 		 176,05 	 15,91 
21.07.2007	 1 885,78 	 1 513,39 	 428,87 	 397,66 	 2 145,00 	 2 959,99 	 788,24 	 36,11 	 17,58 	 2 054,60 	 189,12 	 7 476,47 	 56,52 	 4 242,90 	 856,80 	 176,94 		 374,23 		 84,40 	 3 291,12 	 1 419,35 				 4 396,28 	 104,75 	 322,95 	 1 780,53 		 175,35 	 15,91 
22.07.2007	 1 885,78 	 1 513,39 	 428,87 	 397,66 	 2 145,00 	 2 959,99 	 788,24 	 36,11 	 17,58 	 2 054,60 	 189,12 	 7 476,47 	 56,52 	 4 242,90 	 856,80 	 176,94 		 374,23 		 84,40 	 3 291,12 	 1 419,35 				 4 396,28 	 104,75 	 322,95 	 1 780,53 		 175,35 	 15,91 
23.07.2007	 1 885,78 	 1 513,39 	 428,87 	 397,66 	 2 145,00 	 2 959,99 	 788,24 	 36,11 	 17,58 	 2 054,60 	 189,12 	 7 476,47 	 56,52 	 4 242,90 	 856,80 	 176,94 		 374,23 		 84,40 	 3 291,12 	 1 419,35 				 4 396,28 	 104,75 	 322,95 	 1 780,53 		 175,35 	 15,91 
24.07.2007	 1 894,57 	 1 516,38 	 428,70 	 398,57 	 2 145,00 	 2 965,89 	 787,30 	 36,04 	 17,58 	 2 053,71 	 189,54 	 7 476,47 	 56,52 	 4 251,73 	 858,48 	 176,83 		 375,07 		 84,50 	 3 288,31 	 1 422,93 				 4 415,05 	 105,16 	 322,98 	 1 786,53 		 177,33 	 15,91 
25.07.2007	 1 896,93 	 1 515,58 	 428,61 	 398,33 	 2 145,00 	 2 964,07 	 788,75 	 36,08 	 17,47 	 2 053,52 	 189,44 	 7 475,95 	 56,64 	 4 252,58 	 858,46 	 176,98 		 374,90 		 84,46 	 3 294,27 	 1 425,34 				 4 426,31 	 105,19 	 323,37 	 1 779,86 		 177,96 	 15,91 
26.07.2007	 1 897,36 	 1 510,62 	 428,14 	 396,99 	 2 145,00 	 2 953,88 	 780,21 	 36,08 	 17,50 	 2 069,76 	 188,84 	 7 607,46 	 56,64 	 4 238,71 	 855,62 	 176,91 		 371,44 		 84,40 	 3 296,33 	 1 421,75 				 4 409,37 	 105,05 	 320,37 	 1 773,68 		 178,46 	 15,91 
27.07.2007	 1 899,08 	 1 505,32 	 427,82 	 395,65 	 2 145,00 	 2 944,12 	 774,48 	 35,81 	 17,45 	 2 059,23 	 188,18 	 7 595,61 	 56,64 	 4 225,35 	 852,31 	 177,09 		 370,88 		 84,12 	 3 288,29 	 1 417,62 				 4 398,86 	 104,63 	 319,73 	 1 769,73 		 178,19 	 15,91 
28.07.2007	 1 844,38 	 1 503,31 	 428,14 	 395,11 	 2 145,00 	 2 940,15 	 771,58 	 35,23 	 17,37 	 2 027,31 	 187,90 	 7 596,95 	 56,64 	 4 218,70 	 851,55 	 177,05 		 366,53 		 84,13 	 3 287,02 	 1 416,31 				 4 372,15 	 105,06 	 318,40 	 1 777,21 		 180,39 	 15,91 
29.07.2007	 1 844,38 	 1 503,31 	 428,14 	 395,11 	 2 145,00 	 2 940,15 	 771,58 	 35,23 	 17,37 	 2 027,31 	 187,90 	 7 596,95 	 56,64 	 4 218,70 	 851,55 	 177,05 		 366,53 		 84,13 	 3 287,02 	 1 416,31 				 4 372,15 	 105,06 	 318,40 	 1 777,21 		 180,39 	 15,91 
30.07.2007	 1 844,38 	 1 503,31 	 428,14 	 395,11 	 2 145,00 	 2 940,15 	 771,58 	 35,23 	 17,37 	 2 027,31 	 187,90 	 7 596,95 	 56,64 	 4 218,70 	 851,55 	 177,05 		 366,53 		 84,13 	 3 287,02 	 1 416,31 				 4 372,15 	 105,06 	 318,40 	 1 777,21 		 180,39 	 15,91 
31.07.2007	 1 830,65 	 1 498,48 	 428,15 	 393,89 	 2 145,00 	 2 930,71 	 771,72 	 34,95 	 17,35 	 2 012,01 	 187,31 	 7 594,26 	 56,64 	 4 206,29 	 848,88 	 177,14 		 365,47 		 83,79 	 3 281,68 	 1 416,54 				 4 347,92 	 104,64 	 318,65 	 1 778,83 		 180,46 	 15,91 
01.08.2007	 1 844,27 	 1 503,26 	 428,79 	 395,08 	 2 145,00 	 2 940,15 	 775,35 	 35,04 	 17,36 	 2 019,87 	 187,91 	 7 605,03 	 56,75 	 4 219,95 	 851,09 	 177,18 		 368,99 		 83,97 	 3 283,52 	 1 419,73 				 4 358,32 	 104,79 	 319,81 	 1 779,86 		 180,16 	 15,91 
02.08.2007	 1 814,88 	 1 497,38 	 428,40 	 393,56 	 2 145,00 	 2 928,57 	 768,20 	 35,00 	 17,37 	 2 010,40 	 187,16 	 7 605,03 	 56,75 	 4 205,06 	 848,21 	 177,33 		 365,43 		 83,79 	 3 284,47 	 1 407,39 				 4 340,84 	 104,72 	 316,25 	 1 787,43 		 182,11 	 15,91 
03.08.2007	 1 831,51 	 1 499,11 	 428,44 	 394,02 	 2 145,00 	 2 932,00 	 772,24 	 34,06 	 17,36 	 2 029,14 	 187,39 	 7 605,03 	 56,75 	 4 209,18 	 849,14 	 177,29 		 368,20 		 83,81 	 3 282,45 	 1 411,09 				 4 355,74 	 104,60 	 318,10 	 1 782,82 		 180,58 	 15,91 
04.08.2007	 1 834,83 	 1 502,10 	 428,23 	 394,75 	 2 145,00 	 2 938,01 	 776,54 	 34,26 	 17,29 	 2 030,19 	 187,77 	 7 605,03 	 56,75 	 4 217,05 	 850,90 	 177,31 		 370,12 		 83,94 	 3 283,20 	 1 412,67 				 4 366,47 	 104,82 	 318,98 	 1 778,98 		 180,02 	 15,91 
05.08.2007	 1 834,83 	 1 502,10 	 428,23 	 394,75 	 2 145,00 	 2 938,01 	 776,54 	 34,26 	 17,29 	 2 030,19 	 187,77 	 7 605,03 	 56,75 	 4 217,05 	 850,90 	 177,31 		 370,12 		 83,94 	 3 283,20 	 1 412,67 				 4 366,47 	 104,82 	 318,98 	 1 778,98 		 180,02 	 15,91 
06.08.2007	 1 834,83 	 1 502,10 	 428,23 	 394,75 	 2 145,00 	 2 938,01 	 776,54 	 34,26 	 17,29 	 2 030,19 	 187,77 	 7 605,03 	 56,75 	 4 217,05 	 850,90 	 177,31 		 370,12 		 83,94 	 3 283,20 	 1 412,67 				 4 366,47 	 104,82 	 318,98 	 1 778,98 		 180,02 	 15,91 
07.08.2007	 1 838,16 	 1 516,38 	 428,40 	 398,51 	 2 145,00 	 2 965,78 	 782,25 	 33,68 	 17,23 	 2 034,91 	 189,56 	 7 620,98 	 56,75 	 4 255,11 	 858,98 	 177,24 		 372,17 		 84,28 	 3 285,39 	 1 415,09 				 4 381,38 	 105,68 	 320,52 	 1 810,97 		 182,37 	 15,91 
08.08.2007	 1 839,02 	 1 513,81 	 428,86 	 397,77 	 2 145,00 	 2 960,85 	 782,33 	 33,60 	 17,24 	 2 031,35 	 189,22 	 7 617,19 	 56,75 	 4 250,89 	 856,97 	 177,57 		 370,82 		 84,22 	 3 296,48 	 1 415,75 				 4 347,59 	 105,44 	 321,30 	 1 801,01 		 180,64 	 15,91 
09.08.2007	 1 839,44 	 1 507,96 	 428,74 	 396,21 	 2 145,00 	 2 949,27 	 781,19 	 33,45 	 17,22 	 2 037,91 	 188,49 	 7 611,51 	 56,75 	 4 236,20 	 854,16 	 178,08 		 369,37 		 84,17 	 3 293,45 	 1 416,68 				 4 342,02 	 104,74 	 319,36 	 1 791,23 		 179,87 	 15,91 
10.08.2007	 1 841,59 	 1 511,69 	 429,14 	 397,33 	 2 146,00 	 2 956,54 	 783,14 	 34,04 	 17,18 	 2 040,70 	 188,99 	 7 619,93 	 56,77 	 4 246,98 	 856,43 	 179,06 		 372,05 		 84,67 	 3 292,22 	 1 417,58 				 4 366,36 	 105,07 	 319,35 	 1 799,51 		 180,43 	 15,91 
11.08.2007	 1 811,33 	 1 502,01 	 429,08 	 394,62 	 2 146,00 	 2 937,34 	 777,35 	 33,25 	 17,17 	 2 029,70 	 187,76 	 7 616,68 	 56,77 	 4 210,32 	 850,44 	 179,36 		 367,87 		 84,13 	 3 290,63 	 1 409,94 				 4 338,03 	 104,53 	 316,37 	 1 796,34 		 181,93 	 15,91 
12.08.2007	 1 811,33 	 1 502,01 	 429,08 	 394,62 	 2 146,00 	 2 937,34 	 777,35 	 33,25 	 17,17 	 2 029,70 	 187,76 	 7 616,68 	 56,77 	 4 210,32 	 850,44 	 179,36 		 367,87 		 84,13 	 3 290,63 	 1 409,94 				 4 338,03 	 104,53 	 316,37 	 1 796,34 		 181,93 	 15,91 
13.08.2007	 1 811,33 	 1 502,01 	 429,08 	 394,62 	 2 146,00 	 2 937,34 	 777,35 	 33,25 	 17,17 	 2 029,70 	 187,76 	 7 616,68 	 56,77 	 4 210,32 	 850,44 	 179,36 		 367,87 		 84,13 	 3 290,63 	 1 409,94 				 4 338,03 	 104,53 	 316,37 	 1 796,34 		 181,93 	 15,91 
14.08.2007	 1 808,97 	 1 498,71 	 429,06 	 393,86 	 2 146,00 	 2 931,33 	 776,54 	 32,67 	 17,12 	 2 035,09 	 187,35 	 7 611,55 	 56,77 	 4 182,83 	 848,98 	 180,11 		 367,37 		 84,27 	 3 284,39 	 1 413,75 				 4 327,19 	 104,47 	 315,44 	 1 789,15 		 181,42 	 15,91 
15.08.2007	 1 795,45 	 1 489,45 	 429,01 	 391,42 	 2 146,00 	 2 913,30 	 770,07 	 32,70 	 17,12 	 2 028,74 	 186,19 	 7 605,07 	 56,77 	 4 164,16 	 843,75 	 180,41 		 364,76 		 84,05 	 3 282,24 	 1 409,71 				 4 308,52 	 104,01 	 311,88 	 1 776,86 		 181,81 	 15,91 
16.08.2007	 1 774,42 	 1 480,77 	 429,25 	 389,13 	 2 146,00 	 2 895,92 	 759,63 	 32,37 	 17,15 	 2 001,12 	 185,10 	 7 605,34 	 56,77 	 4 144,46 	 838,69 	 181,10 		 361,73 		 83,71 	 3 272,20 	 1 402,71 				 4 271,72 	 103,74 	 309,66 	 1 768,00 		 183,62 	 15,91 
17.08.2007	 1 715,13 	 1 474,23 	 429,59 	 387,38 	 2 147,00 	 2 883,31 	 752,69 	 31,94 	 17,15 	 1 982,09 	 184,26 	 7 608,89 	 56,80 	 4 138,00 	 834,60 	 180,84 		 360,88 		 83,42 	 3 267,54 	 1 397,06 				 4 261,47 	 104,10 	 306,54 	 1 763,81 		 185,28 	 15,92 
18.08.2007	 1 666,18 	 1 472,62 	 429,48 	 386,99 	 2 147,00 	 2 879,66 	 750,63 	 31,06 	 17,18 	 1 994,61 	 184,03 	 7 607,14 	 56,80 	 4 128,85 	 833,56 	 180,84 		 357,96 		 83,28 	 3 265,78 	 1 397,47 				 4 233,45 	 104,56 	 306,73 	 1 775,85 		 190,46 	 15,92 
19.08.2007	 1 666,18 	 1 472,62 	 429,48 	 386,99 	 2 147,00 	 2 879,66 	 750,63 	 31,06 	 17,18 	 1 994,61 	 184,03 	 7 607,14 	 56,80 	 4 128,85 	 833,56 	 180,84 		 357,96 		 83,28 	 3 265,78 	 1 397,47 				 4 233,45 	 104,56 	 306,73 	 1 775,85 		 190,46 	 15,92 
20.08.2007	 1 666,18 	 1 472,62 	 429,48 	 386,99 	 2 147,00 	 2 879,66 	 750,63 	 31,06 	 17,18 	 1 994,61 	 184,03 	 7 607,14 	 56,80 	 4 128,85 	 833,56 	 180,84 		 357,96 		 83,28 	 3 265,78 	 1 397,47 				 4 233,45 	 104,56 	 306,73 	 1 775,85 		 190,46 	 15,92 
21.08.2007	 1 725,44 	 1 481,25 	 429,40 	 389,41 	 2 147,00 	 2 897,70 	 756,91 	 31,46 	 17,17 	 2 028,34 	 185,20 	 7 614,83 	 56,80 	 4 154,41 	 839,15 	 180,08 		 363,21 		 83,41 	 3 272,56 	 1 408,56 				 4 264,59 	 104,56 	 310,83 	 1 778,20 		 186,12 	 15,92 
22.08.2007	 1 719,53 	 1 479,36 	 428,63 	 388,79 	 2 147,00 	 2 893,30 	 752,01 	 31,71 	 17,16 	 2 023,18 	 184,91 	 7 616,99 	 56,80 	 4 150,00 	 837,94 	 179,55 		 361,90 		 83,08 	 3 272,72 	 1 404,65 				 4 249,13 	 104,90 	 308,53 	 1 783,74 		 187,84 	 15,92 
23.08.2007	 1 724,15 	 1 480,69 	 427,82 	 389,13 	 2 147,00 	 2 895,98 	 754,78 	 32,17 	 17,15 	 2 023,28 	 185,09 	 7 615,37 	 56,80 	 4 156,42 	 838,74 	 178,84 		 361,67 		 83,09 	 3 275,66 	 1 406,30 				 4 262,12 	 104,36 	 309,37 	 1 778,94 		 186,69 	 15,92 
24.08.2007	 1 750,99 	 1 487,20 	 427,56 	 390,86 	 2 147,00 	 2 908,86 	 759,60 	 32,91 	 17,09 	 2 028,05 	 185,91 	 7 617,26 	 56,80 	 4 168,53 	 842,51 	 177,33 		 364,90 		 83,51 	 3 273,34 	 1 409,76 				 4 285,30 	 104,84 	 310,80 	 1 778,35 		 185,15 	 15,92 
25.08.2007	 1 761,72 	 1 490,14 	 428,03 	 391,62 	 2 147,00 	 2 914,55 	 759,02 	 32,83 	 17,04 	 2 037,87 	 186,27 	 7 620,50 	 56,80 	 4 176,64 	 844,10 	 177,36 		 366,35 		 83,34 	 3 279,44 	 1 408,38 				 4 297,11 	 105,31 	 310,35 	 1 781,74 		 184,95 	 15,92 
26.08.2007	 1 761,72 	 1 490,14 	 428,03 	 391,62 	 2 147,00 	 2 914,55 	 759,02 	 32,83 	 17,04 	 2 037,87 	 186,27 	 7 620,50 	 56,80 	 4 176,64 	 844,10 	 177,36 		 366,35 		 83,34 	 3 279,44 	 1 408,38 				 4 297,11 	 105,31 	 310,35 	 1 781,74 		 184,95 	 15,92 
27.08.2007	 1 761,72 	 1 490,14 	 428,03 	 391,62 	 2 147,00 	 2 914,55 	 759,02 	 32,83 	 17,04 	 2 037,87 	 186,27 	 7 620,50 	 56,80 	 4 176,64 	 844,10 	 177,36 		 366,35 		 83,34 	 3 279,44 	 1 408,38 				 4 297,11 	 105,31 	 310,35 	 1 781,74 		 184,95 	 15,92 
28.08.2007	 1 785,98 	 1 500,14 	 428,14 	 394,20 	 2 147,00 	 2 933,77 	 765,60 	 33,30 	 17,00 	 2 045,25 	 187,52 	 7 619,96 	 56,79 	 4 201,98 	 849,71 	 177,58 		 369,07 		 83,69 	 3 283,64 	 1 412,64 				 4 329,43 	 105,79 	 314,28 	 1 785,74 		 184,81 	 15,92 
29.08.2007	 1 769,13 	 1 498,10 	 428,82 	 393,52 	 2 147,00 	 2 930,01 	 764,30 	 33,49 	 17,01 	 2 032,95 	 187,25 	 7 624,02 	 56,79 	 4 178,67 	 848,57 	 178,29 		 368,43 		 83,62 	 3 288,65 	 1 411,29 				 4 306,56 	 105,66 	 312,52 	 1 788,20 		 185,85 	 15,92 
30.08.2007	 1 747,12 	 1 493,46 	 427,90 	 392,29 	 2 147,00 	 2 921,10 	 759,21 	 33,20 	 17,00 	 2 017,57 	 186,69 	 7 624,02 	 56,79 	 4 165,29 	 846,06 	 178,69 		 366,41 		 83,34 	 3 291,93 	 1 406,95 				 4 307,74 	 105,77 	 311,18 	 1 787,45 		 187,33 	 15,92 
31.08.2007	 1 752,92 	 1 496,48 	 427,43 	 393,02 	 2 147,00 	 2 926,79 	 765,01 	 33,63 	 16,99 	 2 018,43 	 187,04 	 7 619,42 	 56,79 	 4 192,95 	 847,63 	 178,92 		 367,18 		 83,71 	 3 290,51 	 1 408,01 				 4 314,40 	 105,78 	 311,78 	 1 782,63 		 186,01 	 15,92 
01.09.2007	 1 767,52 	 1 499,09 	 427,11 	 393,66 	 2 147,00 	 2 932,37 	 767,39 	 33,90 	 16,99 	 2 035,94 	 187,39 	 7 624,02 	 56,79 	 4 204,45 	 849,24 	 178,92 		 368,87 		 83,78 	 3 286,39 	 1 410,46 				 4 324,06 	 105,81 	 313,15 	 1 780,71 		 184,84 	 15,92 
02.09.2007	 1 767,52 	 1 499,09 	 427,11 	 393,66 	 2 147,00 	 2 932,37 	 767,39 	 33,90 	 16,99 	 2 035,94 	 187,39 	 7 624,02 	 56,79 	 4 204,45 	 849,24 	 178,92 		 368,87 		 83,78 	 3 286,39 	 1 410,46 				 4 324,06 	 105,81 	 313,15 	 1 780,71 		 184,84 	 15,92 
03.09.2007	 1 767,52 	 1 499,09 	 427,11 	 393,66 	 2 147,00 	 2 932,37 	 767,39 	 33,90 	 16,99 	 2 035,94 	 187,39 	 7 624,02 	 56,79 	 4 204,45 	 849,24 	 178,92 		 368,87 		 83,78 	 3 286,39 	 1 410,46 				 4 324,06 	 105,81 	 313,15 	 1 780,71 		 184,84 	 15,92 
04.09.2007	 1 766,34 	 1 498,46 	 426,92 	 393,38 	 2 147,00 	 2 930,66 	 766,39 	 33,76 	 17,16 	 2 038,07 	 187,30 	 7 623,75 	 56,79 	 4 199,10 	 848,72 	 178,99 		 369,28 		 83,90 	 3 290,56 	 1 410,32 				 4 336,62 	 105,87 	 312,20 	 1 777,91 		 185,11 	 15,92 
05.09.2007	 1 767,95 	 1 492,27 	 427,05 	 391,86 	 2 147,00 	 2 918,85 	 762,55 	 33,41 	 17,24 	 2 033,34 	 186,56 	 7 624,29 	 56,79 	 4 186,41 	 845,39 	 180,04 		 367,61 		 83,87 	 3 290,56 	 1 407,45 				 4 326,74 	 105,51 	 310,43 	 1 775,41 		 185,92 	 15,92 
06.09.2007	 1 761,61 	 1 490,71 	 428,80 	 391,45 	 2 147,00 	 2 915,84 	 762,79 	 33,20 	 17,42 	 2 039,71 	 186,35 	 7 622,67 	 56,79 	 4 176,64 	 844,46 	 180,76 		 368,62 		 83,54 	 3 285,00 	 1 405,61 				 4 307,20 	 105,46 	 310,30 	 1 769,85 		 185,32 	 15,92 
07.09.2007	 1 771,78 	 1 499,37 	 429,58 	 393,75 	 2 148,00 	 2 932,66 	 767,62 	 33,28 	 17,47 	 2 039,50 	 187,41 	 7 638,69 	 56,81 	 4 197,77 	 849,33 	 181,50 		 371,53 		 83,70 	 3 286,10 	 1 407,92 				 4 345,94 	 106,14 	 312,89 	 1 782,57 		 186,18 	 15,93 
08.09.2007	 1 776,72 	 1 501,94 	 428,96 	 394,43 	 2 148,00 	 2 937,60 	 770,33 	 33,48 	 17,55 	 2 042,50 	 187,74 	 7 641,14 	 56,81 	 4 204,76 	 850,71 	 181,96 		 371,28 		 83,70 	 3 296,15 	 1 408,62 				 4 335,42 	 106,42 	 315,27 	 1 787,39 		 186,58 	 15,93 
09.09.2007	 1 776,72 	 1 501,94 	 428,96 	 394,43 	 2 148,00 	 2 937,60 	 770,33 	 33,48 	 17,55 	 2 042,50 	 187,74 	 7 641,14 	 56,81 	 4 204,76 	 850,71 	 181,96 		 371,28 		 83,70 	 3 296,15 	 1 408,62 				 4 335,42 	 106,42 	 315,27 	 1 787,39 		 186,58 	 15,93 
10.09.2007	 1 776,72 	 1 501,94 	 428,96 	 394,43 	 2 148,00 	 2 937,60 	 770,33 	 33,48 	 17,55 	 2 042,50 	 187,74 	 7 641,14 	 56,81 	 4 204,76 	 850,71 	 181,96 		 371,28 		 83,70 	 3 296,15 	 1 408,62 				 4 335,42 	 106,42 	 315,27 	 1 787,39 		 186,58 	 15,93 
11.09.2007	 1 765,01 	 1 513,48 	 429,34 	 397,53 	 2 148,00 	 2 960,37 	 776,95 	 33,12 	 17,56 	 2 030,05 	 189,18 	 7 644,67 	 56,77 	 4 237,94 	 857,23 	 181,96 		 375,22 		 84,00 	 3 297,91 	 1 409,96 				 4 357,86 	 107,35 	 315,44 	 1 809,60 		 189,34 	 15,93 
12.09.2007	 1 774,14 	 1 514,54 	 429,34 	 397,80 	 2 148,00 	 2 962,20 	 780,38 	 32,63 	 17,57 	 2 050,11 	 189,33 	 7 643,58 	 56,77 	 4 227,93 	 858,00 	 182,42 		 377,31 		 84,18 	 3 313,40 	 1 410,37 				 4 352,60 	 107,30 	 316,36 	 1 807,09 		 189,11 	 15,93 
13.09.2007	 1 794,74 	 1 521,36 	 429,33 	 399,51 	 2 149,00 	 2 975,61 	 788,83 	 33,24 	 17,59 	 2 063,17 	 190,16 	 7 650,68 	 56,79 	 4 247,88 	 861,75 	 183,36 		 379,84 		 84,59 	 3 318,57 	 1 416,75 				 4 369,88 	 107,98 	 319,30 	 1 811,51 		 188,40 	 15,94 
14.09.2007	 1 808,81 	 1 528,29 	 429,13 	 401,42 	 2 149,00 	 2 989,04 	 791,69 	 33,60 	 17,64 	 2 076,83 	 191,03 	 7 649,05 	 56,79 	 4 266,85 	 865,71 	 184,15 		 381,73 		 84,71 	 3 322,72 	 1 420,59 				 4 358,49 	 108,68 	 321,53 	 1 815,88 		 187,58 	 15,94 
15.09.2007	 1 805,27 	 1 525,03 	 429,07 	 400,59 	 2 149,00 	 2 982,92 	 788,75 	 33,58 	 17,65 	 2 080,45 	 190,66 	 7 653,13 	 56,79 	 4 248,29 	 863,85 	 184,07 		 380,93 		 84,80 	 3 319,02 	 1 421,77 				 4 333,57 	 108,55 	 321,74 	 1 811,82 		 186,92 	 15,94 
16.09.2007	 1 805,27 	 1 525,03 	 429,07 	 400,59 	 2 149,00 	 2 982,92 	 788,75 	 33,58 	 17,65 	 2 080,45 	 190,66 	 7 653,13 	 56,79 	 4 248,29 	 863,85 	 184,07 		 380,93 		 84,80 	 3 319,02 	 1 421,77 				 4 333,57 	 108,55 	 321,74 	 1 811,82 		 186,92 	 15,94 
17.09.2007	 1 805,27 	 1 525,03 	 429,07 	 400,59 	 2 149,00 	 2 982,92 	 788,75 	 33,58 	 17,65 	 2 080,45 	 190,66 	 7 653,13 	 56,79 	 4 248,29 	 863,85 	 184,07 		 380,93 		 84,80 	 3 319,02 	 1 421,77 				 4 333,57 	 108,55 	 321,74 	 1 811,82 		 186,92 	 15,94 
18.09.2007	 1 808,92 	 1 523,74 	 428,94 	 400,05 	 2 149,00 	 2 980,13 	 787,84 	 33,22 	 17,66 	 2 092,71 	 190,45 	 7 644,69 	 57,01 	 4 248,29 	 863,07 	 183,36 		 381,14 		 84,84 	 3 315,65 	 1 417,83 				 4 296,60 	 108,61 	 321,48 	 1 809,00 		 186,98 	 15,94 
19.09.2007	 1 788,94 	 1 523,25 	 428,26 	 399,93 	 2 149,00 	 2 979,05 	 786,63 	 32,95 	 17,68 	 2 094,34 	 190,42 	 7 641,70 	 57,01 	 4 244,94 	 862,95 	 183,91 		 382,16 		 84,76 	 3 312,64 	 1 417,08 				 4 291,12 	 108,34 	 320,44 	 1 810,98 		 186,92 	 15,94 
20.09.2007	 1 832,56 	 1 534,78 	 428,86 	 402,86 	 2 149,00 	 3 001,83 	 795,62 	 33,39 	 17,71 	 2 122,36 	 191,83 	 7 637,09 	 57,01 	 4 264,74 	 869,35 	 184,31 		 385,95 		 85,32 	 3 309,61 	 1 425,87 				 4 315,94 	 108,90 	 324,23 	 1 818,49 		 185,46 	 15,94 
21.09.2007	 1 852,44 	 1 543,27 	 428,24 	 404,99 	 2 149,00 	 3 018,27 	 800,43 	 34,21 	 17,71 	 2 125,83 	 192,91 	 7 644,97 	 57,01 	 4 266,85 	 874,38 	 184,38 		 387,91 		 85,53 	 3 317,11 	 1 429,43 				 4 311,11 	 109,50 	 327,57 	 1 829,95 		 186,02 	 15,94 
22.09.2007	 1 863,08 	 1 547,43 	 428,13 	 405,95 	 2 149,00 	 3 026,54 	 803,50 	 34,17 	 17,68 	 2 152,12 	 193,38 	 7 647,69 	 57,01 	 4 277,47 	 876,30 	 186,38 		 389,11 		 85,77 	 3 326,35 	 1 426,96 				 4 328,95 	 109,86 	 329,15 	 1 833,70 		 186,93 	 15,94 
23.09.2007	 1 863,08 	 1 547,43 	 428,13 	 405,95 	 2 149,00 	 3 026,54 	 803,50 	 34,17 	 17,68 	 2 152,12 	 193,38 	 7 647,69 	 57,01 	 4 277,47 	 876,30 	 186,38 		 389,11 		 85,77 	 3 326,35 	 1 426,96 				 4 328,95 	 109,86 	 329,15 	 1 833,70 		 186,93 	 15,94 
24.09.2007	 1 863,08 	 1 547,43 	 428,13 	 405,95 	 2 149,00 	 3 026,54 	 803,50 	 34,17 	 17,68 	 2 152,12 	 193,38 	 7 647,69 	 57,01 	 4 277,47 	 876,30 	 186,38 		 389,11 		 85,77 	 3 326,35 	 1 426,96 				 4 328,95 	 109,86 	 329,15 	 1 833,70 		 186,93 	 15,94 
25.09.2007	 1 862,22 	 1 551,01 	 428,60 	 406,97 	 2 149,00 	 3 033,42 	 806,83 	 34,50 	 17,72 	 2 148,25 	 193,86 	 7 674,18 	 57,54 	 4 308,77 	 878,54 	 186,06 		 389,95 		 85,94 	 3 329,66 	 1 432,43 				 4 351,83 	 110,17 	 330,08 	 1 835,26 		 186,97 	 15,94 
26.09.2007	 1 856,52 	 1 547,77 	 427,30 	 406,06 	 2 149,00 	 3 027,62 	 803,50 	 34,45 	 17,70 	 2 140,44 	 193,49 	 7 674,18 	 57,54 	 4 295,85 	 876,77 	 186,95 		 388,19 		 85,85 	 3 339,37 	 1 432,05 				 4 326,90 	 109,93 	 329,04 	 1 834,56 		 187,46 	 15,94 
27.09.2007	 1 872,96 	 1 551,12 	 424,93 	 406,88 	 2 149,00 	 3 033,64 	 803,73 	 34,49 	 17,71 	 2 135,44 	 193,89 	 7 682,13 	 57,54 	 4 298,43 	 878,63 	 187,85 		 389,04 		 86,04 	 3 335,74 	 1 435,83 				 4 329,48 	 110,31 	 329,09 	 1 836,44 		 186,53 	 15,94 
28.09.2007	 1 889,08 	 1 553,59 	 426,28 	 407,55 	 2 149,00 	 3 038,58 	 803,73 	 34,64 	 17,72 	 2 144,71 	 194,19 	 7 679,39 	 57,54 	 4 304,89 	 880,09 	 190,96 		 391,44 		 86,09 	 3 336,99 	 1 439,87 				 4 346,25 	 110,04 	 328,87 	 1 834,87 		 185,84 	 15,94 
29.09.2007	 1 895,74 	 1 556,51 	 426,88 	 408,37 	 2 149,00 	 3 044,27 	 805,96 	 34,84 	 17,76 	 2 149,86 	 194,57 	 7 679,39 	 57,54 	 4 320,03 	 881,73 	 192,74 		 395,39 		 86,13 	 3 340,23 	 1 442,67 				 4 353,12 	 110,43 	 330,76 	 1 834,71 		 186,28 	 15,94 
30.09.2007	 1 895,74 	 1 556,51 	 426,88 	 408,37 	 2 149,00 	 3 044,27 	 805,96 	 34,84 	 17,76 	 2 149,86 	 194,57 	 7 679,39 	 57,54 	 4 320,03 	 881,73 	 192,74 		 395,39 		 86,13 	 3 340,23 	 1 442,67 				 4 353,12 	 110,43 	 330,76 	 1 834,71 		 186,28 	 15,94 
01.10.2007	 1 895,74 	 1 556,51 	 426,88 	 408,37 	 2 149,00 	 3 044,27 	 805,96 	 34,84 	 17,76 	 2 149,86 	 194,57 	 7 679,39 	 57,54 	 4 320,03 	 881,73 	 192,74 		 395,39 		 86,13 	 3 340,23 	 1 442,67 				 4 353,12 	 110,43 	 330,76 	 1 834,71 		 186,28 	 15,94 
02.10.2007	 1 911,97 	 1 562,40 	 426,77 	 409,93 	 2 149,00 	 3 056,09 	 811,07 	 34,79 	 17,76 	 2 162,95 	 195,29 	 7 685,71 	 58,24 	 4 340,98 	 885,00 	 192,56 		 396,42 		 86,38 	 3 345,24 	 1 453,99 				 4 393,20 	 110,98 	 332,28 	 1 835,42 		 186,08 	 15,94 
03.10.2007	 1 905,30 	 1 559,96 	 426,39 	 409,31 	 2 149,00 	 3 051,15 	 809,83 	 34,83 	 17,76 	 2 160,67 	 195,01 	 7 686,25 	 58,24 	 4 337,03 	 883,67 	 188,67 		 395,91 		 86,27 	 3 349,71 	 1 451,73 				 4 381,49 	 111,08 	 331,74 	 1 834,24 		 185,91 	 15,94 
04.10.2007	 1 909,28 	 1 558,15 	 425,63 	 408,85 	 2 149,00 	 3 047,50 	 808,67 	 34,82 	 17,76 	 2 156,76 	 194,78 	 7 676,10 	 58,24 	 4 334,85 	 882,67 	 187,83 		 396,94 		 86,20 	 3 342,02 	 1 452,22 				 4 385,36 	 110,61 	 330,49 	 1 831,12 		 185,15 	 15,94 
05.10.2007	 1 895,10 	 1 548,83 	 425,42 	 406,47 	 2 149,00 	 3 029,34 	 802,63 	 34,93 	 17,76 	 2 150,08 	 193,61 	 7 671,16 	 58,24 	 4 309,64 	 877,38 	 187,77 		 393,54 		 85,92 	 3 343,97 	 1 448,80 				 4 361,07 	 109,83 	 329,30 	 1 822,11 		 184,31 	 15,94 
06.10.2007	 1 914,65 	 1 551,29 	 425,21 	 407,14 	 2 149,00 	 3 033,85 	 805,80 	 34,99 	 17,76 	 2 155,36 	 193,90 	 7 677,19 	 58,24 	 4 311,37 	 878,67 	 187,85 		 395,61 		 86,02 	 3 334,24 	 1 456,01 				 4 374,40 	 110,33 	 329,99 	 1 826,76 		 184,46 	 15,94 
07.10.2007	 1 914,65 	 1 551,29 	 425,21 	 407,14 	 2 149,00 	 3 033,85 	 805,80 	 34,99 	 17,76 	 2 155,36 	 193,90 	 7 677,19 	 58,24 	 4 311,37 	 878,67 	 187,85 		 395,61 		 86,02 	 3 334,24 	 1 456,01 				 4 374,40 	 110,33 	 329,99 	 1 826,76 		 184,46 	 15,94 
08.10.2007	 1 914,65 	 1 551,29 	 425,21 	 407,14 	 2 149,00 	 3 033,85 	 805,80 	 34,99 	 17,76 	 2 155,36 	 193,90 	 7 677,19 	 58,24 	 4 311,37 	 878,67 	 187,85 		 395,61 		 86,02 	 3 334,24 	 1 456,01 				 4 374,40 	 110,33 	 329,99 	 1 826,76 		 184,46 	 15,94 
09.10.2007	 1 937,22 	 1 550,73 	 425,33 	 407,04 	 2 149,00 	 3 033,10 	 807,14 	 35,30 	 17,77 	 2 190,06 	 193,81 	 7 671,44 	 60,45 	 4 307,04 	 878,25 	 187,56 		 397,04 		 86,03 	 3 338,13 	 1 460,02 				 4 379,45 	 110,14 	 331,06 	 1 819,88 		 183,36 	 15,94 
10.10.2007	 1 921,88 	 1 543,93 	 426,84 	 405,25 	 2 150,00 	 3 019,78 	 803,83 	 35,38 	 17,77 	 2 176,99 	 192,98 	 7 672,54 	 60,48 	 4 281,59 	 874,02 	 187,38 		 392,26 		 85,80 	 3 339,68 	 1 459,56 				 4 373,32 	 109,95 	 329,30 	 1 812,05 		 183,35 	 15,94 
11.10.2007	 1 932,31 	 1 553,86 	 425,53 	 407,80 	 2 150,00 	 3 039,03 	 811,17 	 35,54 	 17,76 	 2 192,09 	 194,23 	 7 673,64 	 60,48 	 4 312,07 	 880,26 	 187,69 		 395,53 		 86,05 	 3 327,00 	 1 466,93 				 4 395,68 	 110,53 	 332,10 	 1 819,72 		 183,35 	 15,94 
12.10.2007	 1 940,80 	 1 560,12 	 426,59 	 409,52 	 2 150,00 	 3 051,39 	 813,24 	 35,68 	 17,77 	 2 197,47 	 195,03 	 7 672,82 	 60,48 	 4 333,37 	 883,76 	 188,35 		 397,54 		 86,28 	 3 339,68 	 1 468,88 				 4 381,91 	 110,92 	 334,69 	 1 823,42 		 183,30 	 15,94 
13.10.2007	 1 936,61 	 1 558,59 	 427,44 	 409,16 	 2 150,00 	 3 048,70 	 816,76 	 35,87 	 17,81 	 2 196,90 	 194,83 	 7 671,17 	 60,48 	 4 331,62 	 882,94 	 188,43 		 398,16 		 86,27 	 3 343,49 	 1 468,13 				 4 357,08 	 110,89 	 334,54 	 1 816,11 		 183,24 	 15,94 
14.10.2007	 1 936,61 	 1 558,59 	 427,44 	 409,16 	 2 150,00 	 3 048,70 	 816,76 	 35,87 	 17,81 	 2 196,90 	 194,83 	 7 671,17 	 60,48 	 4 331,62 	 882,94 	 188,43 		 398,16 		 86,27 	 3 343,49 	 1 468,13 				 4 357,08 	 110,89 	 334,54 	 1 816,11 		 183,24 	 15,94 
15.10.2007	 1 936,61 	 1 558,59 	 427,44 	 409,16 	 2 150,00 	 3 048,70 	 816,76 	 35,87 	 17,81 	 2 196,90 	 194,83 	 7 671,17 	 60,48 	 4 331,62 	 882,94 	 188,43 		 398,16 		 86,27 	 3 343,49 	 1 468,13 				 4 357,08 	 110,89 	 334,54 	 1 816,11 		 183,24 	 15,94 
16.10.2007	 1 947,58 	 1 563,12 	 427,16 	 410,33 	 2 150,00 	 3 057,19 	 821,60 	 36,00 	 17,82 	 2 212,39 	 195,40 	 7 669,26 	 60,71 	 4 346,51 	 885,47 	 189,14 		 398,11 		 86,27 	 3 339,57 	 1 470,29 				 4 381,70 	 111,05 	 335,88 	 1 822,19 		 182,64 	 15,94 
17.10.2007	 1 917,05 	 1 557,97 	 426,04 	 408,94 	 2 150,00 	 3 047,30 	 819,25 	 35,59 	 17,79 	 2 196,23 	 194,75 	 7 709,69 	 60,71 	 4 335,99 	 882,52 	 187,77 		 397,38 		 86,34 	 3 346,58 	 1 465,73 				 4 380,84 	 110,45 	 332,94 	 1 817,80 		 183,82 	 15,94 
18.10.2007	 1 908,23 	 1 559,38 	 425,53 	 409,23 	 2 150,00 	 3 050,20 	 822,54 	 35,43 	 17,80 	 2 192,54 	 194,95 	 7 713,56 	 60,71 	 4 341,24 	 882,92 	 188,02 		 397,63 		 86,25 	 3 339,47 	 1 466,38 				 4 374,50 	 110,66 	 333,49 	 1 820,95 		 184,36 	 15,94 
19.10.2007	 1 916,40 	 1 566,94 	 425,74 	 411,08 	 2 150,00 	 3 064,39 	 827,40 	 35,81 	 17,81 	 2 207,96 	 195,85 	 7 714,39 	 60,71 	 4 358,84 	 887,49 	 187,45 		 399,93 		 86,43 	 3 341,27 	 1 470,54 				 4 396,00 	 111,49 	 334,79 	 1 832,52 		 185,28 	 15,94 
20.10.2007	 1 921,78 	 1 569,97 	 427,35 	 411,96 	 2 150,00 	 3 070,74 	 833,11 	 35,84 	 17,83 	 2 208,30 	 196,23 	 7 722,15 	 60,71 	 4 377,93 	 889,16 	 186,71 		 400,06 		 86,52 	 3 354,04 	 1 467,88 				 4 392,77 	 112,45 	 334,62 	 1 835,41 		 186,55 	 15,94 
21.10.2007	 1 921,78 	 1 569,97 	 427,35 	 411,96 	 2 150,00 	 3 070,74 	 833,11 	 35,84 	 17,83 	 2 208,30 	 196,23 	 7 722,15 	 60,71 	 4 377,93 	 889,16 	 186,71 		 400,06 		 86,52 	 3 354,04 	 1 467,88 				 4 392,77 	 112,45 	 334,62 	 1 835,41 		 186,55 	 15,94 
22.10.2007	 1 921,78 	 1 569,97 	 427,35 	 411,96 	 2 150,00 	 3 070,74 	 833,11 	 35,84 	 17,83 	 2 208,30 	 196,23 	 7 722,15 	 60,71 	 4 377,93 	 889,16 	 186,71 		 400,06 		 86,52 	 3 354,04 	 1 467,88 				 4 392,77 	 112,45 	 334,62 	 1 835,41 		 186,55 	 15,94 
23.10.2007	 1 911,13 	 1 572,56 	 427,10 	 412,55 	 2 150,00 	 3 075,58 	 834,79 	 35,81 	 17,80 	 2 218,67 	 196,56 	 7 736,87 	 61,46 	 4 383,73 	 890,90 	 186,79 		 401,00 		 86,67 	 3 358,15 	 1 470,99 				 4 408,47 	 113,29 	 334,72 	 1 845,10 		 188,60 	 15,94 
24.10.2007	 1 918,12 	 1 561,88 	 425,45 	 409,80 	 2 150,00 	 3 054,83 	 835,24 	 35,21 	 17,80 	 2 209,55 	 195,24 	 7 731,03 	 61,46 	 4 353,11 	 884,76 	 187,57 		 396,61 		 86,27 	 3 358,15 	 1 467,38 				 4 385,89 	 112,42 	 332,46 	 1 832,36 		 187,85 	 15,94 
25.10.2007	 1 930,38 	 1 563,69 	 425,36 	 410,21 	 2 150,00 	 3 058,27 	 837,08 	 35,46 	 17,80 	 2 222,57 	 195,47 	 7 743,84 	 61,46 	 4 357,08 	 885,90 	 187,32 		 395,84 		 86,38 	 3 353,08 	 1 469,78 				 4 406,53 	 112,57 	 332,29 	 1 830,10 		 187,80 	 15,94 
26.10.2007	 1 941,49 	 1 568,53 	 426,05 	 411,49 	 2 151,00 	 3 067,54 	 842,13 	 35,11 	 17,80 	 2 221,07 	 196,05 	 7 750,23 	 61,48 	 4 364,41 	 888,37 	 187,37 		 395,71 		 86,56 	 3 357,93 	 1 476,22 				 4 405,89 	 113,00 	 333,29 	 1 837,05 		 188,31 	 15,95 
27.10.2007	 1 965,48 	 1 580,22 	 426,02 	 414,57 	 2 151,00 	 3 090,88 	 852,07 	 35,45 	 17,80 	 2 235,97 	 197,54 	 7 765,34 	 61,48 	 4 401,92 	 895,19 	 187,29 		 400,62 		 86,83 	 3 365,82 	 1 477,23 				 4 423,10 	 114,32 	 335,66 	 1 847,07 		 188,07 	 15,95 
28.10.2007	 1 965,48 	 1 580,22 	 426,02 	 414,57 	 2 151,00 	 3 090,88 	 852,07 	 35,45 	 17,80 	 2 235,97 	 197,54 	 7 765,34 	 61,48 	 4 401,92 	 895,19 	 187,29 		 400,62 		 86,83 	 3 365,82 	 1 477,23 				 4 423,10 	 114,32 	 335,66 	 1 847,07 		 188,07 	 15,95 
29.10.2007	 1 965,48 	 1 580,22 	 426,02 	 414,57 	 2 151,00 	 3 090,88 	 852,07 	 35,45 	 17,80 	 2 235,97 	 197,54 	 7 765,34 	 61,48 	 4 401,92 	 895,19 	 187,29 		 400,62 		 86,83 	 3 365,82 	 1 477,23 				 4 423,10 	 114,32 	 335,66 	 1 847,07 		 188,07 	 15,95 
30.10.2007	 1 990,86 	 1 584,94 	 425,69 	 415,83 	 2 151,00 	 3 099,91 	 857,57 	 35,72 	 17,81 	 2 240,39 	 198,13 	 7 761,70 	 61,47 	 4 411,40 	 897,33 	 187,70 		 401,76 		 87,09 	 3 371,07 	 1 481,92 				 4 424,07 	 115,18 	 337,30 	 1 850,00 		 188,20 	 15,95 
31.10.2007	 1 979,03 	 1 583,36 	 425,86 	 415,42 	 2 151,00 	 3 096,58 	 853,01 	 35,63 	 17,79 	 2 250,35 	 197,94 	 7 762,54 	 61,47 	 4 407,79 	 896,51 	 187,94 		 401,29 		 87,00 	 3 375,69 	 1 482,43 				 4 441,60 	 114,99 	 337,37 	 1 846,04 		 187,61 	 15,95 
01.11.2007	 1 983,97 	 1 587,40 	 425,35 	 416,50 	 2 151,00 	 3 104,65 	 855,15 	 35,89 	 17,78 	 2 251,65 	 198,43 	 7 763,94 	 61,47 	 4 422,74 	 898,72 	 189,18 		 401,27 		 87,18 	 3 374,60 	 1 484,83 				 4 457,84 	 115,18 	 336,77 	 1 854,55 		 186,82 	 15,95 
02.11.2007	 1 996,45 	 1 586,81 	 425,41 	 416,38 	 2 151,00 	 3 103,46 	 854,33 	 36,48 	 17,78 	 2 277,15 	 198,36 	 7 765,34 	 61,47 	 4 417,74 	 898,89 	 189,85 		 398,25 		 87,14 	 3 381,11 	 1 484,88 				 4 470,42 	 115,11 	 336,99 	 1 849,45 		 185,86 	 15,95 
03.11.2007	 1 979,03 	 1 592,80 	 425,31 	 417,95 	 2 151,00 	 3 115,19 	 854,13 	 36,41 	 17,77 	 2 274,27 	 199,10 	 7 768,15 	 61,47 	 4 436,42 	 902,25 	 190,44 		 397,27 		 87,20 	 3 377,48 	 1 484,22 				 4 483,87 	 115,56 	 337,20 	 1 866,78 		 187,47 	 15,95 
04.11.2007	 1 979,03 	 1 592,80 	 425,31 	 417,95 	 2 151,00 	 3 115,19 	 854,13 	 36,41 	 17,77 	 2 274,27 	 199,10 	 7 768,15 	 61,47 	 4 436,42 	 902,25 	 190,44 		 397,27 		 87,20 	 3 377,48 	 1 484,22 				 4 483,87 	 115,56 	 337,20 	 1 866,78 		 187,47 	 15,95 
05.11.2007	 1 979,03 	 1 592,80 	 425,31 	 417,95 	 2 151,00 	 3 115,19 	 854,13 	 36,41 	 17,77 	 2 274,27 	 199,10 	 7 768,15 	 61,47 	 4 436,42 	 902,25 	 190,44 		 397,27 		 87,20 	 3 377,48 	 1 484,22 				 4 483,87 	 115,56 	 337,20 	 1 866,78 		 187,47 	 15,95 
06.11.2007	 1 976,02 	 1 591,56 	 425,52 	 417,59 	 2 151,00 	 3 112,93 	 853,47 	 36,37 	 17,78 	 2 306,95 	 198,95 	 7 774,04 	 61,40 	 4 430,48 	 901,62 	 189,93 		 398,39 		 87,20 	 3 387,48 	 1 482,22 				 4 486,13 	 115,59 	 336,23 	 1 862,98 		 187,75 	 15,95 
07.11.2007	 1 991,25 	 1 598,04 	 426,75 	 419,26 	 2 152,00 	 3 125,56 	 860,06 	 36,52 	 17,81 	 2 321,47 	 199,74 	 7 777,10 	 61,43 	 4 448,12 	 905,23 	 189,27 		 402,60 		 87,40 	 3 388,04 	 1 486,29 				 4 489,29 	 116,17 	 337,11 	 1 875,63 		 187,67 	 15,96 
08.11.2007	 1 991,25 	 1 598,04 	 426,75 	 419,26 	 2 152,00 	 3 125,56 	 860,06 	 36,52 	 17,81 	 2 321,47 	 199,74 	 7 777,10 	 61,43 	 4 448,12 	 905,23 	 189,27 		 402,60 		 87,40 	 3 388,04 	 1 486,29 				 4 489,29 	 116,17 	 337,11 	 1 875,63 		 187,67 	 15,96 
09.11.2007	 1 995,01 	 1 612,89 	 427,39 	 423,18 	 2 152,00 	 3 154,72 	 865,70 	 36,06 	 17,83 	 2 319,72 	 201,56 	 7 790,05 	 61,43 	 4 495,51 	 913,53 	 190,80 		 406,36 		 87,90 	 3 413,42 	 1 493,36 				 4 523,50 	 117,29 	 340,22 	 1 901,40 		 190,36 	 15,96 
10.11.2007	 1 993,07 	 1 619,45 	 427,66 	 424,87 	 2 152,00 	 3 167,42 	 874,49 	 36,31 	 17,82 	 2 322,22 	 202,41 	 7 793,85 	 61,43 	 4 513,42 	 917,50 	 190,66 		 407,85 		 88,03 	 3 412,79 	 1 493,30 				 4 540,29 	 118,01 	 342,13 	 1 917,15 		 192,12 	 15,96 
11.11.2007	 1 993,07 	 1 619,45 	 427,66 	 424,87 	 2 152,00 	 3 167,42 	 874,49 	 36,31 	 17,82 	 2 322,22 	 202,41 	 7 793,85 	 61,43 	 4 513,42 	 917,50 	 190,66 		 407,85 		 88,03 	 3 412,79 	 1 493,30 				 4 540,29 	 118,01 	 342,13 	 1 917,15 		 192,12 	 15,96 
12.11.2007	 1 993,07 	 1 619,45 	 427,66 	 424,87 	 2 152,00 	 3 167,42 	 874,49 	 36,31 	 17,82 	 2 322,22 	 202,41 	 7 793,85 	 61,43 	 4 513,42 	 917,50 	 190,66 		 407,85 		 88,03 	 3 412,79 	 1 493,30 				 4 540,29 	 118,01 	 342,13 	 1 917,15 		 192,12 	 15,96 
13.11.2007	 1 923,13 	 1 605,49 	 427,62 	 421,24 	 2 152,00 	 3 139,45 	 862,89 	 35,68 	 17,83 	 2 271,48 	 200,81 	 7 789,90 	 61,61 	 4 476,80 	 909,73 	 191,51 		 401,03 		 87,86 	 3 419,83 	 1 487,32 				 4 468,84 	 117,97 	 338,14 	 1 908,22 		 194,82 	 15,96 
14.11.2007	 1 918,40 	 1 606,45 	 427,79 	 421,61 	 2 152,00 	 3 142,24 	 861,83 	 35,47 	 17,84 	 2 241,08 	 200,83 	 7 789,90 	 61,61 	 4 473,55 	 910,11 	 190,48 		 397,72 		 87,73 	 3 408,90 	 1 483,52 				 4 449,58 	 117,99 	 338,62 	 1 912,80 		 195,70 	 15,96 
15.11.2007	 1 947,45 	 1 613,62 	 428,60 	 423,56 	 2 152,00 	 3 156,23 	 867,69 	 36,07 	 17,86 	 2 254,23 	 201,73 	 7 790,75 	 61,61 	 4 495,51 	 914,17 	 190,48 		 399,70 		 87,87 	 3 409,37 	 1 487,73 				 4 472,82 	 118,47 	 341,89 	 1 917,23 		 193,53 	 15,96 
16.11.2007	 1 926,15 	 1 612,23 	 428,69 	 423,06 	 2 152,00 	 3 153,22 	 863,17 	 35,69 	 17,82 	 2 231,44 	 201,53 	 7 790,61 	 61,61 	 4 496,92 	 913,24 	 190,53 		 397,41 		 87,97 	 3 414,10 	 1 485,88 				 4 420,53 	 118,60 	 341,48 	 1 917,32 		 194,22 	 15,96 
17.11.2007	 1 912,59 	 1 607,41 	 429,18 	 421,80 	 2 152,00 	 3 143,75 	 856,57 	 35,41 	 17,84 	 2 193,46 	 200,98 	 7 790,05 	 61,61 	 4 497,86 	 910,46 	 191,12 		 391,74 		 87,78 	 3 405,48 	 1 482,35 				 4 398,37 	 118,13 	 338,58 	 1 916,72 		 195,22 	 15,96 
18.11.2007	 1 912,59 	 1 607,41 	 429,18 	 421,80 	 2 152,00 	 3 143,75 	 856,57 	 35,41 	 17,84 	 2 193,46 	 200,98 	 7 790,05 	 61,61 	 4 497,86 	 910,46 	 191,12 		 391,74 		 87,78 	 3 405,48 	 1 482,35 				 4 398,37 	 118,13 	 338,58 	 1 916,72 		 195,22 	 15,96 
19.11.2007	 1 912,59 	 1 607,41 	 429,18 	 421,80 	 2 152,00 	 3 143,75 	 856,57 	 35,41 	 17,84 	 2 193,46 	 200,98 	 7 790,05 	 61,61 	 4 497,86 	 910,46 	 191,12 		 391,74 		 87,78 	 3 405,48 	 1 482,35 				 4 398,37 	 118,13 	 338,58 	 1 916,72 		 195,22 	 15,96 
20.11.2007	 1 919,37 	 1 610,00 	 427,51 	 422,48 	 2 152,00 	 3 148,81 	 858,79 	 35,30 	 17,83 	 2 211,38 	 201,24 	 7 790,05 	 61,90 	 4 503,03 	 911,98 	 191,12 		 392,13 		 87,85 	 3 402,55 	 1 487,83 				 4 405,79 	 118,13 	 339,50 	 1 923,92 		 194,71 	 15,96 
21.11.2007	 1 909,90 	 1 622,25 	 428,81 	 425,72 	 2 152,00 	 3 172,91 	 861,23 	 35,05 	 17,85 	 2 197,82 	 202,81 	 7 800,21 	 61,90 	 4 536,73 	 918,95 	 191,31 		 395,89 		 88,08 	 3 410,12 	 1 485,47 				 4 432,26 	 118,84 	 341,79 	 1 937,78 		 195,25 	 15,96 
22.11.2007	 1 893,87 	 1 628,45 	 429,11 	 427,27 	 2 152,00 	 3 185,28 	 865,40 	 34,89 	 17,88 	 2 189,55 	 203,64 	 7 837,42 	 61,90 	 4 556,43 	 922,62 	 191,03 		 397,50 		 88,42 	 3 423,40 	 1 484,19 				 4 437,96 	 119,18 	 341,70 	 1 945,66 		 197,64 	 15,96 
23.11.2007	 1 881,60 	 1 632,16 	 428,73 	 428,22 	 2 152,00 	 3 192,17 	 866,27 	 34,53 	 17,87 	 2 193,01 	 204,02 	 7 851,15 	 61,90 	 4 567,55 	 924,54 	 191,54 		 397,83 		 88,50 	 3 429,43 	 1 483,83 				 4 438,18 	 119,14 	 342,24 	 1 952,28 		 197,91 	 15,96 
24.11.2007	 1 875,58 	 1 632,22 	 426,69 	 428,17 	 2 152,00 	 3 192,49 	 865,16 	 34,39 	 17,86 	 2 184,22 	 204,00 	 7 858,60 	 61,90 	 4 565,13 	 924,46 	 191,89 		 396,67 		 88,69 	 3 429,43 	 1 491,54 				 4 441,51 	 119,24 	 342,27 	 1 955,21 		 198,88 	 15,96 
25.11.2007	 1 875,58 	 1 632,22 	 426,69 	 428,17 	 2 152,00 	 3 192,49 	 865,16 	 34,39 	 17,86 	 2 184,22 	 204,00 	 7 858,60 	 61,90 	 4 565,13 	 924,46 	 191,89 		 396,67 		 88,69 	 3 429,43 	 1 491,54 				 4 441,51 	 119,24 	 342,27 	 1 955,21 		 198,88 	 15,96 
26.11.2007	 1 875,58 	 1 632,22 	 426,69 	 428,17 	 2 152,00 	 3 192,49 	 865,16 	 34,39 	 17,86 	 2 184,22 	 204,00 	 7 858,60 	 61,90 	 4 565,13 	 924,46 	 191,89 		 396,67 		 88,69 	 3 429,43 	 1 491,54 				 4 441,51 	 119,24 	 342,27 	 1 955,21 		 198,88 	 15,96 
27.11.2007	 1 907,21 	 1 635,26 	 427,26 	 429,02 	 2 152,00 	 3 198,41 	 870,76 	 34,41 	 17,85 	 2 191,45 	 204,42 	 7 854,01 	 62,04 	 4 576,78 	 926,37 	 191,37 		 399,73 		 88,52 	 3 429,43 	 1 493,56 				 4 453,89 	 119,67 	 344,84 	 1 953,52 		 198,23 	 15,96 
28.11.2007	 1 889,80 	 1 634,22 	 426,63 	 428,69 	 2 153,00 	 3 196,24 	 866,45 	 34,05 	 17,83 	 2 173,98 	 204,33 	 7 857,66 	 62,07 	 4 573,55 	 925,82 	 191,68 		 397,05 		 88,56 	 3 438,23 	 1 492,55 				 4 453,80 	 119,42 	 343,65 	 1 956,56 		 198,86 	 15,97 
29.11.2007	 1 880,11 	 1 621,78 	 425,85 	 425,38 	 2 153,00 	 3 172,01 	 864,43 	 34,27 	 17,82 	 2 156,13 	 202,75 	 7 850,22 	 62,07 	 4 544,59 	 918,79 	 191,72 		 391,06 		 88,37 	 3 440,77 	 1 489,71 				 4 436,47 	 119,19 	 338,44 	 1 932,41 		 197,30 	 15,97 
30.11.2007	 1 903,57 	 1 623,07 	 425,91 	 425,67 	 2 153,00 	 3 174,71 	 871,04 	 34,95 	 17,81 	 2 180,25 	 202,87 	 7 850,50 	 62,07 	 4 543,63 	 919,22 	 191,72 		 392,13 		 88,42 	 3 423,42 	 1 488,21 				 4 451,22 	 119,87 	 338,83 	 1 924,99 		 195,41 	 15,97 
01.12.2007	 1 910,79 	 1 623,68 	 425,16 	 425,83 	 2 153,00 	 3 175,46 	 875,63 	 35,22 	 17,81 	 2 161,10 	 202,94 	 7 850,50 	 62,07 	 4 544,11 	 919,10 	 191,46 	 1 830,39 	 391,27 		 88,18 	 3 422,73 	 1 488,37 				 4 448,74 	 120,94 	 338,33 	 1 920,95 		 195,06 	
02.12.2007	 1 910,79 	 1 623,68 	 425,16 	 425,83 	 2 153,00 	 3 175,46 	 875,63 	 35,22 	 17,81 	 2 161,10 	 202,94 	 7 850,50 	 62,07 	 4 544,11 	 919,10 	 191,46 	 1 830,39 	 391,27 		 88,18 	 3 422,73 	 1 488,37 				 4 448,74 	 120,94 	 338,33 	 1 920,95 		 195,06 	
03.12.2007	 1 910,79 	 1 623,68 	 425,16 	 425,83 	 2 153,00 	 3 175,46 	 875,63 	 35,22 	 17,81 	 2 161,10 	 202,94 	 7 850,50 	 62,07 	 4 544,11 	 919,10 	 191,46 	 1 830,39 	 391,27 		 88,18 	 3 422,73 	 1 488,37 				 4 448,74 	 120,94 	 338,33 	 1 920,95 		 195,06 	
04.12.2007	 1 896,25 	 1 611,17 	 425,20 	 422,56 	 2 153,00 	 3 151,45 	 870,27 	 35,03 	 17,81 	 2 147,20 	 201,42 	 7 844,21 	 62,33 	 4 497,13 	 912,73 	 191,89 	 1 820,18 	 388,59 		 88,04 	 3 423,66 	 1 484,83 				 4 425,49 	 120,07 	 336,81 	 1 907,50 		 195,00 	
05.12.2007	 1 880,32 	 1 612,19 	 425,66 	 422,81 	 2 153,00 	 3 152,75 	 871,77 	 35,05 	 17,81 	 2 146,56 	 201,51 	 7 849,07 	 62,33 	 4 499,95 	 913,24 	 191,63 	 1 819,95 	 388,61 		 87,97 	 3 413,80 	 1 487,24 				 4 442,28 	 120,14 	 334,31 	 1 907,59 		 195,44 	
06.12.2007	 1 873,00 	 1 619,77 	 425,43 	 424,79 	 2 153,00 	 3 168,03 	 877,61 	 34,50 	 17,82 	 2 120,35 	 202,49 	 7 848,21 	 62,33 	 4 534,06 	 917,61 	 191,59 	 1 823,03 	 391,90 		 88,15 	 3 423,79 	 1 487,75 				 4 393,73 	 120,47 	 337,52 	 1 923,27 		 195,17 	
07.12.2007	 1 877,32 	 1 605,13 	 424,31 	 420,95 	 2 154,00 	 3 139,35 	 875,81 	 34,75 	 17,84 	 2 121,44 	 200,64 	 7 857,59 	 62,36 	 4 489,84 	 908,75 	 191,68 	 1 825,97 	 390,03 		 87,74 	 3 417,41 	 1 487,77 				 4 363,57 	 120,24 	 334,08 	 1 905,69 		 194,43 	
08.12.2007	 1 887,66 	 1 610,17 	 425,27 	 422,26 	 2 154,00 	 3 149,47 	 879,15 	 34,83 	 17,82 	 2 130,77 	 201,27 	 7 858,45 	 62,36 	 4 511,47 	 912,13 	 191,19 	 1 830,31 	 392,55 		 87,81 	 3 397,48 	 1 492,05 				 4 367,56 	 120,40 	 335,27 	 1 904,09 		 193,50 	
09.12.2007	 1 887,66 	 1 610,17 	 425,27 	 422,26 	 2 154,00 	 3 149,47 	 879,15 	 34,83 	 17,82 	 2 130,77 	 201,27 	 7 858,45 	 62,36 	 4 511,47 	 912,13 	 191,19 	 1 830,31 	 392,55 		 87,81 	 3 397,48 	 1 492,05 				 4 367,56 	 120,40 	 335,27 	 1 904,09 		 193,50 	
10.12.2007	 1 887,66 	 1 610,17 	 425,27 	 422,26 	 2 154,00 	 3 149,47 	 879,15 	 34,83 	 17,82 	 2 130,77 	 201,27 	 7 858,45 	 62,36 	 4 511,47 	 912,13 	 191,19 	 1 830,31 	 392,55 		 87,81 	 3 397,48 	 1 492,05 				 4 367,56 	 120,40 	 335,27 	 1 904,09 		 193,50 	
11.12.2007	 1 894,23 	 1 613,66 	 425,23 	 423,07 	 2 154,00 	 3 155,83 	 882,82 	 34,91 	 17,83 	 2 144,78 	 201,70 	 7 858,45 	 62,01 	 4 524,73 	 913,49 	 191,38 	 1 834,44 	 395,15 		 87,96 	 3 405,56 	 1 495,21 				 4 388,24 	 121,02 	 334,49 	 1 907,97 		 192,75 	
12.12.2007	 1 910,71 	 1 620,77 	 425,23 	 424,85 	 2 154,00 	 3 169,93 	 888,12 	 35,28 	 17,84 	 2 139,56 	 202,58 	 7 862,75 	 62,01 	 4 544,30 	 918,04 	 191,25 	 1 844,18 	 396,03 		 88,22 	 3 409,89 	 1 493,60 				 4 409,99 	 121,72 	 337,41 	 1 907,80 		 192,38 	
13.12.2007	 1 898,64 	 1 616,57 	 425,25 	 423,81 	 2 154,00 	 3 161,75 	 884,05 	 35,22 	 17,82 	 2 132,15 	 202,07 	 7 863,04 	 62,01 	 4 529,97 	 915,64 	 191,81 	 1 835,30 	 396,09 		 88,12 	 3 409,76 	 1 493,24 				 4 398,36 	 121,61 	 334,80 	 1 901,48 		 193,64 	
14.12.2007	 1 899,18 	 1 619,06 	 425,27 	 424,45 	 2 154,00 	 3 166,81 	 885,55 	 35,41 	 17,83 	 2 130,25 	 202,43 	 7 860,45 	 62,01 	 4 540,95 	 917,16 	 191,19 	 1 840,00 	 398,70 		 88,18 	 3 412,37 	 1 494,64 				 4 395,99 	 121,17 	 335,52 	 1 899,47 		 192,73 	
15.12.2007	 1 883,78 	 1 604,89 	 425,44 	 420,64 	 2 154,00 	 3 138,70 	 871,80 	 35,05 	 17,84 	 2 115,91 	 200,61 	 7 851,00 	 62,01 	 4 506,75 	 909,05 	 192,15 	 1 827,75 	 394,29 		 87,89 	 3 410,82 	 1 492,67 				 4 384,90 	 119,29 	 332,72 	 1 880,32 		 191,38 	
16.12.2007	 1 883,78 	 1 604,89 	 425,44 	 420,64 	 2 154,00 	 3 138,70 	 871,80 	 35,05 	 17,84 	 2 115,91 	 200,61 	 7 851,00 	 62,01 	 4 506,75 	 909,05 	 192,15 	 1 827,75 	 394,29 		 87,89 	 3 410,82 	 1 492,67 				 4 384,90 	 119,29 	 332,72 	 1 880,32 		 191,38 	
17.12.2007	 1 883,78 	 1 604,89 	 425,44 	 420,64 	 2 154,00 	 3 138,70 	 871,80 	 35,05 	 17,84 	 2 115,91 	 200,61 	 7 851,00 	 62,01 	 4 506,75 	 909,05 	 192,15 	 1 827,75 	 394,29 		 87,89 	 3 410,82 	 1 492,67 				 4 384,90 	 119,29 	 332,72 	 1 880,32 		 191,38 	
18.12.2007	 1 849,32 	 1 585,11 	 425,27 	 415,45 	 2 154,00 	 3 100,36 	 855,25 	 34,18 	 17,84 	 2 111,04 	 198,16 	 7 861,31 	 63,21 	 4 449,49 	 897,91 	 191,22 	 1 810,84 	 389,22 		 87,19 	 3 386,93 	 1 478,89 				 4 339,56 	 117,48 	 329,77 	 1 867,77 		 190,51 	
19.12.2007	 1 852,98 	 1 584,17 	 426,28 	 415,21 	 2 154,00 	 3 098,64 	 856,29 	 34,26 	 17,84 	 2 145,63 	 198,05 	 7 857,01 	 63,21 	 4 449,03 	 897,50 	 191,06 	 1 815,04 	 386,33 		 87,12 	 3 372,86 	 1 476,91 				 4 349,79 	 117,22 	 327,93 	 1 869,39 		 190,13 	
20.12.2007	 1 855,02 	 1 583,77 	 426,01 	 415,19 	 2 154,00 	 3 097,78 	 856,38 	 34,14 	 17,85 	 2 138,07 	 197,98 	 7 848,14 	 63,21 	 4 446,28 	 897,14 	 190,20 	 1 812,75 	 384,84 		 87,11 	 3 373,94 	 1 474,38 				 4 336,54 	 118,29 	 326,31 	 1 867,04 		 190,43 	
21.12.2007	 1 852,76 	 1 581,32 	 426,89 	 414,47 	 2 154,00 	 3 092,93 	 853,61 	 33,80 	 17,85 	 2 146,38 	 197,69 	 7 843,57 	 63,21 	 4 435,29 	 895,80 	 190,41 	 1 801,08 	 385,27 		 87,02 	 3 372,41 	 1 474,64 				 4 293,46 	 117,40 	 327,64 	 1 864,13 		 190,62 	
22.12.2007	 1 866,98 	 1 582,54 	 425,88 	 414,81 	 2 154,00 	 3 095,19 	 855,70 	 33,65 	 17,83 	 2 161,13 	 197,83 	 7 849,00 	 63,21 	 4 442,15 	 896,44 	 190,68 	 1 804,40 	 385,60 		 87,12 	 3 362,37 	 1 477,97 				 4 272,03 	 117,22 	 327,95 	 1 862,03 		 190,22 	
23.12.2007	 1 866,98 	 1 582,54 	 425,88 	 414,81 	 2 154,00 	 3 095,19 	 855,70 	 33,65 	 17,83 	 2 161,13 	 197,83 	 7 849,00 	 63,21 	 4 442,15 	 896,44 	 190,68 	 1 804,40 	 385,60 		 87,12 	 3 362,37 	 1 477,97 				 4 272,03 	 117,22 	 327,95 	 1 862,03 		 190,22 	
24.12.2007	 1 866,98 	 1 582,54 	 425,88 	 414,81 	 2 154,00 	 3 095,19 	 855,70 	 33,65 	 17,83 	 2 161,13 	 197,83 	 7 849,00 	 63,21 	 4 442,15 	 896,44 	 190,68 	 1 804,40 	 385,60 		 87,12 	 3 362,37 	 1 477,97 				 4 272,03 	 117,22 	 327,95 	 1 862,03 		 190,22 	
25.12.2007	 1 866,98 	 1 582,54 	 425,88 	 414,81 	 2 154,00 	 3 095,19 	 855,70 	 33,65 	 17,83 	 2 161,13 	 197,83 	 7 849,00 	 63,21 	 4 442,15 	 896,44 	 190,68 	 1 804,40 	 385,60 		 87,12 	 3 362,37 	 1 477,97 				 4 272,03 	 117,22 	 327,95 	 1 862,03 		 190,22 	
26.12.2007	 1 866,98 	 1 582,54 	 425,88 	 414,81 	 2 154,00 	 3 095,19 	 855,70 	 33,65 	 17,83 	 2 161,13 	 197,83 	 7 849,00 	 63,21 	 4 442,15 	 896,44 	 190,68 	 1 804,40 	 385,60 		 87,12 	 3 362,37 	 1 477,97 				 4 272,03 	 117,22 	 327,95 	 1 862,03 		 190,22 	
27.12.2007	 1 878,17 	 1 587,47 	 426,93 	 416,10 	 2 153,00 	 3 104,84 	 860,31 	 33,99 	 17,79 	 2 184,68 	 198,43 	 7 843,64 	 61,18 	 4 454,33 	 899,22 	 189,94 	 1 828,22 	 388,31 		 87,16 	 3 364,75 	 1 483,09 				 4 265,85 	 116,92 	 327,33 	 1 863,18 		 188,41 	
28.12.2007	 1 882,77 	 1 593,45 	 425,08 	 417,89 	 2 151,00 	 3 116,37 	 863,02 	 34,08 	 17,76 	 2 192,33 	 199,17 	 7 854,38 	 61,13 	 4 473,33 	 902,64 	 189,60 	 1 826,91 	 388,66 		 87,30 	 3 370,32 	 1 482,02 				 4 279,31 	 117,44 	 329,81 	 1 868,89 		 188,25 	
29.12.2007	 1 879,64 	 1 610,25 	 425,78 	 422,37 	 2 150,00 	 3 149,32 	 873,72 	 34,39 	 17,82 	 2 191,42 	 201,29 	 7 867,96 	 61,10 	 4 520,13 	 912,14 	 189,93 	 1 832,91 	 394,63 		 87,61 	 3 369,63 	 1 486,55 				 4 294,09 	 118,38 	 332,65 	 1 894,86 		 189,91 	
30.12.2007	 1 884,80 	 1 617,58 	 425,74 	 424,64 	 2 150,00 	 3 166,73 	 879,26 	 34,42 	 17,83 	 2 190,41 	 202,21 	 7 867,10 	 61,10 	 4 537,30 	 916,92 	 189,52 	 1 836,74 	 397,89 		 87,61 	 3 393,73 	 1 486,91 				 4 292,37 	 118,92 	 336,04 	 1 908,91 		 191,37 	
31.12.2007	 1 884,80 	 1 617,58 	 425,74 	 424,64 	 2 150,00 	 3 166,73 	 879,26 	 34,42 	 17,83 	 2 190,41 	 202,21 	 7 867,10 	 61,10 	 4 537,30 	 916,92 	 189,52 	 1 836,74 	 397,89 		 87,61 	 3 393,73 	 1 486,91 				 4 292,37 	 118,92 	 336,04 	 1 908,91 		 191,37 	
