Официальный курс белорусского рубля по отношению к иностранным валютам, устанавливаемый Национальным банком																													
Республики Беларусь ежедневно, за период с 01.01.2013 по 24.06.2013																													
																													
Дата	1 австралийский доллар (AUD)	1 болгарский лев (BGN)	1 гривна (UAH)	1 датская крона (DKK)	1 доллар США (USD)	1 евро (EUR)	1 злотый (PLN)	1 исландская крона (ISK)	1 канадский доллар (CAD)	1 китайский юань (CNY)	1 кувейтский динар (KWD)	1 латвийский лат (LVL)	1 литовский лит (LTL)	1 молдавский лей (MDL)	1 норвежская крона (NOK)	1 российский рубль (RUB)	1 СДР (XDR)	1 СДР (Специальные права заимствования) (XDR)	1 сингапурский доллар (SGD)	1 сом (KGS)	1 тенге (KZT)	1 турецкая лира (TRY)	1 фунт стерлингов (GBP)	1 чешская крона (CZK)	1 шведская крона (SEK)	1 швейцарский франк (CHF)	10 иен (JPY)	10 йен (JPY)	1000 иранских риалов (IRR)
01.01.2013	 8 898,66 	 5 794,85 	 1 059,99 	 1 519,49 	 8 570,00 	 11 340,00 	 2 786,18 	 66,95 	 8 614,36 	 1 375,22 	 30 441,35 	 16 249,53 	 3 282,77 	 708,26 	 1 536,48 	 282,00 	 13 210,48 		 7 008,79 	 180,50 	 57,03 	 4 783,30 	 13 801,98 	 451,93 	 1 316,17 	 9 378,42 	 993,39 		 698,17 
02.01.2013	 8 898,66 	 5 794,85 	 1 059,99 	 1 519,49 	 8 570,00 	 11 340,00 	 2 786,18 	 66,95 	 8 614,36 	 1 375,22 	 30 441,35 	 16 249,53 	 3 282,77 	 708,26 	 1 536,48 	 282,00 	 13 210,48 		 7 008,79 	 180,50 	 57,03 	 4 783,30 	 13 801,98 	 451,93 	 1 316,17 	 9 378,42 	 993,39 		 698,17 
03.01.2013	 8 898,66 	 5 794,85 	 1 059,99 	 1 519,49 	 8 570,00 	 11 340,00 	 2 786,18 	 66,95 	 8 614,36 	 1 375,22 	 30 441,35 	 16 249,53 	 3 282,77 	 708,26 	 1 536,48 	 282,00 	 13 210,48 		 7 008,79 	 180,50 	 57,03 	 4 783,30 	 13 801,98 	 451,93 	 1 316,17 	 9 378,42 	 993,39 		 698,17 
04.01.2013	 9 002,36 	 5 761,54 	 1 065,92 	 1 510,73 	 8 570,00 	 11 270,00 	 2 767,46 	 66,65 	 8 698,74 	 1 375,54 	 30 432,16 	 16 145,44 	 3 264,26 	 709,00 	 1 540,33 	 284,00 	 13 199,60 		 7 010,80 	 180,85 	 56,92 	 4 813,53 	 13 908,68 	 446,23 	 1 316,95 	 9 316,74 	 983,02 		 698,17 
05.01.2013	 9 010,15 	 5 746,05 	 1 073,38 	 1 506,65 	 8 630,00 	 11 230,00 	 2 738,51 	 66,56 	 8 714,97 	 1 385,12 	 30 555,16 	 16 100,75 	 3 255,74 	 711,46 	 1 542,70 	 284,00 	 13 234,80 		 7 021,97 	 182,12 	 57,25 	 4 827,97 	 13 858,05 	 444,52 	 1 319,93 	 9 295,06 	 978,51 		 703,05 
06.01.2013	 9 010,15 	 5 746,05 	 1 073,38 	 1 506,65 	 8 630,00 	 11 230,00 	 2 738,51 	 66,56 	 8 714,97 	 1 385,12 	 30 555,16 	 16 100,75 	 3 255,74 	 711,46 	 1 542,70 	 284,00 	 13 234,80 		 7 021,97 	 182,12 	 57,25 	 4 827,97 	 13 858,05 	 444,52 	 1 319,93 	 9 295,06 	 978,51 		 703,05 
07.01.2013	 9 010,15 	 5 746,05 	 1 073,38 	 1 506,65 	 8 630,00 	 11 230,00 	 2 738,51 	 66,56 	 8 714,97 	 1 385,12 	 30 555,16 	 16 100,75 	 3 255,74 	 711,46 	 1 542,70 	 284,00 	 13 234,80 		 7 021,97 	 182,12 	 57,25 	 4 827,97 	 13 858,05 	 444,52 	 1 319,93 	 9 295,06 	 978,51 		 703,05 
08.01.2013	 9 010,15 	 5 746,05 	 1 073,38 	 1 506,65 	 8 630,00 	 11 230,00 	 2 738,51 	 66,56 	 8 714,97 	 1 385,12 	 30 555,16 	 16 100,75 	 3 255,74 	 711,46 	 1 542,70 	 284,00 	 13 234,80 		 7 021,97 	 182,12 	 57,25 	 4 827,97 	 13 858,05 	 444,52 	 1 319,93 	 9 295,06 	 978,51 		 703,05 
09.01.2013	 9 026,29 	 5 770,39 	 1 070,90 	 1 513,09 	 8 610,00 	 11 290,00 	 2 737,46 	 66,85 	 8 727,83 	 1 383,33 	 30 541,66 	 16 184,21 	 3 269,29 	 710,69 	 1 541,86 	 283,50 	 13 149,79 		 7 001,71 	 181,70 	 57,15 	 4 833,55 	 13 844,45 	 441,90 	 1 322,02 	 9 334,85 	 984,90 		 701,23 
10.01.2013	 9 093,31 	 5 784,41 	 1 071,87 	 1 516,36 	 8 650,00 	 11 320,00 	 2 749,22 	 66,96 	 8 769,71 	 1 389,29 	 30 674,85 	 16 225,85 	 3 277,38 	 710,47 	 1 544,97 	 284,50 	 13 252,49 		 7 049,43 	 182,54 	 57,34 	 4 867,75 	 13 888,01 	 443,61 	 1 318,99 	 9 358,94 	 986,54 		 704,48 
11.01.2013	 9 147,13 	 5 784,13 	 1 069,17 	 1 516,46 	 8 660,00 	 11 310,00 	 2 773,60 	 66,84 	 8 781,63 	 1 391,46 	 30 672,24 	 16 241,56 	 3 276,58 	 709,37 	 1 548,03 	 285,00 	 13 235,25 		 7 064,77 	 182,75 	 57,37 	 4 878,87 	 13 866,39 	 440,42 	 1 319,46 	 9 359,13 	 982,08 		 705,30 
12.01.2013	 9 151,46 	 5 870,79 	 1 066,17 	 1 538,95 	 8 660,00 	 11 490,00 	 2 803,50 	 67,43 	 8 803,94 	 1 393,16 	 30 733,20 	 16 488,96 	 3 326,42 	 709,11 	 1 565,47 	 286,00 	 13 248,59 		 7 066,22 	 182,75 	 57,36 	 4 892,66 	 13 984,60 	 447,88 	 1 333,39 	 9 446,41 	 973,58 		 705,30 
13.01.2013	 9 151,46 	 5 870,79 	 1 066,17 	 1 538,95 	 8 660,00 	 11 490,00 	 2 803,50 	 67,43 	 8 803,94 	 1 393,16 	 30 733,20 	 16 488,96 	 3 326,42 	 709,11 	 1 565,47 	 286,00 	 13 248,59 		 7 066,22 	 182,75 	 57,36 	 4 892,66 	 13 984,60 	 447,88 	 1 333,39 	 9 446,41 	 973,58 		 705,30 
14.01.2013	 9 151,46 	 5 870,79 	 1 066,17 	 1 538,95 	 8 660,00 	 11 490,00 	 2 803,50 	 67,43 	 8 803,94 	 1 393,16 	 30 733,20 	 16 488,96 	 3 326,42 	 709,11 	 1 565,47 	 286,00 	 13 248,59 		 7 066,22 	 182,75 	 57,36 	 4 892,66 	 13 984,60 	 447,88 	 1 333,39 	 9 446,41 	 973,58 		 705,30 
15.01.2013	 9 132,67 	 5 906,86 	 1 064,94 	 1 548,03 	 8 650,00 	 11 570,00 	 2 800,89 	 67,54 	 8 789,31 	 1 390,74 	 30 721,69 	 16 574,06 	 3 345,90 	 710,76 	 1 567,60 	 286,00 	 13 284,06 		 7 049,71 	 182,48 	 57,28 	 4 884,52 	 13 945,53 	 450,22 	 1 339,62 	 9 456,14 	 968,05 		 704,48 
16.01.2013	 9 149,72 	 5 919,34 	 1 063,39 	 1 551,32 	 8 660,00 	 11 560,00 	 2 819,01 	 67,52 	 8 803,05 	 1 393,72 	 30 769,23 	 16 596,40 	 3 353,53 	 711,59 	 1 571,32 	 286,00 	 13 329,04 		 7 071,99 	 182,69 	 57,40 	 4 889,89 	 13 927,44 	 452,61 	 1 342,37 	 9 377,88 	 974,84 		 705,30 
17.01.2013	 9 122,72 	 5 866,59 	 1 062,39 	 1 537,79 	 8 650,00 	 11 490,00 	 2 776,04 	 66,91 	 8 770,15 	 1 391,46 	 30 706,43 	 16 447,99 	 3 324,30 	 710,18 	 1 548,02 	 285,00 	 13 317,71 		 7 059,50 	 182,48 	 57,35 	 4 878,74 	 13 849,08 	 448,64 	 1 323,67 	 9 297,08 	 984,41 		 704,48 
18.01.2013	 9 065,22 	 5 865,94 	 1 060,92 	 1 537,39 	 8 620,00 	 11 460,00 	 2 786,35 	 66,85 	 8 737,96 	 1 386,54 	 30 599,93 	 16 442,54 	 3 323,18 	 708,88 	 1 549,66 	 284,00 	 13 259,37 		 7 042,48 	 181,84 	 57,17 	 4 887,73 	 13 792,86 	 448,65 	 1 325,95 	 9 233,57 	 972,64 		 702,04 
19.01.2013	 9 049,54 	 5 888,59 	 1 059,69 	 1 543,48 	 8 610,00 	 11 530,00 	 2 792,10 	 66,99 	 8 713,69 	 1 385,27 	 30 562,26 	 16 511,65 	 3 336,63 	 710,69 	 1 547,56 	 285,00 	 13 247,43 		 7 023,41 	 181,63 	 57,12 	 4 899,00 	 13 742,85 	 448,93 	 1 326,29 	 9 199,21 	 956,29 		 701,23 
20.01.2013	 9 049,54 	 5 888,59 	 1 059,69 	 1 543,48 	 8 610,00 	 11 530,00 	 2 792,10 	 66,99 	 8 713,69 	 1 385,27 	 30 562,26 	 16 511,65 	 3 336,63 	 710,69 	 1 547,56 	 285,00 	 13 247,43 		 7 023,41 	 181,63 	 57,12 	 4 899,00 	 13 742,85 	 448,93 	 1 326,29 	 9 199,21 	 956,29 		 701,23 
21.01.2013	 9 049,54 	 5 888,59 	 1 059,69 	 1 543,48 	 8 610,00 	 11 530,00 	 2 792,10 	 66,99 	 8 713,69 	 1 385,27 	 30 562,26 	 16 511,65 	 3 336,63 	 710,69 	 1 547,56 	 285,00 	 13 247,43 		 7 023,41 	 181,63 	 57,12 	 4 899,00 	 13 742,85 	 448,93 	 1 326,29 	 9 199,21 	 956,29 		 701,23 
22.01.2013	 9 056,00 	 5 860,53 	 1 059,69 	 1 535,94 	 8 610,00 	 11 470,00 	 2 754,98 	 67,02 	 8 682,50 	 1 383,96 	 30 553,58 	 16 432,87 	 3 320,41 	 710,98 	 1 539,70 	 284,00 	 13 229,52 		 7 000,28 	 180,88 	 57,11 	 4 886,63 	 13 677,42 	 448,01 	 1 321,59 	 9 233,24 	 962,12 		 701,23 
23.01.2013	 9 124,70 	 5 894,39 	 1 063,38 	 1 544,98 	 8 640,00 	 11 540,00 	 2 763,30 	 67,36 	 8 700,03 	 1 389,11 	 30 673,65 	 16 523,24 	 3 339,65 	 715,32 	 1 546,70 	 286,00 	 13 275,62 		 7 042,71 	 181,51 	 57,32 	 4 899,90 	 13 684,03 	 451,00 	 1 326,68 	 9 274,37 	 972,37 		 703,67 
24.01.2013	 9 121,68 	 5 877,55 	 1 063,38 	 1 540,16 	 8 640,00 	 11 490,00 	 2 763,30 	 67,14 	 8 715,39 	 1 389,51 	 30 670,93 	 16 475,97 	 3 329,86 	 712,08 	 1 550,28 	 286,00 	 13 280,03 		 7 038,98 	 181,51 	 57,26 	 4 878,88 	 13 674,10 	 448,97 	 1 325,29 	 9 282,84 	 978,32 		 703,67 
25.01.2013	 9 072,29 	 5 876,95 	 1 062,15 	 1 540,32 	 8 630,00 	 11 510,00 	 2 750,47 	 66,81 	 8 632,59 	 1 387,88 	 30 619,12 	 16 474,18 	 3 329,67 	 710,29 	 1 551,46 	 286,00 	 13 264,66 		 7 029,12 	 181,30 	 57,24 	 4 875,71 	 13 672,08 	 449,43 	 1 324,74 	 9 273,09 	 966,24 		 702,86 
26.01.2013	 9 021,80 	 5 922,52 	 1 062,15 	 1 552,07 	 8 630,00 	 11 570,00 	 2 770,15 	 67,09 	 8 602,04 	 1 387,35 	 30 635,97 	 16 580,21 	 3 354,45 	 710,36 	 1 561,99 	 287,00 	 13 241,18 		 7 020,83 	 181,30 	 57,30 	 4 883,43 	 13 639,28 	 452,70 	 1 331,92 	 9 299,57 	 950,75 		 702,86 
27.01.2013	 9 021,80 	 5 922,52 	 1 062,15 	 1 552,07 	 8 630,00 	 11 570,00 	 2 770,15 	 67,09 	 8 602,04 	 1 387,35 	 30 635,97 	 16 580,21 	 3 354,45 	 710,36 	 1 561,99 	 287,00 	 13 241,18 		 7 020,83 	 181,30 	 57,30 	 4 883,43 	 13 639,28 	 452,70 	 1 331,92 	 9 299,57 	 950,75 		 702,86 
28.01.2013	 9 021,80 	 5 922,52 	 1 062,15 	 1 552,07 	 8 630,00 	 11 570,00 	 2 770,15 	 67,09 	 8 602,04 	 1 387,35 	 30 635,97 	 16 580,21 	 3 354,45 	 710,36 	 1 561,99 	 287,00 	 13 241,18 		 7 020,83 	 181,30 	 57,30 	 4 883,43 	 13 639,28 	 452,70 	 1 331,92 	 9 299,57 	 950,75 		 702,86 
29.01.2013	 8 950,96 	 5 914,88 	 1 059,69 	 1 550,21 	 8 610,00 	 11 580,00 	 2 764,84 	 66,93 	 8 530,24 	 1 383,67 	 30 564,43 	 16 557,69 	 3 350,32 	 708,42 	 1 555,29 	 286,50 	 13 226,25 		 6 947,19 	 180,28 	 57,15 	 4 862,48 	 13 544,82 	 451,80 	 1 332,40 	 9 274,52 	 948,34 		 701,23 
30.01.2013	 9 043,14 	 5 946,45 	 1 064,62 	 1 559,04 	 8 650,00 	 11 620,00 	 2 772,35 	 67,24 	 8 603,11 	 1 389,71 	 30 732,61 	 16 642,62 	 3 369,10 	 714,71 	 1 564,08 	 287,00 	 13 287,01 		 6 995,83 	 181,12 	 57,35 	 4 885,35 	 13 590,88 	 453,73 	 1 346,54 	 9 348,32 	 954,17 		 704,48 
31.01.2013	 9 020,51 	 5 958,71 	 1 060,13 	 1 562,32 	 8 630,00 	 11 660,00 	 2 788,41 	 67,01 	 8 610,20 	 1 387,35 	 30 662,64 	 16 674,72 	 3 376,04 	 713,06 	 1 570,58 	 287,50 	 13 260,17 		 6 977,97 	 180,70 	 57,19 	 4 882,33 	 13 579,74 	 454,74 	 1 354,84 	 9 364,66 	 946,22 		 702,86 
01.02.2013	 9 006,83 	 6 004,09 	 1 065,85 	 1 574,03 	 8 660,00 	 11 740,00 	 2 793,55 	 67,20 	 8 635,82 	 1 392,55 	 30 805,35 	 16 800,85 	 3 400,88 	 718,37 	 1 579,95 	 288,50 	 13 342,03 		 6 997,41 	 181,33 	 57,41 	 4 909,30 	 13 699,69 	 458,53 	 1 362,11 	 9 509,69 	 952,80 		 705,30 
02.02.2013	 8 979,98 	 6 017,34 	 1 060,97 	 1 577,53 	 8 640,00 	 11 740,00 	 2 806,56 	 68,30 	 8 652,11 	 1 387,60 	 30 735,30 	 16 832,26 	 3 408,75 	 718,74 	 1 581,14 	 288,00 	 13 317,18 		 6 959,04 	 180,91 	 57,25 	 4 928,69 	 13 693,54 	 458,27 	 1 366,02 	 9 495,55 	 938,42 		 703,67 
03.02.2013	 8 979,98 	 6 017,34 	 1 060,97 	 1 577,53 	 8 640,00 	 11 740,00 	 2 806,56 	 68,30 	 8 652,11 	 1 387,60 	 30 735,30 	 16 832,26 	 3 408,75 	 718,74 	 1 581,14 	 288,00 	 13 317,18 		 6 959,04 	 180,91 	 57,25 	 4 928,69 	 13 693,54 	 458,27 	 1 366,02 	 9 495,55 	 938,42 		 703,67 
04.02.2013	 8 979,98 	 6 017,34 	 1 060,97 	 1 577,53 	 8 640,00 	 11 740,00 	 2 806,56 	 68,30 	 8 652,11 	 1 387,60 	 30 735,30 	 16 832,26 	 3 408,75 	 718,74 	 1 581,14 	 288,00 	 13 317,18 		 6 959,04 	 180,91 	 57,25 	 4 928,69 	 13 693,54 	 458,27 	 1 366,02 	 9 495,55 	 938,42 		 703,67 
05.02.2013	 9 021,99 	 6 020,79 	 1 065,85 	 1 578,38 	 8 660,00 	 11 800,00 	 2 839,58 	 68,74 	 8 685,19 	 1 389,42 	 30 788,92 	 16 813,90 	 3 411,26 	 719,15 	 1 583,30 	 289,50 	 13 371,82 		 6 988,66 	 181,04 	 57,45 	 4 938,69 	 13 610,06 	 460,16 	 1 372,17 	 9 524,33 	 931,73 		 705,30 
06.02.2013	 9 038,05 	 5 994,06 	 1 068,31 	 1 571,37 	 8 680,00 	 11 690,00 	 2 805,88 	 68,37 	 8 687,82 	 1 393,39 	 30 840,29 	 16 747,06 	 3 394,80 	 720,81 	 1 580,06 	 288,50 	 13 353,05 		 7 022,37 	 181,45 	 57,63 	 4 929,58 	 13 664,49 	 456,73 	 1 370,37 	 9 541,08 	 939,39 		 706,93 
07.02.2013	 8 955,59 	 6 006,50 	 1 065,88 	 1 574,99 	 8 680,00 	 11 770,00 	 2 812,47 	 68,35 	 8 714,86 	 1 392,88 	 30 812,92 	 16 790,79 	 3 403,12 	 721,47 	 1 579,79 	 289,50 	 13 350,88 		 7 013,29 	 181,45 	 57,67 	 4 917,85 	 13 573,35 	 456,95 	 1 367,59 	 9 502,96 	 926,41 		 706,93 
08.02.2013	 8 942,67 	 6 014,78 	 1 065,11 	 1 577,20 	 8 670,00 	 11 730,00 	 2 808,28 	 68,43 	 8 700,89 	 1 391,10 	 30 813,52 	 16 810,47 	 3 408,69 	 721,63 	 1 579,84 	 288,50 	 13 311,14 		 7 002,10 	 181,24 	 57,61 	 4 904,68 	 13 585,46 	 465,90 	 1 367,09 	 9 545,30 	 924,70 		 706,11 
09.02.2013	 8 922,91 	 5 931,97 	 1 066,58 	 1 555,01 	 8 650,00 	 11 580,00 	 2 786,59 	 67,65 	 8 661,69 	 1 387,89 	 30 711,88 	 16 586,77 	 3 361,12 	 717,84 	 1 568,90 	 287,00 	 13 295,66 		 6 985,10 	 180,83 	 57,48 	 4 881,77 	 13 605,15 	 459,69 	 1 350,08 	 9 436,02 	 932,26 		 704,48 
10.02.2013	 8 922,91 	 5 931,97 	 1 066,58 	 1 555,01 	 8 650,00 	 11 580,00 	 2 786,59 	 67,65 	 8 661,69 	 1 387,89 	 30 711,88 	 16 586,77 	 3 361,12 	 717,84 	 1 568,90 	 287,00 	 13 295,66 		 6 985,10 	 180,83 	 57,48 	 4 881,77 	 13 605,15 	 459,69 	 1 350,08 	 9 436,02 	 932,26 		 704,48 
11.02.2013	 8 922,91 	 5 931,97 	 1 066,58 	 1 555,01 	 8 650,00 	 11 580,00 	 2 786,59 	 67,65 	 8 661,69 	 1 387,89 	 30 711,88 	 16 586,77 	 3 361,12 	 717,84 	 1 568,90 	 287,00 	 13 295,66 		 6 985,10 	 180,83 	 57,48 	 4 881,77 	 13 605,15 	 459,69 	 1 350,08 	 9 436,02 	 932,26 		 704,48 
12.02.2013	 8 881,56 	 5 897,83 	 1 064,12 	 1 545,99 	 8 630,00 	 11 540,00 	 2 784,28 	 67,12 	 8 581,51 	 1 384,68 	 30 621,30 	 16 489,92 	 3 341,53 	 716,18 	 1 560,27 	 286,00 	 13 229,96 		 6 966,14 	 179,91 	 57,30 	 4 870,34 	 13 598,72 	 456,88 	 1 341,65 	 9 397,29 	 930,76 		 702,86 
13.02.2013	 8 853,71 	 5 915,74 	 1 066,58 	 1 550,72 	 8 650,00 	 11 580,00 	 2 778,31 	 67,35 	 8 586,46 	 1 387,89 	 30 667,78 	 16 539,20 	 3 350,18 	 717,10 	 1 569,79 	 286,50 	 13 232,94 		 6 948,91 	 180,33 	 57,47 	 4 872,69 	 13 503,95 	 457,37 	 1 351,67 	 9 401,15 	 919,09 		 704,48 
14.02.2013	 8 942,37 	 5 951,15 	 1 067,24 	 1 560,09 	 8 650,00 	 11 630,00 	 2 793,48 	 67,60 	 8 626,71 	 1 387,89 	 30 686,82 	 16 634,62 	 3 371,07 	 717,10 	 1 578,04 	 287,50 	 13 238,57 		 6 988,77 	 180,33 	 57,48 	 4 891,70 	 13 541,58 	 458,56 	 1 367,42 	 9 435,51 	 927,37 		 704,48 
15.02.2013	 8 943,70 	 5 914,81 	 1 062,81 	 1 550,28 	 8 630,00 	 11 560,00 	 2 777,11 	 67,22 	 8 625,26 	 1 384,68 	 30 594,70 	 16 532,57 	 3 351,13 	 713,83 	 1 569,99 	 287,00 	 13 226,60 		 6 980,79 	 179,91 	 57,34 	 4 883,98 	 13 378,23 	 455,99 	 1 367,68 	 9 382,98 	 922,55 		 702,86 
16.02.2013	 8 919,96 	 5 861,93 	 1 058,19 	 1 536,92 	 8 610,00 	 11 510,00 	 2 740,12 	 66,59 	 8 597,96 	 1 381,47 	 30 500,55 	 16 385,95 	 3 321,31 	 711,07 	 1 550,76 	 286,00 	 13 135,50 		 6 967,99 	 179,49 	 57,23 	 4 860,84 	 13 367,46 	 451,47 	 1 356,89 	 9 324,74 	 932,37 		 701,23 
17.02.2013	 8 919,96 	 5 861,93 	 1 058,19 	 1 536,92 	 8 610,00 	 11 510,00 	 2 740,12 	 66,59 	 8 597,96 	 1 381,47 	 30 500,55 	 16 385,95 	 3 321,31 	 711,07 	 1 550,76 	 286,00 	 13 135,50 		 6 967,99 	 179,49 	 57,23 	 4 860,84 	 13 367,46 	 451,47 	 1 356,89 	 9 324,74 	 932,37 		 701,23 
18.02.2013	 8 919,96 	 5 861,93 	 1 058,19 	 1 536,92 	 8 610,00 	 11 510,00 	 2 740,12 	 66,59 	 8 597,96 	 1 381,47 	 30 500,55 	 16 385,95 	 3 321,31 	 711,07 	 1 550,76 	 286,00 	 13 135,50 		 6 967,99 	 179,49 	 57,23 	 4 860,84 	 13 367,46 	 451,47 	 1 356,89 	 9 324,74 	 932,37 		 701,23 
19.02.2013	 8 845,55 	 5 855,29 	 1 057,56 	 1 535,40 	 8 590,00 	 11 450,00 	 2 734,06 	 66,52 	 8 529,86 	 1 376,01 	 30 401,70 	 16 369,70 	 3 317,82 	 709,13 	 1 544,77 	 285,00 	 13 112,29 		 6 929,10 	 179,83 	 57,08 	 4 858,60 	 13 274,56 	 450,56 	 1 353,26 	 9 299,05 	 913,44 		 699,60 
20.02.2013	 8 868,72 	 5 856,46 	 1 055,81 	 1 535,58 	 8 580,00 	 11 450,00 	 2 734,84 	 66,41 	 8 485,39 	 1 374,05 	 30 371,68 	 16 377,17 	 3 318,31 	 707,86 	 1 544,97 	 285,00 	 13 097,03 		 6 926,90 	 179,62 	 57,00 	 4 851,57 	 13 296,85 	 451,08 	 1 355,84 	 9 291,24 	 917,79 		 698,78 
21.02.2013	 8 881,59 	 5 885,98 	 1 054,77 	 1 543,08 	 8 580,00 	 11 520,00 	 2 768,28 	 66,72 	 8 477,42 	 1 375,53 	 30 408,28 	 16 452,54 	 3 334,43 	 708,94 	 1 551,48 	 285,00 	 13 086,30 		 6 944,28 	 179,62 	 57,03 	 4 831,90 	 13 244,09 	 453,87 	 1 363,83 	 9 324,57 	 918,68 		 698,78 
22.02.2013	 8 784,63 	 5 794,56 	 1 054,64 	 1 519,38 	 8 580,00 	 11 380,00 	 2 711,20 	 65,95 	 8 422,50 	 1 374,89 	 30 305,17 	 16 197,85 	 3 282,58 	 705,88 	 1 525,06 	 284,00 	 13 084,59 		 6 914,06 	 179,62 	 57,11 	 4 793,83 	 13 031,30 	 445,21 	 1 344,40 	 9 209,47 	 919,22 		 698,78 
23.02.2013	 8 828,39 	 5 792,50 	 1 052,57 	 1 518,78 	 8 570,00 	 11 330,00 	 2 725,26 	 66,88 	 8 417,23 	 1 374,48 	 30 304,10 	 16 191,20 	 3 281,70 	 702,96 	 1 513,33 	 282,50 	 13 001,98 		 6 920,22 	 179,41 	 57,05 	 4 779,70 	 13 083,82 	 444,80 	 1 340,19 	 9 214,56 	 917,66 		 697,97 
24.02.2013	 8 828,39 	 5 792,50 	 1 052,57 	 1 518,78 	 8 570,00 	 11 330,00 	 2 725,26 	 66,88 	 8 417,23 	 1 374,48 	 30 304,10 	 16 191,20 	 3 281,70 	 702,96 	 1 513,33 	 282,50 	 13 001,98 		 6 920,22 	 179,41 	 57,05 	 4 779,70 	 13 083,82 	 444,80 	 1 340,19 	 9 214,56 	 917,66 		 697,97 
25.02.2013	 8 828,39 	 5 792,50 	 1 052,57 	 1 518,78 	 8 570,00 	 11 330,00 	 2 725,26 	 66,88 	 8 417,23 	 1 374,48 	 30 304,10 	 16 191,20 	 3 281,70 	 702,96 	 1 513,33 	 282,50 	 13 001,98 		 6 920,22 	 179,41 	 57,05 	 4 779,70 	 13 083,82 	 444,80 	 1 340,19 	 9 214,56 	 917,66 		 697,97 
26.02.2013	 8 850,69 	 5 814,74 	 1 056,45 	 1 524,39 	 8 600,00 	 11 360,00 	 2 731,63 	 67,94 	 8 411,99 	 1 379,55 	 30 372,59 	 16 254,02 	 3 294,51 	 704,67 	 1 523,82 	 283,50 	 13 038,63 		 6 945,57 	 180,53 	 57,23 	 4 778,31 	 13 028,14 	 445,31 	 1 345,11 	 9 260,75 	 914,84 		 700,41 
27.02.2013	 8 844,62 	 5 758,04 	 1 057,28 	 1 509,64 	 8 610,00 	 11 210,00 	 2 709,08 	 67,78 	 8 397,54 	 1 382,13 	 30 386,45 	 16 090,45 	 3 262,35 	 703,06 	 1 509,10 	 281,50 	 13 071,62 		 6 951,12 	 180,74 	 57,31 	 4 755,59 	 13 047,16 	 441,29 	 1 330,25 	 9 253,09 	 934,65 		 701,23 
28.02.2013	 8 805,62 	 5 774,51 	 1 062,15 	 1 514,85 	 8 630,00 	 11 290,00 	 2 711,79 	 68,00 	 8 413,77 	 1 385,83 	 30 455,96 	 16 126,32 	 3 271,42 	 702,17 	 1 512,42 	 282,00 	 13 055,29 		 6 963,89 	 181,16 	 57,37 	 4 779,18 	 13 033,03 	 441,44 	 1 339,37 	 9 265,62 	 940,39 		 702,86 
01.03.2013	 8 832,63 	 5 776,66 	 1 055,21 	 1 515,41 	 8 600,00 	 11 310,00 	 2 717,95 	 68,25 	 8 409,94 	 1 382,33 	 30 369,38 	 16 147,20 	 3 272,82 	 700,61 	 1 510,59 	 282,00 	 13 022,89 		 6 961,03 	 180,53 	 57,17 	 4 782,56 	 13 061,25 	 440,83 	 1 336,21 	 9 261,75 	 930,58 		 700,41 
02.03.2013	 8 797,37 	 5 747,51 	 1 055,73 	 1 507,59 	 8 600,00 	 11 240,00 	 2 708,32 	 69,09 	 8 346,68 	 1 382,05 	 30 367,23 	 16 041,78 	 3 256,40 	 698,90 	 1 499,20 	 280,50 	 13 027,54 		 6 949,21 	 180,53 	 57,08 	 4 777,78 	 13 043,19 	 438,07 	 1 340,13 	 9 187,05 	 928,12 		 700,41 
03.03.2013	 8 797,37 	 5 747,51 	 1 055,73 	 1 507,59 	 8 600,00 	 11 240,00 	 2 708,32 	 69,09 	 8 346,68 	 1 382,05 	 30 367,23 	 16 041,78 	 3 256,40 	 698,90 	 1 499,20 	 280,50 	 13 027,54 		 6 949,21 	 180,53 	 57,08 	 4 777,78 	 13 043,19 	 438,07 	 1 340,13 	 9 187,05 	 928,12 		 700,41 
04.03.2013	 8 797,37 	 5 747,51 	 1 055,73 	 1 507,59 	 8 600,00 	 11 240,00 	 2 708,32 	 69,09 	 8 346,68 	 1 382,05 	 30 367,23 	 16 041,78 	 3 256,40 	 698,90 	 1 499,20 	 280,50 	 13 027,54 		 6 949,21 	 180,53 	 57,08 	 4 777,78 	 13 043,19 	 438,07 	 1 340,13 	 9 187,05 	 928,12 		 700,41 
05.03.2013	 8 746,07 	 5 739,37 	 1 058,70 	 1 505,39 	 8 630,00 	 11 210,00 	 2 713,67 	 69,31 	 8 383,12 	 1 386,32 	 30 395,89 	 16 026,00 	 3 251,76 	 700,57 	 1 503,69 	 280,50 	 13 009,81 		 6 920,61 	 181,46 	 57,23 	 4 783,81 	 12 982,11 	 437,12 	 1 340,69 	 9 154,07 	 922,25 		 702,86 
06.03.2013	 8 842,61 	 5 762,50 	 1 060,12 	 1 511,64 	 8 640,00 	 11 260,00 	 2 723,75 	 69,41 	 8 419,82 	 1 388,84 	 30 435,40 	 16 089,39 	 3 264,69 	 704,73 	 1 514,39 	 281,50 	 13 014,26 		 6 939,20 	 181,67 	 57,32 	 4 807,48 	 13 079,66 	 439,11 	 1 351,11 	 9 188,07 	 928,48 		 703,67 
07.03.2013	 8 873,28 	 5 765,77 	 1 063,38 	 1 512,50 	 8 640,00 	 11 280,00 	 2 731,67 	 69,27 	 8 406,71 	 1 389,49 	 30 449,34 	 16 083,40 	 3 266,66 	 705,38 	 1 518,61 	 282,00 	 13 042,51 		 6 939,48 	 181,67 	 57,34 	 4 819,68 	 13 058,06 	 441,24 	 1 355,50 	 9 163,71 	 925,25 		 703,67 
08.03.2013	 8 861,72 	 5 748,35 	 1 060,52 	 1 507,96 	 8 630,00 	 11 210,00 	 2 710,77 	 69,03 	 8 376,20 	 1 387,42 	 30 376,63 	 16 028,97 	 3 256,17 	 703,20 	 1 512,23 	 280,50 	 13 020,51 		 6 918,67 	 181,46 	 57,22 	 4 802,45 	 12 938,10 	 440,44 	 1 352,75 	 9 119,25 	 918,77 		 702,86 
09.03.2013	 8 861,72 	 5 748,35 	 1 060,52 	 1 507,96 	 8 630,00 	 11 210,00 	 2 710,77 	 69,03 	 8 376,20 	 1 387,42 	 30 376,63 	 16 028,97 	 3 256,17 	 703,20 	 1 512,23 	 280,50 	 13 020,51 		 6 918,67 	 181,46 	 57,22 	 4 802,45 	 12 938,10 	 440,44 	 1 352,75 	 9 119,25 	 918,77 		 702,86 
10.03.2013	 8 861,72 	 5 748,35 	 1 060,52 	 1 507,96 	 8 630,00 	 11 210,00 	 2 710,77 	 69,03 	 8 376,20 	 1 387,42 	 30 376,63 	 16 028,97 	 3 256,17 	 703,20 	 1 512,23 	 280,50 	 13 020,51 		 6 918,67 	 181,46 	 57,22 	 4 802,45 	 12 938,10 	 440,44 	 1 352,75 	 9 119,25 	 918,77 		 702,86 
11.03.2013	 8 861,72 	 5 748,35 	 1 060,52 	 1 507,96 	 8 630,00 	 11 210,00 	 2 710,77 	 69,03 	 8 376,20 	 1 387,42 	 30 376,63 	 16 028,97 	 3 256,17 	 703,20 	 1 512,23 	 280,50 	 13 020,51 		 6 918,67 	 181,46 	 57,22 	 4 802,45 	 12 938,10 	 440,44 	 1 352,75 	 9 119,25 	 918,77 		 702,86 
12.03.2013	 8 805,88 	 5 724,16 	 1 059,04 	 1 501,29 	 8 610,00 	 11 200,00 	 2 707,85 	 68,07 	 8 372,64 	 1 384,67 	 30 252,99 	 15 974,03 	 3 242,51 	 701,14 	 1 503,81 	 280,00 	 12 982,93 		 6 896,00 	 179,98 	 57,09 	 4 776,96 	 12 855,16 	 439,02 	 1 344,05 	 9 047,92 	 896,27 		 701,23 
13.03.2013	 8 832,67 	 5 709,73 	 1 056,13 	 1 497,65 	 8 590,00 	 11 180,00 	 2 694,14 	 67,85 	 8 356,44 	 1 381,87 	 30 181,65 	 15 936,92 	 3 235,47 	 698,09 	 1 498,15 	 279,50 	 12 893,07 		 6 881,36 	 179,56 	 56,94 	 4 762,30 	 12 800,39 	 436,06 	 1 341,43 	 9 054,97 	 892,93 		 699,60 
14.03.2013	 8 891,10 	 5 745,71 	 1 061,31 	 1 506,95 	 8 620,00 	 11 230,00 	 2 714,15 	 68,19 	 8 395,83 	 1 387,23 	 30 313,69 	 16 028,26 	 3 255,35 	 699,96 	 1 510,06 	 280,50 	 12 944,14 		 6 911,76 	 180,19 	 57,14 	 4 779,60 	 12 875,26 	 438,28 	 1 354,97 	 9 113,50 	 900,12 		 702,04 
15.03.2013	 8 921,27 	 5 717,32 	 1 062,56 	 1 499,38 	 8 620,00 	 11 170,00 	 2 701,98 	 67,98 	 8 396,24 	 1 386,87 	 30 272,17 	 15 945,25 	 3 238,59 	 698,17 	 1 499,26 	 280,00 	 12 953,45 		 6 899,31 	 180,19 	 57,16 	 4 755,60 	 12 883,88 	 437,19 	 1 338,89 	 9 041,33 	 893,31 		 702,04 
16.03.2013	 8 916,91 	 5 721,89 	 1 058,40 	 1 500,70 	 8 600,00 	 11 210,00 	 2 691,62 	 68,40 	 8 418,17 	 1 384,08 	 30 251,86 	 15 961,40 	 3 241,74 	 698,08 	 1 483,01 	 280,00 	 12 881,77 		 6 883,58 	 179,77 	 57,06 	 4 744,17 	 12 997,61 	 438,44 	 1 339,52 	 9 086,11 	 895,46 		 700,41 
17.03.2013	 8 916,91 	 5 721,89 	 1 058,40 	 1 500,70 	 8 600,00 	 11 210,00 	 2 691,62 	 68,40 	 8 418,17 	 1 384,08 	 30 251,86 	 15 961,40 	 3 241,74 	 698,08 	 1 483,01 	 280,00 	 12 881,77 		 6 883,58 	 179,77 	 57,06 	 4 744,17 	 12 997,61 	 438,44 	 1 339,52 	 9 086,11 	 895,46 		 700,41 
18.03.2013	 8 916,91 	 5 721,89 	 1 058,40 	 1 500,70 	 8 600,00 	 11 210,00 	 2 691,62 	 68,40 	 8 418,17 	 1 384,08 	 30 251,86 	 15 961,40 	 3 241,74 	 698,08 	 1 483,01 	 280,00 	 12 881,77 		 6 883,58 	 179,77 	 57,06 	 4 744,17 	 12 997,61 	 438,44 	 1 339,52 	 9 086,11 	 895,46 		 700,41 
19.03.2013	 8 937,65 	 5 703,70 	 1 060,86 	 1 496,23 	 8 620,00 	 11 120,00 	 2 687,12 	 68,70 	 8 422,08 	 1 386,79 	 30 256,23 	 15 904,06 	 3 231,25 	 699,70 	 1 485,95 	 279,00 	 12 988,10 		 6 894,62 	 180,09 	 57,21 	 4 749,57 	 13 015,34 	 435,60 	 1 336,30 	 9 131,84 	 908,52 		 702,04 
20.03.2013	 8 916,05 	 5 682,57 	 1 058,30 	 1 490,75 	 8 600,00 	 11 130,00 	 2 679,75 	 68,31 	 8 408,70 	 1 383,60 	 30 217,85 	 15 849,61 	 3 218,80 	 696,81 	 1 481,02 	 279,00 	 12 922,19 		 6 879,72 	 179,67 	 56,99 	 4 738,29 	 12 970,09 	 433,22 	 1 333,07 	 9 074,60 	 901,94 		 700,41 
21.03.2013	 8 925,51 	 5 671,33 	 1 057,49 	 1 488,08 	 8 600,00 	 11 100,00 	 2 667,58 	 68,22 	 8 379,62 	 1 384,45 	 30 187,09 	 15 805,92 	 3 212,79 	 695,23 	 1 473,25 	 278,00 	 12 917,97 		 6 876,42 	 179,67 	 56,99 	 4 720,09 	 12 939,13 	 432,70 	 1 332,00 	 9 073,64 	 901,00 		 700,41 
22.03.2013	 8 935,03 	 5 676,42 	 1 058,45 	 1 489,52 	 8 610,00 	 11 140,00 	 2 655,52 	 68,28 	 8 396,72 	 1 385,51 	 30 212,65 	 15 825,75 	 3 224,18 	 696,04 	 1 471,10 	 278,50 	 12 921,63 		 6 880,02 	 179,88 	 57,03 	 4 732,07 	 13 032,10 	 430,84 	 1 328,36 	 9 096,67 	 898,94 		 701,23 
23.03.2013	 9 011,01 	 5 697,87 	 1 060,72 	 1 495,46 	 8 630,00 	 11 130,00 	 2 662,72 	 69,01 	 8 409,67 	 1 389,20 	 30 272,20 	 15 881,49 	 3 228,52 	 695,29 	 1 476,48 	 279,00 	 12 962,09 		 6 902,62 	 180,30 	 57,17 	 4 742,41 	 13 102,50 	 431,79 	 1 327,09 	 9 127,45 	 913,90 		 702,86 
24.03.2013	 9 011,01 	 5 697,87 	 1 060,72 	 1 495,46 	 8 630,00 	 11 130,00 	 2 662,72 	 69,01 	 8 409,67 	 1 389,20 	 30 272,20 	 15 881,49 	 3 228,52 	 695,29 	 1 476,48 	 279,00 	 12 962,09 		 6 902,62 	 180,30 	 57,17 	 4 742,41 	 13 102,50 	 431,79 	 1 327,09 	 9 127,45 	 913,90 		 702,86 
25.03.2013	 9 011,01 	 5 697,87 	 1 060,72 	 1 495,46 	 8 630,00 	 11 130,00 	 2 662,72 	 69,01 	 8 409,67 	 1 389,20 	 30 272,20 	 15 881,49 	 3 228,52 	 695,29 	 1 476,48 	 279,00 	 12 962,09 		 6 902,62 	 180,30 	 57,17 	 4 742,41 	 13 102,50 	 431,79 	 1 327,09 	 9 127,45 	 913,90 		 702,86 
26.03.2013	 9 022,12 	 5 724,34 	 1 059,36 	 1 502,02 	 8 620,00 	 11 210,00 	 2 687,28 	 69,80 	 8 432,79 	 1 387,93 	 30 280,68 	 15 942,30 	 3 242,55 	 697,98 	 1 484,06 	 280,00 	 12 965,69 		 6 928,43 	 179,96 	 57,10 	 4 751,41 	 13 122,66 	 434,56 	 1 329,54 	 9 165,82 	 910,48 		 702,04 
27.03.2013	 9 062,17 	 5 687,61 	 1 064,62 	 1 492,69 	 8 650,00 	 11 150,00 	 2 669,09 	 69,63 	 8 476,24 	 1 392,69 	 30 364,73 	 15 849,75 	 3 222,32 	 700,40 	 1 481,33 	 280,00 	 13 027,68 		 6 972,43 	 180,59 	 57,36 	 4 757,98 	 13 137,19 	 432,00 	 1 327,81 	 9 113,42 	 918,55 		 704,48 
28.03.2013	 9 071,78 	 5 682,04 	 1 063,42 	 1 491,24 	 8 660,00 	 11 130,00 	 2 659,42 	 69,66 	 8 522,78 	 1 393,63 	 30 390,23 	 15 843,40 	 3 219,57 	 697,82 	 1 486,29 	 280,50 	 12 991,13 		 6 963,93 	 180,79 	 57,38 	 4 765,44 	 13 133,32 	 432,29 	 1 335,63 	 9 120,59 	 915,72 		 705,30 
29.03.2013	 9 058,88 	 5 670,98 	 1 065,42 	 1 487,89 	 8 680,00 	 11 110,00 	 2 648,97 	 69,98 	 8 534,91 	 1 396,73 	 30 380,46 	 15 816,33 	 3 212,91 	 699,97 	 1 480,23 	 280,00 	 12 986,76 		 6 988,73 	 181,21 	 57,55 	 4 779,74 	 13 153,24 	 430,50 	 1 330,45 	 9 100,44 	 921,54 		 706,93 
30.03.2013	 9 029,37 	 5 682,27 	 1 064,46 	 1 490,74 	 8 670,00 	 11 110,00 	 2 660,86 	 70,12 	 8 526,33 	 1 395,96 	 30 381,61 	 15 848,64 	 3 219,34 	 699,12 	 1 486,13 	 279,00 	 12 987,83 		 6 995,04 	 181,00 	 57,46 	 4 788,73 	 13 173,63 	 431,09 	 1 329,85 	 9 131,60 	 921,80 		 706,11 
31.03.2013	 9 029,37 	 5 682,27 	 1 064,46 	 1 490,74 	 8 670,00 	 11 110,00 	 2 660,86 	 70,12 	 8 526,33 	 1 395,96 	 30 381,61 	 15 848,64 	 3 219,34 	 699,12 	 1 486,13 	 279,00 	 12 987,83 		 6 995,04 	 181,00 	 57,46 	 4 788,73 	 13 173,63 	 431,09 	 1 329,85 	 9 131,60 	 921,80 		 706,11 
01.04.2013	 9 029,37 	 5 682,27 	 1 064,46 	 1 490,74 	 8 670,00 	 11 110,00 	 2 660,86 	 70,12 	 8 526,33 	 1 395,96 	 30 381,61 	 15 848,64 	 3 219,34 	 699,12 	 1 486,13 	 279,00 	 12 987,83 		 6 995,04 	 181,00 	 57,46 	 4 788,73 	 13 173,63 	 431,09 	 1 329,85 	 9 131,60 	 921,80 		 706,11 
02.04.2013	 9 026,34 	 5 680,78 	 1 064,52 	 1 490,32 	 8 670,00 	 11 110,00 	 2 657,10 	 70,10 	 8 525,07 	 1 396,59 	 30 389,06 	 15 844,30 	 3 217,84 	 698,63 	 1 487,74 	 278,50 	 12 998,06 		 6 987,15 	 180,77 	 57,45 	 4 784,77 	 13 191,40 	 431,86 	 1 330,83 	 9 133,05 	 926,63 		 706,11 
03.04.2013	 9 091,04 	 5 702,85 	 1 066,45 	 1 496,17 	 8 690,00 	 11 170,00 	 2 666,87 	 70,37 	 8 563,69 	 1 401,93 	 30 422,91 	 15 904,10 	 3 230,96 	 698,89 	 1 492,20 	 279,50 	 13 057,77 		 7 021,94 	 181,19 	 57,59 	 4 809,08 	 13 224,01 	 431,81 	 1 340,12 	 9 181,68 	 933,86 		 707,74 
04.04.2013	 9 104,98 	 5 698,38 	 1 066,96 	 1 495,09 	 8 700,00 	 11 140,00 	 2 659,53 	 70,33 	 8 571,01 	 1 403,00 	 30 402,57 	 15 899,12 	 3 228,62 	 701,39 	 1 496,77 	 277,00 	 13 060,88 		 7 026,33 	 181,40 	 57,67 	 4 809,82 	 13 141,35 	 430,78 	 1 338,56 	 9 155,97 	 930,53 		 708,56 
05.04.2013	 9 047,16 	 5 684,01 	 1 066,58 	 1 491,62 	 8 690,00 	 11 150,00 	 2 654,04 	 70,07 	 8 560,73 	 1 401,27 	 30 349,60 	 15 857,66 	 3 219,89 	 698,08 	 1 491,90 	 274,00 	 13 029,53 		 7 000,44 	 181,19 	 57,60 	 4 801,37 	 13 098,44 	 430,35 	 1 324,45 	 9 145,44 	 910,81 		 707,74 
06.04.2013	 9 050,20 	 5 736,00 	 1 066,34 	 1 504,85 	 8 680,00 	 11 200,00 	 2 683,28 	 71,21 	 8 561,42 	 1 399,66 	 30 424,11 	 16 001,47 	 3 248,75 	 697,27 	 1 506,97 	 274,50 	 12 980,85 		 7 009,33 	 180,98 	 57,51 	 4 811,53 	 13 207,92 	 435,23 	 1 336,31 	 9 223,74 	 901,26 		 706,93 
07.04.2013	 9 050,20 	 5 736,00 	 1 066,34 	 1 504,85 	 8 680,00 	 11 200,00 	 2 683,28 	 71,21 	 8 561,42 	 1 399,66 	 30 424,11 	 16 001,47 	 3 248,75 	 697,27 	 1 506,97 	 274,50 	 12 980,85 		 7 009,33 	 180,98 	 57,51 	 4 811,53 	 13 207,92 	 435,23 	 1 336,31 	 9 223,74 	 901,26 		 706,93 
08.04.2013	 9 050,20 	 5 736,00 	 1 066,34 	 1 504,85 	 8 680,00 	 11 200,00 	 2 683,28 	 71,21 	 8 561,42 	 1 399,66 	 30 424,11 	 16 001,47 	 3 248,75 	 697,27 	 1 506,97 	 274,50 	 12 980,85 		 7 009,33 	 180,98 	 57,51 	 4 811,53 	 13 207,92 	 435,23 	 1 336,31 	 9 223,74 	 901,26 		 706,93 
09.04.2013	 8 981,73 	 5 755,54 	 1 062,46 	 1 510,38 	 8 650,00 	 11 250,00 	 2 708,25 	 72,62 	 8 497,05 	 1 394,42 	 30 257,45 	 16 060,16 	 3 260,71 	 697,95 	 1 512,37 	 273,50 	 12 986,24 		 6 968,78 	 180,03 	 57,30 	 4 824,32 	 13 248,77 	 436,08 	 1 346,89 	 9 259,75 	 874,80 		 704,48 
10.04.2013	 9 000,57 	 5 745,33 	 1 059,16 	 1 507,41 	 8 620,00 	 11 220,00 	 2 720,70 	 72,38 	 8 478,41 	 1 389,77 	 30 219,11 	 16 043,18 	 3 253,94 	 695,93 	 1 503,59 	 276,00 	 12 959,57 		 6 952,17 	 179,40 	 57,09 	 4 830,35 	 13 180,41 	 436,01 	 1 346,61 	 9 212,35 	 870,53 		 702,04 
11.04.2013	 9 062,46 	 5 773,49 	 1 058,26 	 1 514,49 	 8 610,00 	 11 280,00 	 2 743,17 	 72,71 	 8 484,01 	 1 390,04 	 30 176,11 	 16 114,54 	 3 271,03 	 696,52 	 1 505,48 	 277,50 	 12 945,22 		 6 958,42 	 179,20 	 57,03 	 4 822,85 	 13 199,56 	 437,80 	 1 353,56 	 9 259,06 	 865,98 		 701,23 
12.04.2013	 9 108,32 	 5 766,66 	 1 059,49 	 1 512,77 	 8 620,00 	 11 280,00 	 2 747,06 	 72,56 	 8 531,27 	 1 391,14 	 30 245,61 	 16 097,11 	 3 266,27 	 700,24 	 1 501,85 	 279,00 	 12 976,98 		 6 967,91 	 179,40 	 57,10 	 4 828,46 	 13 251,53 	 435,32 	 1 353,40 	 9 253,39 	 865,11 		 702,04 
13.04.2013	 9 098,18 	 5 767,75 	 1 060,78 	 1 513,07 	 8 630,00 	 11 280,00 	 2 739,25 	 72,55 	 8 530,62 	 1 393,69 	 30 280,70 	 16 099,24 	 3 267,76 	 702,20 	 1 510,13 	 279,00 	 13 009,98 		 6 971,77 	 179,61 	 57,19 	 4 820,56 	 13 260,43 	 436,44 	 1 358,27 	 9 262,14 	 868,60 		 702,86 
14.04.2013	 9 098,18 	 5 767,75 	 1 060,78 	 1 513,07 	 8 630,00 	 11 280,00 	 2 739,25 	 72,55 	 8 530,62 	 1 393,69 	 30 280,70 	 16 099,24 	 3 267,76 	 702,20 	 1 510,13 	 279,00 	 13 009,98 		 6 971,77 	 179,61 	 57,19 	 4 820,56 	 13 260,43 	 436,44 	 1 358,27 	 9 262,14 	 868,60 		 702,86 
15.04.2013	 9 098,18 	 5 767,75 	 1 060,78 	 1 513,07 	 8 630,00 	 11 280,00 	 2 739,25 	 72,55 	 8 530,62 	 1 393,69 	 30 280,70 	 16 099,24 	 3 267,76 	 702,20 	 1 510,13 	 279,00 	 13 009,98 		 6 971,77 	 179,61 	 57,19 	 4 820,56 	 13 260,43 	 436,44 	 1 358,27 	 9 262,14 	 868,60 		 702,86 
16.04.2013	 9 017,63 	 5 777,84 	 1 062,98 	 1 515,50 	 8 650,00 	 11 320,00 	 2 748,91 	 72,78 	 8 469,18 	 1 398,09 	 30 342,36 	 16 130,54 	 3 273,35 	 702,15 	 1 506,10 	 276,50 	 13 020,85 		 6 991,03 	 179,34 	 57,28 	 4 825,66 	 13 252,23 	 435,91 	 1 353,18 	 9 300,58 	 881,84 		 704,48 
17.04.2013	 8 948,86 	 5 769,94 	 1 062,39 	 1 513,63 	 8 650,00 	 11 310,00 	 2 741,51 	 73,23 	 8 440,26 	 1 398,97 	 30 358,33 	 16 109,51 	 3 269,09 	 702,15 	 1 498,95 	 275,00 	 13 037,45 		 6 991,88 	 179,34 	 57,25 	 4 818,14 	 13 216,77 	 436,03 	 1 348,39 	 9 287,59 	 886,27 		 704,48 
18.04.2013	 8 944,56 	 5 820,27 	 1 060,20 	 1 526,50 	 8 630,00 	 11 370,00 	 2 769,04 	 73,68 	 8 424,44 	 1 398,09 	 30 328,59 	 16 252,35 	 3 297,54 	 702,77 	 1 507,53 	 276,50 	 13 013,00 		 6 997,49 	 178,92 	 57,18 	 4 823,65 	 13 203,90 	 440,62 	 1 345,80 	 9 365,17 	 878,60 		 702,86 
19.04.2013	 8 942,75 	 5 777,76 	 1 063,56 	 1 515,81 	 8 660,00 	 11 300,00 	 2 746,42 	 73,31 	 8 444,25 	 1 401,00 	 30 389,16 	 16 135,64 	 3 272,80 	 705,21 	 1 494,53 	 273,00 	 13 063,96 		 7 010,16 	 179,55 	 57,32 	 4 822,50 	 13 183,12 	 436,61 	 1 330,98 	 9 295,34 	 881,96 		 705,30 
20.04.2013	 8 948,88 	 5 784,29 	 1 060,97 	 1 517,07 	 8 640,00 	 11 290,00 	 2 753,70 	 74,05 	 8 439,97 	 1 398,60 	 30 342,41 	 16 154,06 	 3 276,02 	 702,75 	 1 487,60 	 274,50 	 13 000,61 		 6 995,10 	 179,13 	 57,17 	 4 808,55 	 13 272,34 	 437,82 	 1 325,28 	 9 286,83 	 872,24 		 703,67 
21.04.2013	 8 948,88 	 5 784,29 	 1 060,97 	 1 517,07 	 8 640,00 	 11 290,00 	 2 753,70 	 74,05 	 8 439,97 	 1 398,60 	 30 342,41 	 16 154,06 	 3 276,02 	 702,75 	 1 487,60 	 274,50 	 13 000,61 		 6 995,10 	 179,13 	 57,17 	 4 808,55 	 13 272,34 	 437,82 	 1 325,28 	 9 286,83 	 872,24 		 703,67 
22.04.2013	 8 948,88 	 5 784,29 	 1 060,97 	 1 517,07 	 8 640,00 	 11 290,00 	 2 753,70 	 74,05 	 8 439,97 	 1 398,60 	 30 342,41 	 16 154,06 	 3 276,02 	 702,75 	 1 487,60 	 274,50 	 13 000,61 		 6 995,10 	 179,13 	 57,17 	 4 808,55 	 13 272,34 	 437,82 	 1 325,28 	 9 286,83 	 872,24 		 703,67 
23.04.2013	 8 841,96 	 5 746,48 	 1 058,51 	 1 507,51 	 8 620,00 	 11 260,00 	 2 740,68 	 73,60 	 8 397,88 	 1 394,24 	 30 225,46 	 16 047,66 	 3 254,92 	 702,20 	 1 478,60 	 273,00 	 12 981,63 		 6 948,81 	 177,91 	 57,02 	 4 775,62 	 13 131,28 	 434,36 	 1 321,22 	 9 223,69 	 864,38 		 702,04 
24.04.2013	 8 819,12 	 5 721,49 	 1 058,77 	 1 501,14 	 8 620,00 	 11 230,00 	 2 711,37 	 73,40 	 8 381,95 	 1 394,99 	 30 207,46 	 15 982,20 	 3 240,78 	 700,60 	 1 459,04 	 272,50 	 12 947,07 		 6 948,53 	 177,91 	 57,05 	 4 767,70 	 13 117,49 	 430,74 	 1 303,28 	 9 173,14 	 873,80 		 702,04 
25.04.2013	 8 900,42 	 5 756,31 	 1 063,96 	 1 510,26 	 8 650,00 	 11 230,00 	 2 719,01 	 73,85 	 8 433,27 	 1 399,99 	 30 328,53 	 16 075,08 	 3 262,49 	 702,88 	 1 466,18 	 274,00 	 12 984,43 		 6 974,12 	 178,53 	 57,26 	 4 796,76 	 13 215,90 	 434,12 	 1 308,05 	 9 158,77 	 868,69 		 704,48 
26.04.2013	 8 849,82 	 5 741,40 	 1 062,46 	 1 506,37 	 8 650,00 	 11 280,00 	 2 720,81 	 73,66 	 8 411,12 	 1 399,85 	 30 312,59 	 16 037,82 	 3 252,06 	 703,04 	 1 464,12 	 276,00 	 12 992,13 		 6 972,71 	 178,53 	 57,25 	 4 784,29 	 13 163,14 	 432,24 	 1 307,81 	 9 205,07 	 876,84 		 704,48 
27.04.2013	 8 904,64 	 5 765,07 	 1 063,36 	 1 512,15 	 8 660,00 	 11 280,00 	 2 712,23 	 73,98 	 8 491,86 	 1 404,70 	 30 384,90 	 16 110,13 	 3 266,20 	 703,49 	 1 477,07 	 277,50 	 13 045,42 		 6 996,00 	 178,73 	 57,29 	 4 804,17 	 13 364,98 	 437,40 	 1 314,57 	 9 173,24 	 877,27 		 705,30 
28.04.2013	 8 904,64 	 5 765,07 	 1 063,36 	 1 512,15 	 8 660,00 	 11 280,00 	 2 712,23 	 73,98 	 8 491,86 	 1 404,70 	 30 384,90 	 16 110,13 	 3 266,20 	 703,49 	 1 477,07 	 277,50 	 13 045,42 		 6 996,00 	 178,73 	 57,29 	 4 804,17 	 13 364,98 	 437,40 	 1 314,57 	 9 173,24 	 877,27 		 705,30 
29.04.2013	 8 904,64 	 5 765,07 	 1 063,36 	 1 512,15 	 8 660,00 	 11 280,00 	 2 712,23 	 73,98 	 8 491,86 	 1 404,70 	 30 384,90 	 16 110,13 	 3 266,20 	 703,49 	 1 477,07 	 277,50 	 13 045,42 		 6 996,00 	 178,73 	 57,29 	 4 804,17 	 13 364,98 	 437,40 	 1 314,57 	 9 173,24 	 877,27 		 705,30 
30.04.2013	 8 936,75 	 5 786,34 	 1 062,65 	 1 517,77 	 8 650,00 	 11 320,00 	 2 728,06 	 73,90 	 8 531,83 	 1 403,08 	 30 401,01 	 16 162,18 	 3 277,76 	 702,11 	 1 485,16 	 276,50 	 13 011,76 		 7 005,75 	 179,32 	 57,17 	 4 808,23 	 13 429,99 	 439,54 	 1 323,16 	 9 205,07 	 885,23 		 704,48 
01.05.2013	 8 979,09 	 5 796,23 	 1 068,39 	 1 520,23 	 8 670,00 	 11 330,00 	 2 736,57 	 74,15 	 8 572,28 	 1 406,33 	 30 465,95 	 16 198,04 	 3 283,90 	 706,03 	 1 486,22 	 279,50 	 13 085,11 		 7 027,36 	 179,74 	 57,34 	 4 827,53 	 13 435,03 	 439,92 	 1 324,27 	 9 252,93 	 887,64 		 706,11 
02.05.2013	 8 979,09 	 5 796,23 	 1 068,39 	 1 520,23 	 8 670,00 	 11 330,00 	 2 736,57 	 74,15 	 8 572,28 	 1 406,33 	 30 465,95 	 16 198,04 	 3 283,90 	 706,03 	 1 486,22 	 279,50 	 13 085,11 		 7 027,36 	 179,74 	 57,34 	 4 827,53 	 13 435,03 	 439,92 	 1 324,27 	 9 252,93 	 887,64 		 706,11 
03.05.2013	 8 856,15 	 5 832,04 	 1 069,14 	 1 529,87 	 8 660,00 	 11 390,00 	 2 746,85 	 74,55 	 8 587,44 	 1 406,85 	 30 461,32 	 16 291,98 	 3 303,26 	 706,65 	 1 503,49 	 276,00 	 13 067,94 		 7 020,39 	 179,53 	 57,25 	 4 828,82 	 13 477,13 	 444,36 	 1 334,13 	 9 332,40 	 890,35 		 704,04 
04.05.2013	 8 897,43 	 5 823,55 	 1 071,60 	 1 528,03 	 8 680,00 	 11 360,00 	 2 752,50 	 74,84 	 8 578,35 	 1 409,96 	 30 513,42 	 16 263,82 	 3 298,69 	 708,86 	 1 498,46 	 278,50 	 13 142,56 		 7 038,88 	 179,95 	 57,47 	 4 836,06 	 13 496,10 	 444,32 	 1 334,30 	 9 307,81 	 884,23 		 701,22 
05.05.2013	 8 897,43 	 5 823,55 	 1 071,60 	 1 528,03 	 8 680,00 	 11 360,00 	 2 752,50 	 74,84 	 8 578,35 	 1 409,96 	 30 513,42 	 16 263,82 	 3 298,69 	 708,86 	 1 498,46 	 278,50 	 13 142,56 		 7 038,88 	 179,95 	 57,47 	 4 836,06 	 13 496,10 	 444,32 	 1 334,30 	 9 307,81 	 884,23 		 701,22 
06.05.2013	 8 897,43 	 5 823,55 	 1 071,60 	 1 528,03 	 8 680,00 	 11 360,00 	 2 752,50 	 74,84 	 8 578,35 	 1 409,96 	 30 513,42 	 16 263,82 	 3 298,69 	 708,86 	 1 498,46 	 278,50 	 13 142,56 		 7 038,88 	 179,95 	 57,47 	 4 836,06 	 13 496,10 	 444,32 	 1 334,30 	 9 307,81 	 884,23 		 701,22 
07.05.2013	 8 888,92 	 5 811,97 	 1 070,37 	 1 524,62 	 8 670,00 	 11 360,00 	 2 739,29 	 74,69 	 8 597,78 	 1 405,94 	 30 482,02 	 16 235,96 	 3 291,82 	 710,07 	 1 491,23 	 279,00 	 13 099,85 		 7 035,62 	 180,12 	 57,42 	 4 827,39 	 13 491,82 	 443,35 	 1 329,69 	 9 246,03 	 872,45 		 706,11 
08.05.2013	 8 850,33 	 5 814,07 	 1 067,90 	 1 525,79 	 8 690,00 	 11 370,00 	 2 736,32 	 74,80 	 8 631,74 	 1 412,07 	 30 533,01 	 16 242,99 	 3 293,79 	 709,75 	 1 489,26 	 279,50 	 13 095,83 		 7 054,72 	 180,54 	 57,55 	 4 825,90 	 13 507,30 	 441,52 	 1 333,95 	 9 250,59 	 876,76 		 707,74 
09.05.2013	 8 827,57 	 5 807,79 	 1 067,82 	 1 524,82 	 8 660,00 	 11 350,00 	 2 739,64 	 74,07 	 8 620,78 	 1 410,17 	 30 412,64 	 16 232,43 	 3 290,40 	 708,67 	 1 483,31 	 278,50 	 13 070,54 		 7 043,51 	 179,91 	 57,34 	 4 821,56 	 13 412,18 	 438,59 	 1 328,01 	 9 226,02 	 875,81 		 705,30 
10.05.2013	 8 827,57 	 5 807,79 	 1 067,82 	 1 524,82 	 8 660,00 	 11 350,00 	 2 739,64 	 74,07 	 8 620,78 	 1 410,17 	 30 412,64 	 16 232,43 	 3 290,40 	 708,67 	 1 483,31 	 278,50 	 13 070,54 		 7 043,51 	 179,91 	 57,34 	 4 821,56 	 13 412,18 	 438,59 	 1 328,01 	 9 226,02 	 875,81 		 705,30 
11.05.2013	 8 827,57 	 5 807,79 	 1 067,82 	 1 524,82 	 8 660,00 	 11 350,00 	 2 739,64 	 74,07 	 8 620,78 	 1 410,17 	 30 412,64 	 16 232,43 	 3 290,40 	 708,67 	 1 483,31 	 278,50 	 13 070,54 		 7 043,51 	 179,91 	 57,34 	 4 821,56 	 13 412,18 	 438,59 	 1 328,01 	 9 226,02 	 875,81 		 705,30 
12.05.2013	 8 827,57 	 5 807,79 	 1 067,82 	 1 524,82 	 8 660,00 	 11 350,00 	 2 739,64 	 74,07 	 8 620,78 	 1 410,17 	 30 412,64 	 16 232,43 	 3 290,40 	 708,67 	 1 483,31 	 278,50 	 13 070,54 		 7 043,51 	 179,91 	 57,34 	 4 821,56 	 13 412,18 	 438,59 	 1 328,01 	 9 226,02 	 875,81 		 705,30 
13.05.2013	 8 827,57 	 5 807,79 	 1 067,82 	 1 524,82 	 8 660,00 	 11 350,00 	 2 739,64 	 74,07 	 8 620,78 	 1 410,17 	 30 412,64 	 16 232,43 	 3 290,40 	 708,67 	 1 483,31 	 278,50 	 13 070,54 		 7 043,51 	 179,91 	 57,34 	 4 821,56 	 13 412,18 	 438,59 	 1 328,01 	 9 226,02 	 875,81 		 705,30 
14.05.2013	 8 647,01 	 5 742,90 	 1 066,24 	 1 507,02 	 8 660,00 	 11 230,00 	 2 702,70 	 71,95 	 8 567,05 	 1 408,98 	 30 322,13 	 16 047,44 	 3 253,01 	 709,84 	 1 487,84 	 276,00 	 13 092,01 		 6 980,49 	 179,93 	 57,31 	 4 796,59 	 13 311,72 	 435,06 	 1 309,68 	 9 032,59 	 851,15 		 704,55 
15.05.2013	 8 647,01 	 5 742,90 	 1 066,24 	 1 507,02 	 8 660,00 	 11 230,00 	 2 702,70 	 71,95 	 8 567,05 	 1 408,98 	 30 322,13 	 16 047,44 	 3 253,01 	 709,84 	 1 487,84 	 276,00 	 13 092,01 		 6 980,49 	 179,93 	 57,31 	 4 796,59 	 13 311,72 	 435,06 	 1 309,68 	 9 032,59 	 851,15 		 704,55 
16.05.2013	 8 533,66 	 5 706,18 	 1 062,00 	 1 497,29 	 8 650,00 	 11 150,00 	 2 674,75 	 70,18 	 8 478,31 	 1 407,40 	 30 223,62 	 15 956,47 	 3 232,26 	 704,97 	 1 479,11 	 275,00 	 12 948,18 		 6 944,72 	 179,73 	 57,21 	 4 754,71 	 13 178,27 	 429,58 	 1 295,28 	 8 917,07 	 844,44 		 702,60 
17.05.2013	 8 512,91 	 5 707,90 	 1 066,01 	 1 497,83 	 8 680,00 	 11 160,00 	 2 668,51 	 70,48 	 8 518,57 	 1 411,61 	 30 326,85 	 15 961,75 	 3 233,02 	 702,83 	 1 478,98 	 276,50 	 12 936,24 		 6 929,31 	 180,35 	 57,42 	 4 760,86 	 13 199,24 	 429,72 	 1 298,99 	 8 963,70 	 846,95 		 708,05 
18.05.2013	 8 441,11 	 5 703,57 	 1 065,11 	 1 496,89 	 8 670,00 	 11 150,00 	 2 666,95 	 70,29 	 8 456,47 	 1 411,78 	 30 291,91 	 15 949,23 	 3 230,86 	 702,02 	 1 482,80 	 276,00 	 12 925,93 		 6 899,57 	 180,14 	 57,42 	 4 720,55 	 13 210,91 	 428,71 	 1 298,86 	 8 972,83 	 845,40 		 707,24 
19.05.2013	 8 441,11 	 5 703,57 	 1 065,11 	 1 496,89 	 8 670,00 	 11 150,00 	 2 666,95 	 70,29 	 8 456,47 	 1 411,78 	 30 291,91 	 15 949,23 	 3 230,86 	 702,02 	 1 482,80 	 276,00 	 12 925,93 		 6 899,57 	 180,14 	 57,42 	 4 720,55 	 13 210,91 	 428,71 	 1 298,86 	 8 972,83 	 845,40 		 707,24 
20.05.2013	 8 441,11 	 5 703,57 	 1 065,11 	 1 496,89 	 8 670,00 	 11 150,00 	 2 666,95 	 70,29 	 8 456,47 	 1 411,78 	 30 291,91 	 15 949,23 	 3 230,86 	 702,02 	 1 482,80 	 276,00 	 12 925,93 		 6 899,57 	 180,14 	 57,42 	 4 720,55 	 13 210,91 	 428,71 	 1 298,86 	 8 972,83 	 845,40 		 707,24 
21.05.2013	 8 460,13 	 5 692,85 	 1 060,31 	 1 493,85 	 8 650,00 	 11 120,00 	 2 671,07 	 70,29 	 8 414,81 	 1 409,05 	 30 200,40 	 15 913,90 	 3 224,18 	 696,32 	 1 480,89 	 276,00 	 12 900,61 		 6 896,55 	 179,15 	 57,28 	 4 690,89 	 13 147,57 	 426,63 	 1 296,60 	 8 935,03 	 843,37 		 704,48 
22.05.2013	 8 499,02 	 5 708,65 	 1 065,29 	 1 498,30 	 8 680,00 	 11 190,00 	 2 671,06 	 70,45 	 8 451,39 	 1 414,69 	 30 303,03 	 15 954,42 	 3 233,92 	 692,46 	 1 484,64 	 278,50 	 12 939,71 		 6 900,94 	 179,77 	 57,52 	 4 689,36 	 13 184,49 	 426,81 	 1 303,68 	 8 962,78 	 844,60 		 706,93 
23.05.2013	 8 473,18 	 5 744,88 	 1 066,78 	 1 507,40 	 8 690,00 	 11 230,00 	 2 689,24 	 70,84 	 8 446,73 	 1 417,36 	 30 347,48 	 16 046,53 	 3 253,71 	 694,09 	 1 502,73 	 278,50 	 12 949,84 		 6 892,45 	 179,98 	 57,62 	 4 715,14 	 13 113,64 	 431,97 	 1 314,49 	 8 951,84 	 844,35 		 707,74 
24.05.2013	 8 374,90 	 5 717,86 	 1 065,68 	 1 500,10 	 8 680,00 	 11 170,00 	 2 665,36 	 70,30 	 8 378,78 	 1 415,06 	 30 297,74 	 15 964,69 	 3 238,20 	 692,74 	 1 485,23 	 276,00 	 12 951,08 		 6 860,03 	 179,77 	 57,56 	 4 685,56 	 13 079,46 	 428,22 	 1 301,68 	 8 985,97 	 858,73 		 706,93 
25.05.2013	 8 401,81 	 5 763,80 	 1 063,40 	 1 512,47 	 8 680,00 	 11 230,00 	 2 682,32 	 70,37 	 8 395,40 	 1 415,62 	 30 280,83 	 16 097,92 	 3 265,37 	 692,74 	 1 495,34 	 277,00 	 12 946,91 		 6 865,46 	 179,77 	 57,60 	 4 710,99 	 13 120,69 	 433,31 	 1 309,04 	 9 004,15 	 852,74 		 706,93 
26.05.2013	 8 401,81 	 5 763,80 	 1 063,40 	 1 512,47 	 8 680,00 	 11 230,00 	 2 682,32 	 70,37 	 8 395,40 	 1 415,62 	 30 280,83 	 16 097,92 	 3 265,37 	 692,74 	 1 495,34 	 277,00 	 12 946,91 		 6 865,46 	 179,77 	 57,60 	 4 710,99 	 13 120,69 	 433,31 	 1 309,04 	 9 004,15 	 852,74 		 706,93 
27.05.2013	 8 401,81 	 5 763,80 	 1 063,40 	 1 512,47 	 8 680,00 	 11 230,00 	 2 682,32 	 70,37 	 8 395,40 	 1 415,62 	 30 280,83 	 16 097,92 	 3 265,37 	 692,74 	 1 495,34 	 277,00 	 12 946,91 		 6 865,46 	 179,77 	 57,60 	 4 710,99 	 13 120,69 	 433,31 	 1 309,04 	 9 004,15 	 852,74 		 706,93 
28.05.2013	 8 378,37 	 5 743,40 	 1 065,55 	 1 507,25 	 8 680,00 	 11 230,00 	 2 676,82 	 70,10 	 8 407,19 	 1 418,05 	 30 342,22 	 16 022,15 	 3 253,43 	 694,40 	 1 490,72 	 277,50 	 12 978,08 		 6 894,09 	 179,84 	 57,55 	 4 702,44 	 13 146,29 	 432,38 	 1 307,71 	 9 028,03 	 860,64 		 705,49 
29.05.2013	 8 405,07 	 5 741,63 	 1 069,19 	 1 506,64 	 8 700,00 	 11 230,00 	 2 680,18 	 69,98 	 8 402,14 	 1 421,15 	 30 391,95 	 16 007,36 	 3 252,15 	 695,55 	 1 488,49 	 277,50 	 13 007,98 		 6 873,12 	 180,26 	 57,68 	 4 703,59 	 13 123,51 	 432,80 	 1 307,70 	 8 976,94 	 852,27 		 708,04 
30.05.2013	 8 338,52 	 5 732,17 	 1 067,94 	 1 504,16 	 8 700,00 	 11 200,00 	 2 651,19 	 70,18 	 8 373,03 	 1 419,97 	 30 370,73 	 15 980,90 	 3 246,94 	 693,07 	 1 475,35 	 276,00 	 12 991,36 		 6 853,63 	 180,26 	 57,60 	 4 667,63 	 13 108,72 	 432,47 	 1 303,08 	 8 957,53 	 856,00 		 704,60 
31.05.2013	 8 385,31 	 5 755,40 	 1 065,55 	 1 510,00 	 8 680,00 	 11 250,00 	 2 650,22 	 70,59 	 8 384,45 	 1 415,64 	 30 348,59 	 16 042,88 	 3 260,28 	 691,75 	 1 475,91 	 275,00 	 12 966,70 		 6 870,35 	 179,84 	 57,36 	 4 660,15 	 13 169,73 	 435,97 	 1 311,22 	 9 051,57 	 862,27 		 707,42 
01.06.2013	 8 346,31 	 5 784,66 	 1 066,72 	 1 517,88 	 8 690,00 	 11 310,00 	 2 643,27 	 70,83 	 8 407,10 	 1 416,58 	 30 400,56 	 16 129,93 	 3 276,96 	 695,06 	 1 482,99 	 273,50 		 13 006,93 	 6 883,71 	 180,05 	 57,43 	 4 616,69 	 13 219,66 	 439,70 	 1 314,47 	 9 118,09 		 865,24 	 711,10 
02.06.2013	 8 346,31 	 5 784,66 	 1 066,72 	 1 517,88 	 8 690,00 	 11 310,00 	 2 643,27 	 70,83 	 8 407,10 	 1 416,58 	 30 400,56 	 16 129,93 	 3 276,96 	 695,06 	 1 482,99 	 273,50 		 13 006,93 	 6 883,71 	 180,05 	 57,43 	 4 616,69 	 13 219,66 	 439,70 	 1 314,47 	 9 118,09 		 865,24 	 711,10 
03.06.2013	 8 346,31 	 5 784,66 	 1 066,72 	 1 517,88 	 8 690,00 	 11 310,00 	 2 643,27 	 70,83 	 8 407,10 	 1 416,58 	 30 400,56 	 16 129,93 	 3 276,96 	 695,06 	 1 482,99 	 273,50 		 13 006,93 	 6 883,71 	 180,05 	 57,43 	 4 616,69 	 13 219,66 	 439,70 	 1 314,47 	 9 118,09 		 865,24 	 711,10 
04.06.2013	 8 371,08 	 5 783,69 	 1 065,51 	 1 517,51 	 8 690,00 	 11 310,00 	 2 642,70 	 71,01 	 8 386,82 	 1 417,23 	 30 411,20 	 16 131,43 	 3 276,53 	 696,31 	 1 487,44 	 271,00 		 13 024,31 	 6 906,14 	 180,03 	 57,40 	 4 588,17 	 13 263,98 	 439,64 	 1 317,91 	 9 080,46 		 867,31 	 707,74 
05.06.2013	 8 416,81 	 5 819,40 	 1 066,76 	 1 526,89 	 8 700,00 	 11 380,00 	 2 676,84 	 71,29 	 8 431,87 	 1 419,57 	 30 483,00 	 16 228,32 	 3 295,83 	 697,67 	 1 497,41 	 273,50 		 13 053,04 	 6 945,00 	 180,24 	 57,48 	 4 627,66 	 13 321,44 	 441,14 	 1 327,88 	 9 170,93 		 867,79 	 708,56 
06.06.2013	 8 348,09 	 5 823,43 	 1 069,28 	 1 527,95 	 8 720,00 	 11 400,00 	 2 689,74 	 71,27 	 8 428,79 	 1 423,02 	 30 563,78 	 16 229,29 	 3 298,53 	 699,84 	 1 499,47 	 272,50 		 13 117,32 	 6 983,26 	 180,65 	 57,62 	 4 643,24 	 13 390,00 	 441,55 	 1 325,06 	 9 192,98 		 872,65 	 710,18 
07.06.2013	 8 269,71 	 5 845,83 	 1 068,38 	 1 533,61 	 8 710,00 	 11 430,00 	 2 672,72 	 71,65 	 8 435,02 	 1 419,45 	 30 534,62 	 16 281,90 	 3 311,16 	 697,44 	 1 502,22 	 271,00 		 13 104,63 	 6 982,80 	 180,44 	 57,59 	 4 616,89 	 13 458,26 	 443,54 	 1 326,64 	 9 257,59 		 878,82 	 709,37 
08.06.2013	 8 240,29 	 5 882,35 	 1 067,90 	 1 543,26 	 8 690,00 	 11 510,00 	 2 672,65 	 72,08 	 8 457,83 	 1 416,81 	 30 491,23 	 16 393,13 	 3 331,93 	 696,87 	 1 510,65 	 269,50 		 13 106,87 	 6 977,40 	 180,03 	 57,40 	 4 597,76 	 13 539,02 	 448,35 	 1 329,25 	 9 352,13 		 899,21 	 707,74 
09.06.2013	 8 240,29 	 5 882,35 	 1 067,90 	 1 543,26 	 8 690,00 	 11 510,00 	 2 672,65 	 72,08 	 8 457,83 	 1 416,81 	 30 491,23 	 16 393,13 	 3 331,93 	 696,87 	 1 510,65 	 269,50 		 13 106,87 	 6 977,40 	 180,03 	 57,40 	 4 597,76 	 13 539,02 	 448,35 	 1 329,25 	 9 352,13 		 899,21 	 707,74 
10.06.2013	 8 240,29 	 5 882,35 	 1 067,90 	 1 543,26 	 8 690,00 	 11 510,00 	 2 672,65 	 72,08 	 8 457,83 	 1 416,81 	 30 491,23 	 16 393,13 	 3 331,93 	 696,87 	 1 510,65 	 269,50 		 13 106,87 	 6 977,40 	 180,03 	 57,40 	 4 597,76 	 13 539,02 	 448,35 	 1 329,25 	 9 352,13 		 899,21 	 707,74 
11.06.2013	 8 173,21 	 5 858,31 	 1 064,78 	 1 536,91 	 8 670,00 	 11 440,00 	 2 692,71 	 71,74 	 8 509,59 	 1 413,62 	 30 440,81 	 16 329,22 	 3 318,72 	 696,39 	 1 504,84 	 268,00 		 13 177,88 	 6 897,92 	 178,10 	 57,25 	 4 583,06 	 13 455,41 	 448,95 	 1 316,20 	 9 252,44 		 878,46 	 703,82 
12.06.2013	 8 144,51 	 5 906,92 	 1 068,47 	 1 549,30 	 8 700,00 	 11 540,00 	 2 704,51 	 72,16 	 8 501,49 	 1 418,44 	 30 606,86 	 16 460,13 	 3 345,96 	 700,64 	 1 508,91 	 268,50 		 13 173,80 	 6 907,78 	 178,71 	 57,42 	 4 594,06 	 13 532,41 	 451,08 	 1 322,16 	 9 340,28 		 889,43 	 710,61 
13.06.2013	 8 312,34 	 5 927,34 	 1 070,92 	 1 554,55 	 8 720,00 	 11 620,00 	 2 724,74 	 72,29 	 8 572,13 	 1 421,70 	 30 704,23 	 16 516,72 	 3 357,53 	 703,16 	 1 510,78 	 270,00 		 13 240,97 	 6 958,19 	 179,12 	 57,53 	 4 636,20 	 13 671,65 	 452,98 	 1 332,22 	 9 413,29 		 901,99 	 712,54 
14.06.2013	 8 282,59 	 5 957,62 	 1 071,49 	 1 562,16 	 8 730,00 	 11 660,00 	 2 729,96 	 72,59 	 8 574,38 	 1 422,99 	 30 811,58 	 16 601,69 	 3 374,63 	 704,60 	 1 510,24 	 270,00 		 13 276,41 	 6 962,83 	 179,33 	 57,62 	 4 664,33 	 13 675,98 	 455,07 	 1 338,00 	 9 493,77 		 926,21 	 714,11 
15.06.2013	 8 345,88 	 5 920,63 	 1 066,16 	 1 552,63 	 8 690,00 	 11 590,00 	 2 745,27 	 72,19 	 8 546,00 	 1 417,41 	 30 671,49 	 16 498,96 	 3 353,72 	 701,37 	 1 512,58 	 273,00 		 13 260,68 	 6 935,91 	 178,51 	 57,44 	 4 679,09 	 13 577,69 	 451,34 	 1 341,96 	 9 399,17 		 914,40 	 709,68 
16.06.2013	 8 345,88 	 5 920,63 	 1 066,16 	 1 552,63 	 8 690,00 	 11 590,00 	 2 745,27 	 72,19 	 8 546,00 	 1 417,41 	 30 671,49 	 16 498,96 	 3 353,72 	 701,37 	 1 512,58 	 273,00 		 13 260,68 	 6 935,91 	 178,51 	 57,44 	 4 679,09 	 13 577,69 	 451,34 	 1 341,96 	 9 399,17 		 914,40 	 709,68 
17.06.2013	 8 345,88 	 5 920,63 	 1 066,16 	 1 552,63 	 8 690,00 	 11 590,00 	 2 745,27 	 72,19 	 8 546,00 	 1 417,41 	 30 671,49 	 16 498,96 	 3 353,72 	 701,37 	 1 512,58 	 273,00 		 13 260,68 	 6 935,91 	 178,51 	 57,44 	 4 679,09 	 13 577,69 	 451,34 	 1 341,96 	 9 399,17 		 914,40 	 709,68 
18.06.2013	 8 332,30 	 5 912,04 	 1 062,89 	 1 550,39 	 8 670,00 	 11 550,00 	 2 733,59 	 72,09 	 8 538,93 	 1 415,51 	 30 600,90 	 16 479,76 	 3 348,98 	 702,02 	 1 516,17 	 273,50 		 13 216,72 	 6 914,43 	 179,00 	 57,26 	 4 646,55 	 13 623,60 	 449,15 	 1 344,87 	 9 391,76 		 913,83 	 706,11 
19.06.2013	 8 213,52 	 5 935,31 	 1 063,05 	 1 556,40 	 8 670,00 	 11 580,00 	 2 738,00 	 72,37 	 8 505,00 	 1 414,70 	 30 614,41 	 16 539,49 	 3 362,16 	 700,89 	 1 512,27 	 272,00 		 13 232,24 	 6 884,50 	 179,00 	 57,29 	 4 630,67 	 13 605,83 	 452,54 	 1 341,19 	 9 422,38 		 911,24 	 706,11 
20.06.2013	 8 291,41 	 5 970,56 	 1 068,63 	 1 565,32 	 8 720,00 	 11 680,00 	 2 743,86 	 72,78 	 8 539,39 	 1 423,23 	 30 790,96 	 16 638,05 	 3 382,14 	 704,93 	 1 520,00 	 271,50 		 13 309,07 	 6 934,12 	 180,04 	 57,65 	 4 630,91 	 13 626,31 	 455,27 	 1 359,88 	 9 471,57 		 917,85 	 710,18 
21.06.2013	 8 038,62 	 5 904,41 	 1 070,36 	 1 547,97 	 8 740,00 	 11 580,00 	 2 667,68 	 71,83 	 8 457,93 	 1 426,19 	 30 758,40 	 16 462,61 	 3 344,37 	 704,81 	 1 480,00 	 267,00 		 13 347,90 	 6 853,02 	 180,45 	 57,70 	 4 555,64 	 13 515,97 	 449,47 	 1 343,14 	 9 356,60 		 891,06 	 711,81 
22.06.2013	 8 068,33 	 5 908,80 	 1 072,92 	 1 549,34 	 8 740,00 	 11 550,00 	 2 672,70 	 71,47 	 8 417,20 	 1 424,98 	 30 861,58 	 16 473,47 	 3 347,18 	 703,17 	 1 461,55 	 267,00 		 13 226,77 	 6 863,78 	 180,45 	 57,65 	 4 523,22 	 13 529,08 	 447,39 	 1 325,99 	 9 419,63 		 893,93 	 711,81 
23.06.2013	 8 068,33 	 5 908,80 	 1 072,92 	 1 549,34 	 8 740,00 	 11 550,00 	 2 672,70 	 71,47 	 8 417,20 	 1 424,98 	 30 861,58 	 16 473,47 	 3 347,18 	 703,17 	 1 461,55 	 267,00 		 13 226,77 	 6 863,78 	 180,45 	 57,65 	 4 523,22 	 13 529,08 	 447,39 	 1 325,99 	 9 419,63 		 893,93 	 711,81 
24.06.2013	 8 068,33 	 5 908,80 	 1 072,92 	 1 549,34 	 8 740,00 	 11 550,00 	 2 672,70 	 71,47 	 8 417,20 	 1 424,98 	 30 861,58 	 16 473,47 	 3 347,18 	 703,17 	 1 461,55 	 267,00 		 13 226,77 	 6 863,78 	 180,45 	 57,65 	 4 523,22 	 13 529,08 	 447,39 	 1 325,99 	 9 419,63 		 893,93 	 711,81 
