Официальный курс белорусского рубля по отношению к иностранным валютам, устанавливаемый Национальным банком																										
Республики Беларусь ежедневно, за период с 01.01.2003 по 31.12.2003																										
																										
Дата	1 австралийский доллар (AUD)	1 болгарский лев (BGN)	1 датская крона (DKK)	1 доллар США (USD)	1 евро (EUR)	1 исландская крона (ISK)	1 казахский тенге (KZT)	1 канадский доллар (CAD)	1 кувейтский динар (KWD)	1 кыргызский сом (KGS)	1 латвийский лат (LVL)	1 литовский лит (LTL)	1 молдавский лей (MDL)	1 норвежская крона (NOK)	1 польский злотый (PLN)	1 российский рубль (RUB)	1 СДР (XDR)	1 сингапурский доллар (SGD)	1 украинская гривна (UAH)	1 фунт стерлингов (GBP)	1 чешская крона (CZK)	1 шведская крона (SEK)	1 швейцарский франк (CHF)	1 эстонская крона (EEK)	10 иен (JPY)	10000 турецких лир (TRL)
01.01.2003	 1 084,13 		 268,41 	 1 920,00 	 1 993,63 	 23,46 	 12,33 	 1 230,69 	 6 392,12 	 41,56 	 3 271,15 	 577,50 	 138,13 	 273,41 		 60,41 	 2 585,53 	 1 103,51 	 359,85 	 3 074,98 	 63,60 	 218,14 	 1 370,69 	 127,40 	 159,95 	 11,51 
02.01.2003	 3,41 		 268,41 	 1 920,00 	 1 993,63 	 23,46 	 12,33 	 1 230,69 	 6 392,12 	 41,56 	 3 271,15 	 577,50 	 138,13 	 273,41 		 60,41 	 2 585,53 	 1 103,51 	 359,85 	 3 074,98 	 63,60 	 218,14 	 1 370,69 	 127,40 	 159,95 	 11,51 
03.01.2003	 2,07 		 268,41 	 1 920,00 	 1 993,63 	 23,46 	 12,33 	 1 230,69 	 6 392,12 	 41,56 	 3 271,15 	 577,50 	 138,13 	 273,41 		 60,41 	 2 585,53 	 1 103,51 	 359,85 	 3 074,98 	 63,60 	 218,14 	 1 370,69 	 127,40 	 159,95 	 11,51 
04.01.2003	 2,02 	 1 016,81 	 267,76 	 1 920,00 	 1 988,64 	 23,60 	 12,32 	 1 224,41 	 6 396,38 	 41,56 	 3 258,38 	 575,88 	 138,13 	 274,65 	 499,62 	 60,41 	 2 606,71 	 1 100,57 	 359,85 	 3 056,45 	 63,44 	 218,50 	 1 367,42 	 127,10 	 159,95 	 11,59 
05.01.2003	 2,02 	 1 016,81 	 267,76 	 1 920,00 	 1 988,64 	 23,60 	 12,32 	 1 224,41 	 6 396,38 	 41,56 	 3 258,38 	 575,88 	 138,13 	 274,65 	 499,62 	 60,41 	 2 606,71 	 1 100,57 	 359,85 	 3 056,45 	 63,44 	 218,50 	 1 367,42 	 127,10 	 159,95 	 11,59 
06.01.2003	 0,39 	 1 016,81 	 267,76 	 1 920,00 	 1 988,64 	 23,60 	 12,32 	 1 224,41 	 6 396,38 	 41,56 	 3 258,38 	 575,88 	 138,13 	 274,65 	 499,62 	 60,41 	 2 606,71 	 1 100,57 	 359,85 	 3 056,45 	 63,44 	 218,50 	 1 367,42 	 127,10 	 159,95 	 11,59 
07.01.2003	 2,02 	 1 016,81 	 267,76 	 1 920,00 	 1 988,64 	 23,60 	 12,32 	 1 224,41 	 6 396,38 	 41,56 	 3 258,38 	 575,88 	 138,13 	 274,65 	 499,62 	 60,41 	 2 606,71 	 1 100,57 	 359,85 	 3 056,45 	 63,44 	 218,50 	 1 367,42 	 127,10 	 159,95 	 11,59 
08.01.2003	 2,02 	 1 016,81 	 267,76 	 1 920,00 	 1 988,64 	 23,60 	 12,32 	 1 224,41 	 6 396,38 	 41,56 	 3 258,38 	 575,88 	 138,13 	 274,65 	 499,62 	 60,41 	 2 606,71 	 1 100,57 	 359,85 	 3 056,45 	 63,44 	 218,50 	 1 367,42 	 127,10 	 159,95 	 11,59 
09.01.2003	 0,39 	 1 023,72 	 269,46 	 1 923,00 	 2 002,52 	 23,69 	 12,34 	 1 230,64 	 6 413,42 	 41,76 	 3 265,69 	 579,88 	 138,30 	 277,08 	 500,46 	 60,31 	 2 602,17 	 1 103,27 	 360,43 	 3 078,82 	 63,89 	 221,00 	 1 372,84 	 127,92 	 160,02 	 11,42 
10.01.2003	 1 113,71 	 1 036,65 	 272,86 	 1 926,00 	 2 027,40 	 23,87 	 12,37 	 1 234,38 	 6 433,08 	 41,83 	 3 284,17 	 587,14 	 138,51 	 280,50 	 503,13 	 60,41 	 2 605,09 	 1 108,36 	 361,00 	 3 101,73 	 64,32 	 222,89 	 1 389,41 	 129,62 	 162,09 	 11,52 
11.01.2003	 2,02 	 1 038,03 	 273,22 	 1 930,00 	 2 030,07 	 23,90 	 12,40 	 1 245,16 	 6 443,21 	 41,91 	 3 285,95 	 587,91 	 138,80 	 280,25 	 504,91 	 60,63 	 2 623,97 	 1 109,35 	 361,74 	 3 105,56 	 64,21 	 222,09 	 1 389,64 	 129,78 	 161,34 	 11,57 
12.01.2003	 2,02 	 1 038,03 	 273,22 	 1 930,00 	 2 030,07 	 23,90 	 12,40 	 1 245,16 	 6 443,21 	 41,91 	 3 285,95 	 587,91 	 138,80 	 280,25 	 504,91 	 60,63 	 2 623,97 	 1 109,35 	 361,74 	 3 105,56 	 64,21 	 222,09 	 1 389,64 	 129,78 	 161,34 	 11,57 
13.01.2003	 0,39 	 1 038,03 	 273,22 	 1 930,00 	 2 030,07 	 23,90 	 12,40 	 1 245,16 	 6 443,21 	 41,91 	 3 285,95 	 587,91 	 138,80 	 280,25 	 504,91 	 60,63 	 2 623,97 	 1 109,35 	 361,74 	 3 105,56 	 64,21 	 222,09 	 1 389,64 	 129,78 	 161,34 	 11,57 
14.01.2003	 0,39 	 1 041,93 	 274,27 	 1 931,00 	 2 037,59 	 24,15 	 12,40 	 1 250,40 	 6 450,64 	 41,93 	 3 291,01 	 590,19 	 138,52 	 280,04 	 506,82 	 60,67 	 2 623,92 	 1 111,18 	 361,98 	 3 103,79 	 63,96 	 222,49 	 1 395,28 	 130,23 	 161,94 	 11,62 
15.01.2003	 1 129,83 	 1 045,23 	 275,13 	 1 932,00 	 2 044,44 	 24,34 	 12,42 	 1 254,14 	 6 455,28 	 41,64 	 3 294,96 	 592,10 	 138,59 	 278,17 	 507,32 	 60,69 	 2 628,00 	 1 114,70 	 362,15 	 3 093,61 	 64,38 	 222,77 	 1 398,33 	 130,68 	 163,00 	 11,60 
16.01.2003	 1 128,77 	 1 040,22 	 273,54 	 1 932,00 	 2 032,75 	 24,21 	 12,43 	 1 252,80 	 6 453,34 	 41,64 	 3 298,34 	 588,84 	 138,59 	 277,47 	 506,29 	 60,73 	 2 633,43 	 1 113,80 	 362,10 	 3 095,74 	 64,01 	 221,57 	 1 388,63 	 129,90 	 163,54 	 11,58 
17.01.2003	 1 133,12 	 1 046,14 	 275,03 	 1 933,00 	 2 044,82 	 24,28 	 12,44 	 1 259,61 	 6 459,91 	 41,67 	 3 311,35 	 590,39 	 137,97 	 280,95 	 510,23 	 60,77 	 2 629,56 	 1 115,92 	 362,29 	 3 102,18 	 64,64 	 222,52 	 1 397,64 	 130,69 	 164,06 	 11,61 
18.01.2003	 1 144,44 	 1 054,32 	 277,22 	 1 934,00 	 2 060,68 	 24,48 	 12,45 	 1 263,31 	 6 471,91 	 41,69 	 3 319,89 	 596,88 	 137,95 	 283,20 	 509,15 	 60,77 	 2 636,10 	 1 116,43 	 362,58 	 3 127,08 	 65,54 	 224,74 	 1 412,14 	 131,71 	 164,18 	 11,63 
19.01.2003	 1 144,44 	 1 054,32 	 277,22 	 1 934,00 	 2 060,68 	 24,48 	 12,45 	 1 263,31 	 6 471,91 	 41,69 	 3 319,89 	 596,88 	 137,95 	 283,20 	 509,15 	 60,77 	 2 636,10 	 1 116,43 	 362,58 	 3 127,08 	 65,54 	 224,74 	 1 412,14 	 131,71 	 164,18 	 11,63 
20.01.2003	 1 144,44 	 1 054,32 	 277,22 	 1 934,00 	 2 060,68 	 24,48 	 12,45 	 1 263,31 	 6 471,91 	 41,69 	 3 319,89 	 596,88 	 137,95 	 283,20 	 509,15 	 60,77 	 2 636,10 	 1 116,43 	 362,58 	 3 127,08 	 65,54 	 224,74 	 1 412,14 	 131,71 	 164,18 	 11,63 
21.01.2003	 1 140,77 	 1 054,04 	 277,18 	 1 934,00 	 2 060,77 	 24,42 	 12,45 	 1 259,44 	 6 470,17 	 41,69 	 3 314,48 	 596,82 	 137,85 	 281,66 	 507,05 	 60,77 	 2 645,54 	 1 116,69 	 362,46 	 3 113,84 	 65,77 	 224,06 	 1 411,42 	 131,68 	 163,70 	 11,61 
22.01.2003	 1 141,56 	 1 055,50 	 277,51 	 1 936,00 	 2 063,10 	 24,42 	 12,47 	 1 259,80 	 6 475,35 	 41,48 	 3 319,90 	 597,49 	 137,99 	 281,29 	 506,74 	 60,88 	 2 648,27 	 1 115,21 	 362,87 	 3 111,54 	 66,17 	 224,59 	 1 411,23 	 131,89 	 162,85 	 11,68 
23.01.2003	 1 138,48 	 1 059,86 	 278,66 	 1 938,00 	 2 072,50 	 24,40 	 12,49 	 1 263,57 	 6 481,17 	 41,52 	 3 330,76 	 600,16 	 137,84 	 279,51 	 501,36 	 60,93 	 2 645,85 	 1 118,10 	 363,21 	 3 120,08 	 66,21 	 224,27 	 1 417,34 	 132,43 	 163,70 	 11,59 
24.01.2003	 1 140,42 	 1 062,85 	 279,46 	 1 938,00 	 2 078,31 	 24,52 	 12,49 	 1 266,75 	 6 486,81 	 41,52 	 3 337,06 	 601,70 	 137,64 	 280,56 	 493,70 	 60,92 	 2 653,32 	 1 118,55 	 363,24 	 3 140,63 	 65,32 	 224,73 	 1 419,57 	 132,83 	 163,83 	 11,63 
25.01.2003	 1 147,59 	 1 068,09 	 281,20 	 1 938,00 	 2 088,87 	 24,55 	 12,50 	 1 273,53 	 6 492,03 	 41,52 	 3 348,02 	 604,77 	 137,64 	 279,99 	 500,08 	 60,94 	 2 659,59 	 1 119,20 	 363,29 	 3 162,53 	 66,46 	 226,12 	 1 425,47 	 133,48 	 164,16 	 11,67 
26.01.2003	 1 147,59 	 1 068,09 	 281,20 	 1 938,00 	 2 088,87 	 24,55 	 12,50 	 1 273,53 	 6 492,03 	 41,52 	 3 348,02 	 604,77 	 137,64 	 279,99 	 500,08 	 60,94 	 2 659,59 	 1 119,20 	 363,29 	 3 162,53 	 66,46 	 226,12 	 1 425,47 	 133,48 	 164,16 	 11,67 
27.01.2003	 1 147,59 	 1 068,09 	 281,20 	 1 938,00 	 2 088,87 	 24,55 	 12,50 	 1 273,53 	 6 492,03 	 41,52 	 3 348,02 	 604,77 	 137,64 	 279,99 	 500,08 	 60,94 	 2 659,59 	 1 119,20 	 363,29 	 3 162,53 	 66,46 	 226,12 	 1 425,47 	 133,48 	 164,16 	 11,67 
28.01.2003	 1 152,66 	 1 079,68 	 283,90 	 1 941,00 	 2 111,52 	 24,78 	 12,52 	 1 278,87 	 6 509,71 	 41,58 	 3 370,08 	 611,64 	 137,76 	 283,37 	 504,42 	 61,04 	 2 667,57 	 1 123,26 	 361,72 	 3 177,32 	 67,07 	 227,97 	 1 439,48 	 134,94 	 164,92 	 11,63 
29.01.2003	 1 141,23 	 1 073,53 	 282,28 	 1 944,00 	 2 099,42 	 24,74 	 12,54 	 1 272,67 	 6 506,24 	 41,63 	 3 360,71 	 608,24 	 137,77 	 280,68 	 505,13 	 61,13 	 2 683,32 	 1 122,27 	 364,28 	 3 176,40 	 67,09 	 227,43 	 1 428,41 	 134,09 	 163,73 	 11,72 
30.01.2003	 1 150,97 	 1 083,71 	 285,04 	 1 947,00 	 2 119,50 	 24,95 	 12,56 	 1 277,89 	 6 522,18 	 41,69 	 3 381,68 	 613,98 	 137,84 	 284,55 	 511,76 	 61,23 	 2 676,83 	 1 126,08 	 364,88 	 3 207,59 	 67,48 	 229,48 	 1 443,02 	 135,47 	 164,93 	 11,74 
31.01.2003	 1 146,31 	 1 072,64 	 282,10 	 1 950,00 	 2 097,42 	 24,98 	 12,59 	 1 278,44 	 6 525,23 	 41,76 	 3 372,83 	 607,49 	 137,81 	 281,90 	 513,70 	 61,28 	 2 690,10 	 1 124,70 	 365,51 	 3 198,59 	 66,87 	 228,29 	 1 427,26 	 134,05 	 163,94 	 11,81 
01.02.2003	 1 151,78 	 1 080,41 	 284,15 	 1 953,00 	 2 112,56 	 25,26 	 12,60 	 1 278,73 	 6 541,40 	 41,82 	 3 380,94 	 611,91 	 137,83 	 283,50 	 512,53 	 61,35 	 2 680,82 	 1 124,84 	 366,02 	 3 231,63 	 66,83 	 229,65 	 1 439,84 	 135,01 	 164,01 	 11,89 
02.02.2003	 1 151,78 	 1 080,41 	 284,15 	 1 953,00 	 2 112,56 	 25,26 	 12,60 	 1 278,73 	 6 541,40 	 41,82 	 3 380,94 	 611,91 	 137,83 	 283,50 	 512,53 	 61,35 	 2 680,82 	 1 124,84 	 366,02 	 3 231,63 	 66,83 	 229,65 	 1 439,84 	 135,01 	 164,01 	 11,89 
03.02.2003	 1 151,78 	 1 080,41 	 284,15 	 1 953,00 	 2 112,56 	 25,26 	 12,60 	 1 278,73 	 6 541,40 	 41,82 	 3 380,94 	 611,91 	 137,83 	 283,50 	 512,53 	 61,35 	 2 680,82 	 1 124,84 	 366,02 	 3 231,63 	 66,83 	 229,65 	 1 439,84 	 135,01 	 164,01 	 11,89 
04.02.2003	 1 138,50 	 1 069,70 	 281,17 	 1 953,00 	 2 091,76 	 25,15 	 12,60 	 1 283,90 	 6 528,06 	 41,82 	 3 363,76 	 605,88 	 137,83 	 279,44 	 510,86 	 61,32 	 2 688,38 	 1 121,22 	 366,04 	 3 206,73 	 66,12 	 226,04 	 1 423,42 	 133,67 	 161,85 	 11,92 
05.02.2003	 1 149,44 	 1 079,92 	 283,95 	 1 954,00 	 2 111,59 	 25,35 	 12,63 	 1 287,56 	 6 538,40 	 41,84 	 3 377,41 	 611,64 	 137,90 	 282,21 	 509,42 	 61,38 	 2 676,47 	 1 123,54 	 366,16 	 3 214,04 	 66,83 	 228,45 	 1 438,62 	 134,97 	 162,60 	 11,92 
06.02.2003	 1 159,82 	 1 092,35 	 287,30 	 1 957,00 	 2 136,36 	 25,87 	 12,65 	 1 292,39 	 6 555,46 	 42,41 	 3 404,96 	 618,83 	 138,11 	 282,98 	 512,44 	 61,47 	 2 689,13 	 1 125,91 	 366,72 	 3 233,26 	 67,11 	 230,73 	 1 456,59 	 136,56 	 164,03 	 11,84 
07.02.2003	 1 155,71 	 1 080,59 	 284,24 	 1 957,00 	 2 113,27 	 25,38 	 12,67 	 1 286,19 	 6 547,34 	 42,41 	 3 389,04 	 612,03 	 138,11 	 281,12 	 507,26 	 61,47 	 2 702,62 	 1 124,32 	 366,73 	 3 217,99 	 66,78 	 229,67 	 1 440,45 	 135,09 	 163,31 	 11,94 
08.02.2003	 1 155,12 	 1 078,62 	 283,69 	 1 957,00 	 2 109,16 	 25,62 	 12,70 	 1 285,89 	 6 539,46 	 42,41 	 3 383,18 	 610,94 	 136,95 	 281,70 	 507,45 	 61,47 	 2 690,09 	 1 122,58 	 366,70 	 3 187,07 	 66,46 	 230,04 	 1 437,12 	 134,82 	 162,91 	 11,98 
09.02.2003	 1 155,12 	 1 078,62 	 283,69 	 1 957,00 	 2 109,16 	 25,62 	 12,70 	 1 285,89 	 6 539,46 	 42,41 	 3 383,18 	 610,94 	 136,95 	 281,70 	 507,45 	 61,47 	 2 690,09 	 1 122,58 	 366,70 	 3 187,07 	 66,46 	 230,04 	 1 437,12 	 134,82 	 162,91 	 11,98 
10.02.2003	 1 155,12 	 1 078,62 	 283,69 	 1 957,00 	 2 109,16 	 25,62 	 12,70 	 1 285,89 	 6 539,46 	 42,41 	 3 383,18 	 610,94 	 136,95 	 281,70 	 507,45 	 61,47 	 2 690,09 	 1 122,58 	 366,70 	 3 187,07 	 66,46 	 230,04 	 1 437,12 	 134,82 	 162,91 	 11,98 
11.02.2003	 1 160,60 	 1 082,53 	 284,70 	 1 957,00 	 2 116,50 	 25,40 	 12,70 	 1 284,46 	 6 542,31 	 42,41 	 3 388,45 	 613,03 	 137,82 	 283,23 	 507,19 	 61,50 	 2 682,60 	 1 115,35 	 366,72 	 3 195,29 	 66,58 	 230,86 	 1 442,84 	 135,25 	 162,45 	 11,94 
12.02.2003	 1 150,81 	 1 070,19 	 281,16 	 1 957,00 	 2 089,68 	 25,31 	 12,71 	 1 277,62 	 6 539,25 	 42,43 	 3 367,46 	 605,33 	 137,82 	 280,09 	 505,78 	 61,57 	 2 686,37 	 1 113,32 	 366,72 	 3 169,07 	 65,76 	 228,05 	 1 423,89 	 133,49 	 160,96 	 11,84 
13.02.2003	 1 157,08 	 1 077,47 	 283,02 	 1 957,00 	 2 103,97 	 25,36 	 12,72 	 1 281,26 	 6 535,64 	 42,43 	 3 378,22 	 609,44 	 137,19 	 282,02 	 507,92 	 61,72 	 2 670,58 	 1 116,66 	 366,80 	 3 166,03 	 66,17 	 229,87 	 1 433,65 	 134,43 	 162,09 	 11,84 
14.02.2003	 1 158,45 	 1 080,56 	 283,89 	 1 957,00 	 2 110,33 	 25,34 	 12,72 	 1 281,35 	 6 544,28 	 42,43 	 3 380,26 	 611,30 	 137,19 	 281,45 	 507,45 	 61,82 	 2 676,30 	 1 115,58 	 366,55 	 3 171,02 	 66,94 	 231,31 	 1 437,39 	 134,87 	 161,91 	 11,84 
15.02.2003	 1 164,12 	 1 084,27 	 284,84 	 1 957,00 	 2 116,98 	 25,30 	 12,75 	 1 291,88 	 6 540,56 	 42,43 	 3 385,52 	 613,23 	 137,19 	 280,65 	 507,59 	 61,85 	 2 678,23 	 1 115,23 	 366,72 	 3 166,43 	 67,53 	 232,03 	 1 441,14 	 135,37 	 162,49 	 11,84 
16.02.2003	 1 164,12 	 1 084,27 	 284,84 	 1 957,00 	 2 116,98 	 25,30 	 12,75 	 1 291,88 	 6 540,56 	 42,43 	 3 385,52 	 613,23 	 137,19 	 280,65 	 507,59 	 61,85 	 2 678,23 	 1 115,23 	 366,72 	 3 166,43 	 67,53 	 232,03 	 1 441,14 	 135,37 	 162,49 	 11,84 
17.02.2003	 1 164,12 	 1 084,27 	 284,84 	 1 957,00 	 2 116,98 	 25,30 	 12,75 	 1 291,88 	 6 540,56 	 42,43 	 3 385,52 	 613,23 	 137,19 	 280,65 	 507,59 	 61,85 	 2 678,23 	 1 115,23 	 366,72 	 3 166,43 	 67,53 	 232,03 	 1 441,14 	 135,37 	 162,49 	 11,84 
18.02.2003	 1 153,55 	 1 071,89 	 281,58 	 1 957,00 	 2 091,94 	 25,06 	 12,77 	 1 284,50 	 6 526,60 	 42,43 	 3 370,65 	 606,16 	 137,82 	 278,64 	 504,99 	 61,85 	 2 681,93 	 1 115,35 	 366,86 	 3 129,24 	 66,61 	 229,57 	 1 420,79 	 133,72 	 162,67 	 11,89 
19.02.2003	 1 158,06 	 1 075,16 	 282,51 	 1 959,00 	 2 099,56 	 24,70 	 12,81 	 1 287,88 	 6 532,61 	 42,51 	 3 381,38 	 608,22 	 137,96 	 278,76 	 507,41 	 62,09 	 2 684,67 	 1 118,85 	 367,13 	 3 131,56 	 66,54 	 230,35 	 1 428,31 	 134,20 	 164,29 	 12,04 
20.02.2003	 1 160,81 	 1 076,53 	 282,86 	 1 961,00 	 2 102,39 	 24,76 	 12,84 	 1 297,04 	 6 539,50 	 42,55 	 3 384,83 	 608,98 	 138,10 	 279,17 	 506,10 	 62,09 	 2 687,41 	 1 120,00 	 367,55 	 3 127,21 	 66,66 	 230,56 	 1 428,10 	 134,39 	 164,87 	 12,05 
21.02.2003	 1 170,83 	 1 081,63 	 284,29 	 1 963,00 	 2 112,68 	 24,87 	 12,88 	 1 301,90 	 6 549,12 	 42,60 	 3 392,97 	 612,01 	 138,24 	 280,01 	 504,39 	 62,22 	 2 682,89 	 1 123,77 	 367,88 	 3 141,59 	 66,71 	 231,81 	 1 437,41 	 135,01 	 165,12 	 12,03 
22.02.2003	 1 176,15 	 1 088,94 	 286,35 	 1 965,00 	 2 128,00 	 25,15 	 12,91 	 1 305,73 	 6 555,24 	 42,64 	 3 405,25 	 616,34 	 138,38 	 282,12 	 506,12 	 62,28 	 2 685,62 	 1 127,17 	 368,25 	 3 133,68 	 66,98 	 233,20 	 1 449,97 	 135,98 	 166,08 	 12,07 
23.02.2003	 1 176,15 	 1 088,94 	 286,35 	 1 965,00 	 2 128,00 	 25,15 	 12,91 	 1 305,73 	 6 555,24 	 42,64 	 3 405,25 	 616,34 	 138,38 	 282,12 	 506,12 	 62,28 	 2 685,62 	 1 127,17 	 368,25 	 3 133,68 	 66,98 	 233,20 	 1 449,97 	 135,98 	 166,08 	 12,07 
24.02.2003	 1 176,15 	 1 088,94 	 286,35 	 1 965,00 	 2 128,00 	 25,15 	 12,91 	 1 305,73 	 6 555,24 	 42,64 	 3 405,25 	 616,34 	 138,38 	 282,12 	 506,12 	 62,28 	 2 685,62 	 1 127,17 	 368,25 	 3 133,68 	 66,98 	 233,20 	 1 449,97 	 135,98 	 166,08 	 12,07 
25.02.2003	 1 182,46 	 1 082,40 	 284,64 	 1 967,00 	 2 115,41 	 25,04 	 12,90 	 1 310,98 	 6 559,95 	 42,68 	 3 395,18 	 612,63 	 138,52 	 279,59 	 505,75 	 62,28 	 2 688,36 	 1 128,97 	 368,65 	 3 106,97 	 66,67 	 231,77 	 1 440,66 	 135,19 	 166,24 	 12,15 
26.02.2003	 1 195,84 	 1 087,76 	 286,04 	 1 967,00 	 2 125,64 	 25,10 	 12,89 	 1 319,43 	 6 564,33 	 42,65 	 3 406,36 	 615,49 	 138,28 	 278,68 	 507,48 	 62,27 	 2 688,36 	 1 133,72 	 368,65 	 3 119,07 	 67,34 	 233,16 	 1 450,54 	 135,80 	 167,65 	 12,12 
27.02.2003	 1 193,90 	 1 085,93 	 285,64 	 1 969,00 	 2 121,70 	 25,11 	 12,91 	 1 321,79 	 6 570,56 	 42,70 	 3 404,51 	 614,67 	 138,42 	 278,07 	 507,25 	 62,30 	 2 691,09 	 1 136,11 	 368,90 	 3 100,88 	 67,17 	 232,76 	 1 448,81 	 135,66 	 168,05 	 12,17 
28.02.2003	 1 196,31 	 1 089,41 	 286,53 	 1 972,00 	 2 128,38 	 25,34 	 12,99 	 1 322,34 	 6 582,55 	 42,76 	 3 416,20 	 616,39 	 137,90 	 275,95 	 507,38 	 62,45 	 2 695,19 	 1 137,32 	 369,62 	 3 117,83 	 67,20 	 234,03 	 1 455,19 	 136,03 	 168,63 	 12,23 
01.03.2003	 1 194,38 	 1 087,38 	 285,94 	 1 975,00 	 2 123,72 	 25,33 	 13,02 	 1 322,09 	 6 588,27 	 42,83 	 3 413,12 	 615,05 	 137,92 	 273,96 	 504,60 	 62,55 	 2 699,29 	 1 136,53 	 370,14 	 3 117,04 	 67,10 	 232,66 	 1 451,78 	 135,75 	 167,81 	 12,33 
02.03.2003	 1 194,38 	 1 087,38 	 285,94 	 1 975,00 	 2 123,72 	 25,33 	 13,02 	 1 322,09 	 6 588,27 	 42,83 	 3 413,12 	 615,05 	 137,92 	 273,96 	 504,60 	 62,55 	 2 699,29 	 1 136,53 	 370,14 	 3 117,04 	 67,10 	 232,66 	 1 451,78 	 135,75 	 167,81 	 12,33 
03.03.2003	 1 194,38 	 1 087,38 	 285,94 	 1 975,00 	 2 123,72 	 25,33 	 13,02 	 1 322,09 	 6 588,27 	 42,83 	 3 413,12 	 615,05 	 137,92 	 273,96 	 504,60 	 62,55 	 2 699,29 	 1 136,53 	 370,14 	 3 117,04 	 67,10 	 232,66 	 1 451,78 	 135,75 	 167,81 	 12,33 
04.03.2003	 1 208,23 	 1 092,68 	 287,33 	 1 976,00 	 2 134,48 	 25,50 	 13,06 	 1 331,99 	 6 593,15 	 42,85 	 3 417,80 	 618,19 	 137,99 	 277,27 	 499,18 	 62,54 	 2 700,66 	 1 137,33 	 370,37 	 3 111,21 	 67,02 	 232,74 	 1 460,03 	 136,39 	 167,54 	 11,98 
05.03.2003	 1 215,56 	 1 103,95 	 290,35 	 1 977,00 	 2 157,01 	 25,66 	 13,07 	 1 329,21 	 6 608,17 	 42,75 	 3 433,78 	 624,61 	 137,96 	 277,48 	 500,62 	 62,60 	 2 702,03 	 1 139,58 	 370,57 	 3 129,39 	 67,69 	 234,28 	 1 477,41 	 137,85 	 168,14 	 12,03 
06.03.2003	 1 219,73 	 1 110,46 	 292,13 	 1 978,00 	 2 169,47 	 25,74 	 13,08 	 1 344,30 	 6 612,51 	 42,78 	 3 443,89 	 628,29 	 137,98 	 278,34 	 503,10 	 62,61 	 2 703,39 	 1 141,24 	 370,81 	 3 147,49 	 68,24 	 235,75 	 1 486,83 	 138,67 	 168,40 	 12,23 
07.03.2003	 1 215,20 	 1 110,36 	 291,91 	 1 979,00 	 2 168,19 	 25,79 	 13,08 	 1 345,25 	 6 623,16 	 42,80 	 3 450,44 	 627,79 	 138,10 	 281,09 	 506,54 	 62,65 	 2 704,76 	 1 141,09 	 371,12 	 3 176,29 	 68,08 	 236,35 	 1 485,40 	 138,55 	 168,60 	 12,30 
08.03.2003	 1 219,78 	 1 117,67 	 293,77 	 1 980,00 	 2 181,47 	 25,76 	 13,07 	 1 346,25 	 6 630,94 	 42,82 	 3 457,61 	 631,66 	 138,17 	 277,19 	 508,12 	 62,73 	 2 706,13 	 1 140,62 	 371,27 	 3 177,21 	 68,62 	 236,29 	 1 488,44 	 139,42 	 168,83 	 12,29 
09.03.2003	 1 219,78 	 1 117,67 	 293,77 	 1 980,00 	 2 181,47 	 25,76 	 13,07 	 1 346,25 	 6 630,94 	 42,82 	 3 457,61 	 631,66 	 138,17 	 277,19 	 508,12 	 62,73 	 2 706,13 	 1 140,62 	 371,27 	 3 177,21 	 68,62 	 236,29 	 1 488,44 	 139,42 	 168,83 	 12,29 
10.03.2003	 1 219,78 	 1 117,67 	 293,77 	 1 980,00 	 2 181,47 	 25,76 	 13,07 	 1 346,25 	 6 630,94 	 42,82 	 3 457,61 	 631,66 	 138,17 	 277,19 	 508,12 	 62,73 	 2 706,13 	 1 140,62 	 371,27 	 3 177,21 	 68,62 	 236,29 	 1 488,44 	 139,42 	 168,83 	 12,29 
11.03.2003	 1 218,41 	 1 119,59 	 294,14 	 1 981,00 	 2 184,15 	 25,81 	 13,07 	 1 353,00 	 6 633,40 	 42,84 	 3 461,77 	 632,48 	 138,24 	 274,62 	 505,16 	 62,73 	 2 707,49 	 1 140,87 	 371,34 	 3 160,98 	 68,80 	 236,65 	 1 486,46 	 139,61 	 169,88 	 12,32 
12.03.2003	 1 211,70 	 1 119,39 	 294,14 	 1 982,00 	 2 184,06 	 25,64 	 13,09 	 1 352,21 	 6 636,64 	 43,15 	 3 455,07 	 632,48 	 138,12 	 276,80 	 501,42 	 62,90 	 2 708,86 	 1 141,11 	 371,63 	 3 168,62 	 68,80 	 236,18 	 1 489,05 	 139,59 	 169,14 	 12,30 
13.03.2003	 1 194,06 	 1 120,28 	 294,26 	 1 983,00 	 2 185,76 	 25,68 	 13,11 	 1 346,00 	 6 640,44 	 43,18 	 3 455,61 	 632,94 	 137,90 	 276,71 	 500,15 	 63,07 	 2 710,23 	 1 135,41 	 371,78 	 3 196,79 	 69,10 	 235,05 	 1 488,40 	 139,70 	 168,84 	 12,23 
14.03.2003	 1 177,60 	 1 110,64 	 291,69 	 1 984,00 	 2 166,63 	 25,66 	 13,13 	 1 341,08 	 6 628,69 	 43,20 	 3 440,56 	 627,30 	 137,92 	 276,48 	 491,06 	 63,22 	 2 711,59 	 1 134,17 	 371,87 	 3 185,61 	 68,61 	 233,62 	 1 475,59 	 138,43 	 168,04 	 12,19 
15.03.2003	 1 183,36 	 1 097,97 	 288,22 	 1 986,00 	 2 140,61 	 25,44 	 13,16 	 1 338,64 	 6 632,49 	 43,24 	 3 428,28 	 620,04 	 138,06 	 274,76 	 497,56 	 63,28 	 2 714,33 	 1 133,24 	 372,35 	 3 172,73 	 67,75 	 232,23 	 1 458,74 	 136,86 	 167,60 	 12,06 
16.03.2003	 1 183,36 	 1 097,97 	 288,22 	 1 986,00 	 2 140,61 	 25,44 	 13,16 	 1 338,64 	 6 632,49 	 43,24 	 3 428,28 	 620,04 	 138,06 	 274,76 	 497,56 	 63,28 	 2 714,33 	 1 133,24 	 372,35 	 3 172,73 	 67,75 	 232,23 	 1 458,74 	 136,86 	 167,60 	 12,06 
17.03.2003	 1 183,36 	 1 097,97 	 288,22 	 1 986,00 	 2 140,61 	 25,44 	 13,16 	 1 338,64 	 6 632,49 	 43,24 	 3 428,28 	 620,04 	 138,06 	 274,76 	 497,56 	 63,28 	 2 714,33 	 1 133,24 	 372,35 	 3 172,73 	 67,75 	 232,23 	 1 458,74 	 136,86 	 167,60 	 12,06 
18.03.2003	 1 192,89 	 1 101,74 	 289,08 	 1 986,00 	 2 146,87 	 25,42 	 13,15 	 1 351,94 	 6 620,11 	 43,24 	 3 430,35 	 622,02 	 138,06 	 274,66 	 493,69 	 63,27 	 2 714,33 	 1 132,01 	 372,27 	 3 138,97 	 67,70 	 232,88 	 1 464,28 	 137,23 	 168,66 	 11,82 
19.03.2003	 1 174,02 	 1 081,24 	 283,81 	 1 987,00 	 2 108,31 	 25,03 	 13,16 	 1 339,49 	 6 612,64 	 43,63 	 3 407,36 	 610,64 	 137,75 	 268,36 	 488,27 	 63,26 	 2 715,69 	 1 124,12 	 372,22 	 3 117,40 	 66,77 	 228,87 	 1 433,67 	 134,73 	 167,48 	 12,06 
20.03.2003	 1 180,97 	 1 085,00 	 284,76 	 1 988,00 	 2 115,53 	 24,97 	 13,11 	 1 343,83 	 6 615,64 	 43,66 	 3 410,83 	 612,71 	 137,29 	 267,75 	 487,88 	 63,32 	 2 717,06 	 1 125,07 	 372,62 	 3 098,70 	 67,00 	 229,70 	 1 437,71 	 135,17 	 167,45 	 11,76 
21.03.2003	 1 181,17 	 1 081,92 	 283,92 	 1 989,00 	 2 108,94 	 24,88 	 13,09 	 1 343,37 	 6 615,34 	 43,68 	 3 407,86 	 610,86 	 137,36 	 267,33 	 489,09 	 63,38 	 2 718,43 	 1 124,94 	 372,75 	 3 112,09 	 66,60 	 229,57 	 1 433,77 	 134,82 	 165,64 	 11,61 
22.03.2003	 1 176,89 	 1 080,79 	 283,96 	 1 990,00 	 2 109,30 	 24,85 	 13,06 	 1 341,20 	 6 612,83 	 43,70 	 3 406,66 	 610,86 	 137,43 	 268,21 	 489,10 	 63,41 	 2 719,79 	 1 126,52 	 372,91 	 3 110,67 	 66,60 	 230,11 	 1 431,35 	 134,78 	 165,32 	 11,54 
23.03.2003	 1 176,89 	 1 080,79 	 283,96 	 1 990,00 	 2 109,30 	 24,85 	 13,06 	 1 341,20 	 6 612,83 	 43,70 	 3 406,66 	 610,86 	 137,43 	 268,21 	 489,10 	 63,41 	 2 719,79 	 1 126,52 	 372,91 	 3 110,67 	 66,60 	 230,11 	 1 431,35 	 134,78 	 165,32 	 11,54 
24.03.2003	 1 176,89 	 1 080,79 	 283,96 	 1 990,00 	 2 109,30 	 24,85 	 13,06 	 1 341,20 	 6 612,83 	 43,70 	 3 406,66 	 610,86 	 137,43 	 268,21 	 489,10 	 63,41 	 2 719,79 	 1 126,52 	 372,91 	 3 110,67 	 66,60 	 230,11 	 1 431,35 	 134,78 	 165,32 	 11,54 
25.03.2003	 1 181,06 	 1 083,80 	 284,79 	 1 991,00 	 2 115,94 	 24,99 	 13,08 	 1 339,52 	 6 615,72 	 43,72 	 3 414,22 	 612,79 	 137,50 	 268,60 	 488,17 	 63,45 	 2 721,16 	 1 127,76 	 369,05 	 3 128,56 	 66,71 	 230,13 	 1 435,06 	 135,20 	 164,99 	 11,36 
26.03.2003	 1 189,82 	 1 093,78 	 287,29 	 1 992,00 	 2 133,73 	 25,45 	 13,08 	 1 349,87 	 6 632,48 	 44,95 	 3 429,46 	 618,08 	 137,57 	 272,13 	 490,73 	 63,48 	 2 722,53 	 1 129,86 	 373,44 	 3 141,68 	 67,12 	 230,97 	 1 448,99 	 136,40 	 166,49 	 11,38 
27.03.2003	 1 191,32 	 1 088,31 	 285,65 	 1 994,00 	 2 121,32 	 25,33 	 13,10 	 1 350,54 	 6 634,94 	 44,99 	 3 417,60 	 614,46 	 137,71 	 272,36 	 490,83 	 63,54 	 2 725,26 	 1 126,59 	 373,86 	 3 133,07 	 66,74 	 229,87 	 1 438,21 	 135,58 	 165,57 	 11,74 
28.03.2003	 1 200,09 	 1 099,42 	 288,53 	 1 995,00 	 2 142,53 	 25,35 	 13,14 	 1 363,54 	 6 648,23 	 45,01 	 3 434,03 	 620,49 	 137,35 	 272,68 	 491,96 	 63,57 	 2 726,63 	 1 129,51 	 373,87 	 3 147,41 	 67,32 	 231,62 	 1 448,07 	 136,94 	 166,56 	 11,66 
29.03.2003	 1 198,50 	 1 098,15 	 288,32 	 1 996,00 	 2 141,31 	 25,64 	 13,13 	 1 363,62 	 6 646,47 	 45,04 	 3 429,55 	 620,09 	 137,42 	 272,20 	 489,01 	 63,61 	 2 727,99 	 1 127,72 	 374,03 	 3 118,85 	 67,19 	 231,82 	 1 449,26 	 136,85 	 166,18 	 11,59 
30.03.2003	 1 198,50 	 1 098,15 	 288,32 	 1 996,00 	 2 141,31 	 25,64 	 13,13 	 1 363,62 	 6 646,47 	 45,04 	 3 429,55 	 620,09 	 137,42 	 272,20 	 489,01 	 63,61 	 2 727,99 	 1 127,72 	 374,03 	 3 118,85 	 67,19 	 231,82 	 1 449,26 	 136,85 	 166,18 	 11,59 
31.03.2003	 1 198,50 	 1 098,15 	 288,32 	 1 996,00 	 2 141,31 	 25,64 	 13,13 	 1 363,62 	 6 646,47 	 45,04 	 3 429,55 	 620,09 	 137,42 	 272,20 	 489,01 	 63,61 	 2 727,99 	 1 127,72 	 374,03 	 3 118,85 	 67,19 	 231,82 	 1 449,26 	 136,85 	 166,18 	 11,59 
01.04.2003	 1 206,49 	 1 113,12 	 292,40 	 1 997,00 	 2 171,54 	 26,07 	 13,15 	 1 361,37 	 6 660,00 	 45,06 	 3 456,81 	 628,80 	 137,49 	 274,91 	 493,42 	 63,64 	 2 729,36 	 1 132,47 	 374,30 	 3 147,67 	 67,98 	 235,02 	 1 470,49 	 138,77 	 167,99 	 11,70 
02.04.2003	 1 205,89 	 1 118,01 	 293,40 	 1 998,00 	 2 179,02 	 26,02 	 13,14 	 1 364,10 	 6 672,68 	 43,83 	 3 463,64 	 631,13 	 137,56 	 275,69 	 489,47 	 63,80 	 2 730,73 	 1 130,25 	 374,37 	 3 159,14 	 68,02 	 236,13 	 1 476,17 	 139,28 	 169,44 	 11,73 
03.04.2003	 1 203,30 	 1 110,83 	 291,72 	 2 000,00 	 2 166,70 	 25,89 	 13,15 	 1 354,23 	 6 672,78 	 43,87 	 3 452,74 	 627,64 	 136,75 	 275,94 	 490,95 	 63,93 	 2 733,46 	 1 130,45 	 375,01 	 3 142,80 	 67,68 	 234,63 	 1 462,31 	 138,48 	 168,31 	 11,79 
04.04.2003	 1 201,70 	 1 105,99 	 290,43 	 2 002,00 	 2 157,15 	 25,81 	 13,15 	 1 360,98 	 6 675,11 	 43,91 	 3 448,75 	 624,36 	 136,38 	 275,30 	 492,92 	 63,98 	 2 736,19 	 1 130,43 	 375,20 	 3 136,23 	 67,56 	 233,53 	 1 454,10 	 137,85 	 168,34 	 11,93 
05.04.2003	 1 203,80 	 1 103,70 	 289,75 	 2 003,00 	 2 151,52 	 25,66 	 13,15 	 1 355,58 	 6 671,33 	 43,94 	 3 442,47 	 623,33 	 135,61 	 276,91 	 492,68 	 64,03 	 2 737,56 	 1 125,79 	 375,43 	 3 139,70 	 67,55 	 234,09 	 1 449,09 	 137,53 	 167,03 	 12,10 
06.04.2003	 1 203,80 	 1 103,70 	 289,75 	 2 003,00 	 2 151,52 	 25,66 	 13,15 	 1 355,58 	 6 671,33 	 43,94 	 3 442,47 	 623,33 	 135,61 	 276,91 	 492,68 	 64,03 	 2 737,56 	 1 125,79 	 375,43 	 3 139,70 	 67,55 	 234,09 	 1 449,09 	 137,53 	 167,03 	 12,10 
07.04.2003	 1 203,80 	 1 103,70 	 289,75 	 2 003,00 	 2 151,52 	 25,66 	 13,15 	 1 355,58 	 6 671,33 	 43,94 	 3 442,47 	 623,33 	 135,61 	 276,91 	 492,68 	 64,03 	 2 737,56 	 1 125,79 	 375,43 	 3 139,70 	 67,55 	 234,09 	 1 449,09 	 137,53 	 167,03 	 12,10 
08.04.2003	 1 191,08 	 1 089,25 	 285,79 	 2 004,00 	 2 122,24 	 25,38 	 13,16 	 1 345,69 	 6 659,58 	 43,96 	 3 425,93 	 614,82 	 136,10 	 272,94 	 490,22 	 64,07 	 2 738,93 	 1 124,39 	 370,43 	 3 105,60 	 67,06 	 231,20 	 1 427,76 	 135,67 	 165,99 	 12,17 
09.04.2003	 1 201,50 	 1 100,44 	 288,79 	 2 005,00 	 2 144,95 	 25,52 	 13,16 	 1 356,65 	 6 669,77 	 43,98 	 3 440,58 	 621,10 	 135,93 	 276,34 	 494,09 	 64,10 	 2 740,29 	 1 125,36 	 375,99 	 3 113,87 	 67,81 	 233,75 	 1 443,85 	 137,07 	 167,66 	 12,25 
10.04.2003	 1 211,52 	 1 108,38 	 290,64 	 2 006,00 	 2 158,46 	 25,67 	 13,17 	 1 366,21 	 6 680,21 	 44,86 	 3 449,40 	 625,12 	 136,00 	 276,71 	 502,35 	 64,12 	 2 741,66 	 1 125,45 	 376,11 	 3 114,62 	 68,70 	 235,99 	 1 451,41 	 137,91 	 167,44 	 12,17 
11.04.2003	 1 215,74 	 1 110,87 	 291,15 	 2 007,00 	 2 162,04 	 25,83 	 13,18 	 1 370,57 	 6 682,20 	 44,88 	 3 453,50 	 626,11 	 136,07 	 276,42 	 508,36 	 64,16 	 2 743,03 	 1 128,92 	 376,34 	 3 144,07 	 68,89 	 236,50 	 1 451,46 	 138,21 	 167,49 	 12,15 
12.04.2003	 1 217,55 	 1 109,82 	 290,91 	 2 009,00 	 2 160,58 	 25,85 	 13,22 	 1 381,52 	 6 687,75 	 44,92 	 3 453,97 	 625,62 	 135,74 	 273,20 	 505,91 	 64,22 	 2 745,76 	 1 130,62 	 376,76 	 3 151,42 	 68,74 	 236,73 	 1 442,00 	 138,05 	 167,44 	 12,21 
13.04.2003	 1 217,55 	 1 109,82 	 290,91 	 2 009,00 	 2 160,58 	 25,85 	 13,22 	 1 381,52 	 6 687,75 	 44,92 	 3 453,97 	 625,62 	 135,74 	 273,20 	 505,91 	 64,22 	 2 745,76 	 1 130,62 	 376,76 	 3 151,42 	 68,74 	 236,73 	 1 442,00 	 138,05 	 167,44 	 12,21 
14.04.2003	 1 217,55 	 1 109,82 	 290,91 	 2 009,00 	 2 160,58 	 25,85 	 13,22 	 1 381,52 	 6 687,75 	 44,92 	 3 453,97 	 625,62 	 135,74 	 273,20 	 505,91 	 64,22 	 2 745,76 	 1 130,62 	 376,76 	 3 151,42 	 68,74 	 236,73 	 1 442,00 	 138,05 	 167,44 	 12,21 
15.04.2003	 1 213,74 	 1 109,91 	 290,88 	 2 010,00 	 2 160,45 	 25,84 	 13,23 	 1 383,54 	 6 690,30 	 44,94 	 3 455,69 	 625,66 	 135,99 	 274,19 	 509,66 	 64,35 	 2 747,13 	 1 129,15 	 376,88 	 3 167,66 	 68,35 	 236,89 	 1 444,02 	 138,08 	 166,63 	 12,29 
16.04.2003	 1 214,54 	 1 110,07 	 290,87 	 2 011,00 	 2 159,91 	 25,95 	 13,24 	 1 381,18 	 6 693,29 	 44,97 	 3 456,22 	 625,55 	 136,15 	 275,44 	 508,70 	 64,48 	 2 748,49 	 1 130,12 	 377,07 	 3 153,25 	 68,47 	 236,97 	 1 441,32 	 138,08 	 166,82 	 12,41 
17.04.2003	 1 225,61 	 1 120,67 	 293,86 	 2 012,00 	 2 181,71 	 26,21 	 13,26 	 1 389,21 	 6 702,76 	 44,99 	 3 471,66 	 631,77 	 136,41 	 277,84 	 509,69 	 64,50 	 2 749,86 	 1 131,70 	 377,27 	 3 168,70 	 69,42 	 238,32 	 1 451,03 	 139,43 	 167,31 	 12,45 
18.04.2003	 1 235,48 	 1 128,24 	 295,87 	 2 013,00 	 2 197,29 	 26,50 	 13,28 	 1 385,50 	 6 718,06 	 45,22 	 3 487,83 	 636,27 	 136,85 	 280,09 	 514,31 	 64,55 	 2 751,23 	 1 138,06 	 377,46 	 3 180,14 	 69,58 	 239,67 	 1 465,81 	 140,40 	 168,69 	 12,51 
19.04.2003	 1 237,91 	 1 126,37 	 295,37 	 2 014,00 	 2 193,15 	 26,45 	 13,27 	 1 390,02 	 6 717,36 	 45,24 	 3 479,31 	 635,07 	 137,47 	 279,48 	 514,56 	 64,57 	 2 752,59 	 1 139,88 	 377,74 	 3 173,36 	 69,22 	 239,69 	 1 459,58 	 140,21 	 168,33 	 12,56 
20.04.2003	 1 237,91 	 1 126,37 	 295,37 	 2 014,00 	 2 193,15 	 26,45 	 13,27 	 1 390,02 	 6 717,36 	 45,24 	 3 479,31 	 635,07 	 137,47 	 279,48 	 514,56 	 64,57 	 2 752,59 	 1 139,88 	 377,74 	 3 173,36 	 69,22 	 239,69 	 1 459,58 	 140,21 	 168,33 	 12,56 
21.04.2003	 1 237,91 	 1 126,37 	 295,37 	 2 014,00 	 2 193,15 	 26,45 	 13,27 	 1 390,02 	 6 717,36 	 45,24 	 3 479,31 	 635,07 	 137,47 	 279,48 	 514,56 	 64,57 	 2 752,59 	 1 139,88 	 377,74 	 3 173,36 	 69,22 	 239,69 	 1 459,58 	 140,21 	 168,33 	 12,56 
22.04.2003	 1 240,13 	 1 128,47 	 295,71 	 2 015,00 	 2 195,34 	 26,47 	 13,24 	 1 389,56 	 6 720,25 	 45,27 	 3 478,64 	 636,10 	 138,97 	 279,30 	 516,07 	 64,78 	 2 753,96 	 1 138,77 	 377,84 	 3 169,90 	 69,30 	 240,13 	 1 461,42 	 140,37 	 167,81 	 12,60 
23.04.2003	 1 244,58 	 1 132,65 	 296,94 	 2 016,00 	 2 205,20 	 26,53 	 13,25 	 1 386,14 	 6 724,03 	 45,47 	 3 483,97 	 638,55 	 139,52 	 280,90 	 515,90 	 64,82 	 2 755,33 	 1 134,88 	 377,79 	 3 166,93 	 69,63 	 240,66 	 1 464,53 	 140,91 	 167,58 	 12,62 
24.04.2003	 1 251,04 	 1 136,56 	 298,03 	 2 017,00 	 2 212,75 	 26,64 	 13,27 	 1 394,26 	 6 727,71 	 45,49 	 3 489,92 	 640,89 	 141,05 	 281,39 	 518,71 	 64,85 	 2 756,69 	 1 135,03 	 378,10 	 3 172,44 	 69,76 	 242,49 	 1 469,63 	 141,41 	 168,08 	 12,56 
25.04.2003	 1 246,22 	 1 142,50 	 299,43 	 2 018,00 	 2 223,33 	 26,65 	 13,28 	 1 379,69 	 6 735,20 	 45,51 	 3 504,38 	 643,87 	 141,12 	 283,62 	 517,83 	 64,88 	 2 758,06 	 1 135,05 	 378,51 	 3 212,66 	 70,13 	 243,75 	 1 476,82 	 142,10 	 168,16 	 12,63 
26.04.2003	 1 247,84 	 1 142,61 	 299,48 	 2 019,00 	 2 223,52 	 26,66 	 13,29 	 1 385,53 	 6 735,05 	 45,53 	 3 503,08 	 643,94 	 141,19 	 284,21 	 518,46 	 64,92 	 2 759,43 	 1 131,41 	 378,61 	 3 210,71 	 70,43 	 244,17 	 1 481,02 	 142,13 	 167,50 	 12,66 
27.04.2003	 1 247,84 	 1 142,61 	 299,48 	 2 019,00 	 2 223,52 	 26,66 	 13,29 	 1 385,53 	 6 735,05 	 45,53 	 3 503,08 	 643,94 	 141,19 	 284,21 	 518,46 	 64,92 	 2 759,43 	 1 131,41 	 378,61 	 3 210,71 	 70,43 	 244,17 	 1 481,02 	 142,13 	 167,50 	 12,66 
28.04.2003	 1 247,84 	 1 142,61 	 299,48 	 2 019,00 	 2 223,52 	 26,66 	 13,29 	 1 385,53 	 6 735,05 	 45,53 	 3 503,08 	 643,94 	 141,19 	 284,21 	 518,46 	 64,92 	 2 759,43 	 1 131,41 	 378,61 	 3 210,71 	 70,43 	 244,17 	 1 481,02 	 142,13 	 167,50 	 12,66 
29.04.2003	 1 251,29 	 1 151,88 	 300,32 	 2 020,00 	 2 229,78 	 26,83 	 13,30 	 1 397,73 	 6 744,91 	 45,56 	 3 512,13 	 645,61 	 141,26 	 285,66 	 521,26 	 64,95 	 2 760,79 	 1 136,33 	 369,62 	 3 223,41 	 70,68 	 244,20 	 1 483,33 	 142,50 	 168,04 	 12,69 
30.04.2003	 1 251,71 	 1 139,65 	 298,77 	 2 021,00 	 2 218,05 	 26,73 	 13,31 	 1 393,65 	 6 743,07 	 45,67 	 3 508,38 	 642,36 	 141,33 	 286,12 	 518,87 	 64,98 	 2 762,16 	 1 137,95 	 378,97 	 3 214,10 	 70,41 	 242,45 	 1 473,35 	 141,76 	 168,24 	 12,71 
01.05.2003	 1 262,23 	 1 155,30 	 302,88 	 2 022,00 	 2 248,46 	 26,89 	 13,32 	 1 403,78 	 6 757,23 	 45,69 	 3 529,72 	 651,21 	 141,40 	 286,98 	 528,77 	 65,01 	 2 763,53 	 1 139,67 	 379,18 	 3 226,00 	 71,36 	 246,78 	 1 486,05 	 143,72 	 169,30 	 0,00 
02.05.2003	 1 262,23 	 1 155,30 	 302,88 	 2 022,00 	 2 248,46 	 26,89 	 13,32 	 1 403,78 	 6 757,23 	 45,69 	 3 529,72 	 651,21 	 141,40 	 286,98 	 528,77 	 65,01 	 2 763,53 	 1 139,67 	 379,18 	 3 226,00 	 71,36 	 246,78 	 1 486,05 	 143,72 	 169,30 	 0,00 
03.05.2003	 1 278,23 	 1 165,96 	 305,66 	 2 023,00 	 2 269,40 	 27,07 	 13,33 	 1 424,95 	 6 773,82 	 45,71 	 3 547,57 	 657,15 	 141,47 	 289,87 	 535,26 	 65,01 	 2 764,89 	 1 143,10 	 379,41 	 3 256,12 	 72,26 	 248,90 	 1 502,02 	 145,05 	 170,20 	 0,00 
04.05.2003	 1 278,23 	 1 165,96 	 305,66 	 2 023,00 	 2 269,40 	 27,07 	 13,33 	 1 424,95 	 6 773,82 	 45,71 	 3 547,57 	 657,15 	 141,47 	 289,87 	 535,26 	 65,01 	 2 764,89 	 1 143,10 	 379,41 	 3 256,12 	 72,26 	 248,90 	 1 502,02 	 145,05 	 170,20 	 13,07 
05.05.2003	 1 278,23 	 1 165,96 	 305,66 	 2 023,00 	 2 269,40 	 27,07 	 13,33 	 1 424,95 	 6 773,82 	 45,71 	 3 547,57 	 657,15 	 141,47 	 289,87 	 535,26 	 65,01 	 2 764,89 	 1 143,10 	 379,41 	 3 256,12 	 72,26 	 248,90 	 1 502,02 	 145,05 	 170,20 	 13,07 
06.05.2003	 1 278,23 	 1 165,96 	 305,66 	 2 023,00 	 2 269,40 	 27,07 	 13,33 	 1 424,95 	 6 773,82 	 45,71 	 3 547,57 	 657,15 	 141,47 	 289,87 	 535,26 	 65,01 	 2 764,89 	 1 143,10 	 379,41 	 3 256,12 	 72,26 	 248,90 	 1 502,02 	 145,05 	 170,20 	 13,07 
07.05.2003	 1 278,23 	 1 165,96 	 305,66 	 2 023,00 	 2 269,40 	 27,07 	 13,33 	 1 424,95 	 6 773,82 	 45,71 	 3 547,57 	 657,15 	 141,47 	 289,87 	 535,26 	 65,01 	 2 764,89 	 1 143,10 	 379,41 	 3 256,12 	 72,26 	 248,90 	 1 502,02 	 145,05 	 170,20 	 13,07 
08.05.2003	 1 296,30 	 1 185,01 	 310,64 	 2 025,00 	 2 306,88 	 27,56 	 13,38 	 1 453,33 	 6 786,08 	 46,00 	 3 574,27 	 668,01 	 141,61 	 293,35 	 535,71 	 65,11 	 2 767,63 	 1 161,32 	 379,83 	 3 264,10 	 73,53 	 253,78 	 1 522,50 	 147,42 	 172,21 	 13,20 
09.05.2003	 1 287,02 	 1 179,69 	 309,19 	 2 026,00 	 2 295,96 	 27,49 	 13,40 	 1 443,17 	 6 778,64 	 46,02 	 3 570,36 	 664,81 	 142,08 	 292,30 	 535,16 	 65,14 	 2 768,99 	 1 166,18 	 379,37 	 3 229,75 	 73,33 	 251,99 	 1 526,81 	 146,73 	 174,04 	 13,35 
10.05.2003	 1 287,02 	 1 179,69 	 309,19 	 2 026,00 	 2 295,96 	 27,49 	 13,40 	 1 443,17 	 6 778,64 	 46,02 	 3 570,36 	 664,81 	 142,08 	 292,30 	 535,16 	 65,14 	 2 768,99 	 1 166,18 	 379,37 	 3 229,75 	 73,33 	 251,99 	 1 526,81 	 146,73 	 174,04 	 13,35 
11.05.2003	 1 287,02 	 1 179,69 	 309,19 	 2 026,00 	 2 295,96 	 27,49 	 13,40 	 1 443,17 	 6 778,64 	 46,02 	 3 570,36 	 664,81 	 142,08 	 292,30 	 535,16 	 65,14 	 2 768,99 	 1 166,18 	 379,37 	 3 229,75 	 73,33 	 251,99 	 1 526,81 	 146,73 	 174,04 	 13,35 
12.05.2003	 1 287,02 	 1 179,69 	 309,19 	 2 026,00 	 2 295,96 	 27,49 	 13,40 	 1 443,17 	 6 778,64 	 46,02 	 3 570,36 	 664,81 	 142,08 	 292,30 	 535,16 	 65,14 	 2 768,99 	 1 166,18 	 379,37 	 3 229,75 	 73,33 	 251,99 	 1 526,81 	 146,73 	 174,04 	 13,35 
13.05.2003	 1 318,06 	 1 208,92 	 316,94 	 2 027,00 	 2 353,04 	 27,87 	 13,42 	 1 463,49 	 6 793,81 	 46,04 	 3 607,08 	 681,40 	 142,25 	 298,14 	 541,79 	 65,37 	 2 770,36 	 1 170,22 	 380,10 	 3 267,93 	 74,90 	 256,03 	 1 556,54 	 150,37 	 174,18 	 13,59 
14.05.2003	 1 307,35 	 1 198,09 	 314,06 	 2 028,00 	 2 332,10 	 27,84 	 13,43 	 1 458,10 	 6 793,63 	 46,31 	 3 594,15 	 675,46 	 142,32 	 296,79 	 538,93 	 65,46 	 2 771,73 	 1 170,36 	 380,38 	 3 257,68 	 74,15 	 254,13 	 1 542,03 	 149,05 	 173,18 	 13,52 
15.05.2003	 1 310,84 	 1 201,30 	 314,89 	 2 029,00 	 2 338,12 	 27,84 	 13,45 	 1 463,08 	 6 795,84 	 46,34 	 3 602,31 	 677,18 	 142,74 	 297,19 	 540,46 	 65,49 	 2 773,10 	 1 171,41 	 365,59 	 3 267,60 	 74,34 	 254,79 	 1 543,49 	 149,43 	 173,99 	 13,64 
16.05.2003	 1 310,30 	 1 196,25 	 313,57 	 2 031,00 	 2 327,63 	 27,78 	 13,47 	 1 474,62 	 6 797,30 	 46,38 	 3 603,94 	 674,38 	 143,28 	 296,43 	 537,83 	 65,56 	 2 775,83 	 1 183,15 	 380,85 	 3 284,03 	 73,92 	 253,68 	 1 541,32 	 148,79 	 175,26 	 13,65 
17.05.2003	 1 302,21 	 1 190,88 	 312,15 	 2 032,00 	 2 317,80 	 27,74 	 13,49 	 1 468,58 	 6 802,58 	 46,41 	 3 599,33 	 671,23 	 143,35 	 295,50 	 538,14 	 65,78 	 2 777,20 	 1 177,36 	 381,10 	 3 292,75 	 73,89 	 252,91 	 1 537,36 	 148,07 	 174,65 	 13,55 
18.05.2003	 1 302,21 	 1 190,88 	 312,15 	 2 032,00 	 2 317,80 	 27,74 	 13,49 	 1 468,58 	 6 802,58 	 46,41 	 3 599,33 	 671,23 	 143,35 	 295,50 	 538,14 	 65,78 	 2 777,20 	 1 177,36 	 381,10 	 3 292,75 	 73,89 	 252,91 	 1 537,36 	 148,07 	 174,65 	 13,55 
19.05.2003	 1 302,21 	 1 190,88 	 312,15 	 2 032,00 	 2 317,80 	 27,74 	 13,49 	 1 468,58 	 6 802,58 	 46,41 	 3 599,33 	 671,23 	 143,35 	 295,50 	 538,14 	 65,78 	 2 777,20 	 1 177,36 	 381,10 	 3 292,75 	 73,89 	 252,91 	 1 537,36 	 148,07 	 174,65 	 13,55 
20.05.2003	 1 340,05 	 1 225,33 	 321,23 	 2 033,00 	 2 384,91 	 28,16 	 13,45 	 1 503,81 	 6 822,72 	 46,43 	 3 645,66 	 690,86 	 143,67 	 302,51 	 547,73 	 65,81 	 2 778,56 	 1 180,67 	 381,19 	 3 325,78 	 76,06 	 259,61 	 1 575,42 	 152,42 	 176,54 	 13,51 
21.05.2003	 1 328,51 	 1 213,02 	 317,97 	 2 034,00 	 2 360,97 	 27,74 	 13,44 	 1 494,05 	 6 813,50 	 47,21 	 3 622,76 	 684,05 	 143,75 	 296,97 	 546,73 	 65,84 	 2 779,93 	 1 174,91 	 381,23 	 3 320,10 	 75,12 	 257,57 	 1 559,88 	 150,91 	 173,42 	 13,75 
22.05.2003	 1 340,96 	 1 225,02 	 321,10 	 2 035,00 	 2 383,80 	 27,72 	 13,45 	 1 510,76 	 6 816,51 	 47,23 	 3 641,41 	 690,47 	 144,33 	 301,73 	 544,41 	 65,88 	 2 781,30 	 1 179,78 	 381,48 	 3 343,61 	 75,69 	 259,33 	 1 579,17 	 152,34 	 174,42 	 13,92 
23.05.2003	 1 335,72 	 1 219,38 	 319,63 	 2 036,00 	 2 373,67 	 27,94 	 13,51 	 1 499,37 	 6 810,96 	 47,25 	 3 631,50 	 687,42 	 144,40 	 302,28 	 547,12 	 66,03 	 2 782,66 	 1 180,02 	 381,63 	 3 326,21 	 75,56 	 258,97 	 1 569,11 	 151,67 	 173,20 	 13,74 
24.05.2003	 1 342,69 	 1 232,86 	 323,26 	 2 037,00 	 2 398,97 	 28,36 	 13,54 	 1 485,02 	 6 827,55 	 47,28 	 3 649,56 	 694,77 	 144,47 	 304,94 	 550,91 	 66,29 	 2 784,03 	 1 182,93 	 381,73 	 3 342,11 	 76,46 	 261,84 	 1 577,54 	 153,06 	 174,09 	 13,92 
25.05.2003	 1 342,69 	 1 232,86 	 323,26 	 2 037,00 	 2 398,97 	 28,36 	 13,54 	 1 485,02 	 6 827,55 	 47,28 	 3 649,56 	 694,77 	 144,47 	 304,94 	 550,91 	 66,29 	 2 784,03 	 1 182,93 	 381,73 	 3 342,11 	 76,46 	 261,84 	 1 577,54 	 153,06 	 174,09 	 13,92 
26.05.2003	 1 342,69 	 1 232,86 	 323,26 	 2 037,00 	 2 398,97 	 28,36 	 13,54 	 1 485,02 	 6 827,55 	 47,28 	 3 649,56 	 694,77 	 144,47 	 304,94 	 550,91 	 66,29 	 2 784,03 	 1 182,93 	 381,73 	 3 342,11 	 76,46 	 261,84 	 1 577,54 	 153,06 	 174,09 	 13,92 
27.05.2003	 1 341,06 	 1 236,04 	 324,05 	 2 037,00 	 2 406,00 	 28,48 	 13,54 	 1 479,30 	 6 823,21 	 47,28 	 3 655,45 	 696,96 	 144,98 	 305,26 	 553,98 	 66,30 	 2 784,03 	 1 183,27 	 381,80 	 3 341,70 	 76,67 	 261,57 	 1 579,01 	 153,78 	 174,24 	 13,96 
28.05.2003	 1 346,00 	 1 245,11 	 326,40 	 2 038,00 	 2 423,08 	 28,57 	 13,54 	 1 483,69 	 6 834,11 	 48,00 	 3 666,46 	 702,02 	 144,80 	 307,27 	 555,62 	 66,34 	 2 785,40 	 1 182,34 	 382,08 	 3 343,14 	 77,24 	 263,38 	 1 585,68 	 154,93 	 174,50 	 13,95 
29.05.2003	 1 331,77 	 1 234,07 	 323,47 	 2 039,00 	 2 401,64 	 28,20 	 13,53 	 1 481,24 	 6 828,53 	 48,02 	 3 650,85 	 695,68 	 144,87 	 305,09 	 551,42 	 66,59 	 2 786,76 	 1 179,91 	 382,19 	 3 338,66 	 76,56 	 262,35 	 1 579,27 	 153,49 	 173,22 	 14,06 
30.05.2003	 1 313,25 	 1 226,15 	 321,47 	 2 040,00 	 2 386,39 	 28,12 	 13,54 	 1 468,58 	 6 814,99 	 48,04 	 3 634,74 	 691,53 	 144,37 	 303,23 	 545,97 	 66,51 	 2 788,13 	 1 174,44 	 382,29 	 3 333,16 	 76,24 	 260,44 	 1 561,48 	 152,58 	 171,23 	 14,13 
31.05.2003	 1 330,87 	 1 241,26 	 325,42 	 2 042,00 	 2 416,30 	 28,36 	 13,58 	 1 495,42 	 6 830,35 	 48,09 	 3 656,55 	 700,01 	 144,52 	 306,00 	 550,70 	 66,50 	 2 790,86 	 1 179,56 	 382,63 	 3 366,65 	 77,12 	 264,53 	 1 580,19 	 154,43 	 172,07 	 14,29 
01.06.2003	 1 330,87 	 1 241,26 	 325,42 	 2 042,00 	 2 416,30 	 28,36 	 13,58 	 1 495,42 	 6 830,35 	 48,09 	 3 656,55 	 700,01 	 144,52 	 306,00 	 550,70 	 66,50 	 2 790,86 	 1 179,56 	 382,63 	 3 366,65 	 77,12 	 264,53 	 1 580,19 	 154,43 	 172,07 	 14,29 
02.06.2003	 1 330,87 	 1 241,26 	 325,42 	 2 042,00 	 2 416,30 	 28,36 	 13,58 	 1 495,42 	 6 830,35 	 48,09 	 3 656,55 	 700,01 	 144,52 	 306,00 	 550,70 	 66,50 	 2 790,86 	 1 179,56 	 382,63 	 3 366,65 	 77,12 	 264,53 	 1 580,19 	 154,43 	 172,07 	 14,29 
03.06.2003	 1 327,44 	 1 226,99 	 321,60 	 2 043,00 	 2 387,55 	 28,26 	 13,62 	 1 488,80 	 6 828,09 	 48,11 	 3 634,26 	 691,60 	 144,69 	 303,11 	 544,50 	 66,67 	 2 792,23 	 1 180,31 	 382,90 	 3 324,98 	 76,39 	 262,06 	 1 563,36 	 152,53 	 172,03 	 14,38 
04.06.2003	 1 346,48 	 1 236,46 	 324,10 	 2 044,00 	 2 406,61 	 28,30 	 13,64 	 1 494,59 	 6 833,61 	 48,62 	 3 650,98 	 697,06 	 144,86 	 304,95 	 543,33 	 66,49 	 2 793,60 	 1 184,65 	 383,03 	 3 354,92 	 76,81 	 263,82 	 1 570,01 	 153,77 	 172,25 	 14,30 
05.06.2003	 1 358,39 	 1 233,34 	 323,29 	 2 045,00 	 2 400,42 	 28,13 	 13,66 	 1 502,02 	 6 835,58 	 48,65 	 3 646,25 	 695,22 	 144,93 	 297,59 	 540,36 	 66,48 	 2 794,96 	 1 185,58 	 383,32 	 3 335,09 	 76,57 	 263,38 	 1 562,02 	 153,49 	 172,27 	 14,35 
06.06.2003	 1 357,83 	 1 226,32 	 321,50 	 2 046,00 	 2 386,97 	 27,90 	 13,70 	 1 505,91 	 6 834,24 	 48,67 	 3 637,66 	 691,22 	 144,29 	 294,94 	 534,62 	 66,76 	 2 796,33 	 1 187,26 	 383,49 	 3 343,27 	 75,68 	 261,77 	 1 555,24 	 152,55 	 173,02 	 14,24 
07.06.2003	 1 364,43 	 1 244,83 	 326,31 	 2 047,00 	 2 422,93 	 28,34 	 13,72 	 1 523,29 	 6 858,77 	 48,69 	 3 665,50 	 701,65 	 144,36 	 297,82 	 547,33 	 66,97 	 2 797,70 	 1 187,60 	 383,69 	 3 412,66 	 77,22 	 265,75 	 1 569,36 	 154,85 	 173,52 	 14,31 
08.06.2003	 1 364,43 	 1 244,83 	 326,31 	 2 047,00 	 2 422,93 	 28,34 	 13,72 	 1 523,29 	 6 858,77 	 48,69 	 3 665,50 	 701,65 	 144,36 	 297,82 	 547,33 	 66,97 	 2 797,70 	 1 187,60 	 383,69 	 3 412,66 	 77,22 	 265,75 	 1 569,36 	 154,85 	 173,52 	 14,31 
09.06.2003	 1 364,43 	 1 244,83 	 326,31 	 2 047,00 	 2 422,93 	 28,34 	 13,72 	 1 523,29 	 6 858,77 	 48,69 	 3 665,50 	 701,65 	 144,36 	 297,82 	 547,33 	 66,97 	 2 797,70 	 1 187,60 	 383,69 	 3 412,66 	 77,22 	 265,75 	 1 569,36 	 154,85 	 173,52 	 14,31 
10.06.2003	 1 348,30 	 1 232,84 	 323,19 	 2 048,00 	 2 399,95 	 28,04 	 13,70 	 1 507,05 	 6 844,81 	 48,72 	 3 646,40 	 695,09 	 144,89 	 294,66 	 547,62 	 67,23 	 2 799,06 	 1 184,77 	 383,74 	 3 385,34 	 76,63 	 263,06 	 1 552,46 	 153,45 	 172,92 	 14,46 
11.06.2003	 1 345,68 	 1 232,30 	 323,07 	 2 049,00 	 2 398,66 	 28,02 	 13,70 	 1 506,73 	 6 848,26 	 48,78 	 3 650,13 	 694,73 	 144,55 	 292,71 	 537,44 	 67,05 	 2 800,43 	 1 183,03 	 383,96 	 3 386,28 	 76,67 	 263,05 	 1 554,92 	 153,30 	 173,31 	 14,39 
12.06.2003	 1 348,39 	 1 232,64 	 323,13 	 2 050,00 	 2 399,22 	 27,93 	 13,76 	 1 505,14 	 6 852,29 	 48,81 	 3 654,51 	 694,94 	 144,28 	 293,31 	 542,11 	 67,18 	 2 801,80 	 1 180,26 	 384,20 	 3 405,87 	 76,52 	 263,20 	 1 559,41 	 153,36 	 173,93 	 14,41 
13.06.2003	 1 364,02 	 1 238,94 	 324,92 	 2 051,00 	 2 411,87 	 27,87 	 13,79 	 1 519,37 	 6 862,17 	 48,83 	 3 668,07 	 698,68 	 144,67 	 293,34 	 542,23 	 67,18 	 2 803,16 	 1 180,36 	 384,49 	 3 438,09 	 77,08 	 265,26 	 1 569,36 	 154,14 	 174,17 	 14,46 
14.06.2003	 1 362,43 	 1 241,38 	 325,37 	 2 052,00 	 2 415,51 	 27,92 	 13,80 	 1 521,92 	 6 864,71 	 48,85 	 3 671,17 	 699,66 	 144,86 	 295,15 	 544,01 	 67,18 	 2 804,53 	 1 182,98 	 384,62 	 3 427,97 	 77,26 	 266,07 	 1 566,35 	 154,42 	 174,33 	 14,50 
15.06.2003	 1 362,43 	 1 241,38 	 325,37 	 2 052,00 	 2 415,51 	 27,92 	 13,80 	 1 521,92 	 6 864,71 	 48,85 	 3 671,17 	 699,66 	 144,86 	 295,15 	 544,01 	 67,18 	 2 804,53 	 1 182,98 	 384,62 	 3 427,97 	 77,26 	 266,07 	 1 566,35 	 154,42 	 174,33 	 14,50 
16.06.2003	 1 362,43 	 1 241,38 	 325,37 	 2 052,00 	 2 415,51 	 27,92 	 13,80 	 1 521,92 	 6 864,71 	 48,85 	 3 671,17 	 699,66 	 144,86 	 295,15 	 544,01 	 67,18 	 2 804,53 	 1 182,98 	 384,62 	 3 427,97 	 77,26 	 266,07 	 1 566,35 	 154,42 	 174,33 	 14,50 
17.06.2003	 1 371,25 	 1 251,64 	 328,13 	 2 052,00 	 2 435,83 	 28,06 	 13,77 	 1 540,19 	 6 873,34 	 48,85 	 3 677,09 	 705,69 	 144,71 	 296,60 	 553,52 	 67,36 	 2 915,68 	 1 187,91 	 384,70 	 3 456,80 	 77,70 	 267,82 	 1 580,10 	 155,70 	 174,59 	 14,49 
18.06.2003	 1 371,92 	 1 248,29 	 327,21 	 2 053,00 	 2 429,62 	 28,07 	 13,81 	 1 528,33 	 6 871,16 	 49,17 	 3 674,93 	 703,89 	 144,58 	 295,40 	 551,80 	 67,58 	 2 805,90 	 1 188,97 	 384,78 	 3 456,53 	 77,54 	 267,58 	 1 577,71 	 155,27 	 174,52 	 14,53 
19.06.2003	 1 375,46 	 1 241,58 	 325,46 	 2 054,00 	 2 416,43 	 27,98 	 13,84 	 1 529,87 	 6 871,17 	 49,20 	 3 668,84 	 699,96 	 144,65 	 295,05 	 551,93 	 67,61 	 2 807,26 	 1 188,18 	 385,20 	 3 455,34 	 77,03 	 266,77 	 1 567,40 	 154,44 	 173,64 	 14,51 
20.06.2003	 1 370,99 	 1 227,38 	 321,68 	 2 055,00 	 2 388,32 	 27,92 	 13,84 	 1 527,71 	 6 867,17 	 49,22 	 3 656,26 	 691,67 	 145,18 	 293,35 	 538,00 	 67,64 	 2 808,63 	 1 186,46 	 385,16 	 3 444,49 	 75,97 	 263,31 	 1 542,97 	 152,66 	 173,20 	 14,39 
21.06.2003	 1 382,15 	 1 235,32 	 323,82 	 2 056,00 	 2 404,29 	 28,03 	 13,83 	 1 528,91 	 6 886,50 	 49,24 	 3 671,76 	 696,22 	 145,33 	 293,92 	 542,34 	 67,68 	 2 810,00 	 1 184,33 	 385,17 	 3 451,51 	 76,36 	 265,06 	 1 556,10 	 153,67 	 173,70 	 14,50 
22.06.2003	 1 382,15 	 1 235,32 	 323,82 	 2 056,00 	 2 404,29 	 28,03 	 13,83 	 1 528,91 	 6 886,50 	 49,24 	 3 671,76 	 696,22 	 145,33 	 293,92 	 542,34 	 67,68 	 2 810,00 	 1 184,33 	 385,17 	 3 451,51 	 76,36 	 265,06 	 1 556,10 	 153,67 	 173,70 	 14,50 
23.06.2003	 1 382,15 	 1 235,32 	 323,82 	 2 056,00 	 2 404,29 	 28,03 	 13,83 	 1 528,91 	 6 886,50 	 49,24 	 3 671,76 	 696,22 	 145,33 	 293,92 	 542,34 	 67,68 	 2 810,00 	 1 184,33 	 385,17 	 3 451,51 	 76,36 	 265,06 	 1 556,10 	 153,67 	 173,70 	 14,50 
24.06.2003	 1 367,60 	 1 219,18 	 319,58 	 2 057,00 	 2 372,34 	 27,49 	 13,85 	 1 509,28 	 6 864,10 	 49,27 	 3 653,64 	 687,12 	 145,32 	 289,28 	 536,66 	 67,76 	 2 811,36 	 1 182,15 	 380,93 	 3 411,23 	 75,42 	 261,22 	 1 550,05 	 151,68 	 174,23 	 14,38 
25.06.2003	 1 366,20 	 1 222,02 	 320,30 	 2 058,00 	 2 378,33 	 27,34 	 13,85 	 1 515,58 	 6 872,37 	 50,58 	 3 662,25 	 688,80 	 145,39 	 291,28 	 530,89 	 67,80 	 2 812,73 	 1 183,57 	 379,35 	 3 435,11 	 75,36 	 260,57 	 1 552,68 	 151,99 	 174,76 	 14,35 
26.06.2003	 1 370,99 	 1 219,14 	 319,53 	 2 059,00 	 2 372,38 	 27,04 	 13,88 	 1 515,92 	 6 873,18 	 50,61 	 3 660,77 	 687,15 	 145,77 	 289,50 	 531,49 	 67,91 	 2 814,10 	 1 183,13 	 385,73 	 3 428,54 	 75,30 	 258,94 	 1 550,63 	 151,63 	 174,87 	 14,33 
27.06.2003	 1 377,52 	 1 210,77 	 317,40 	 2 060,00 	 2 357,46 	 26,99 	 13,91 	 1 526,38 	 6 867,81 	 50,63 	 3 649,25 	 682,80 	 145,58 	 284,33 	 529,32 	 67,90 	 2 815,46 	 1 177,55 	 385,92 	 3 427,85 	 74,83 	 256,57 	 1 531,26 	 151,47 	 173,49 	 14,37 
28.06.2003	 1 369,39 	 1 207,89 	 316,51 	 2 060,00 	 2 350,25 	 26,92 	 13,93 	 1 518,28 	 6 860,61 	 50,63 	 3 633,80 	 680,64 	 145,84 	 283,02 	 523,11 	 67,88 	 2 815,46 	 1 173,79 	 386,33 	 3 411,88 	 74,44 	 256,62 	 1 521,59 	 150,19 	 171,72 	 14,40 
29.06.2003	 1 369,39 	 1 207,89 	 316,51 	 2 060,00 	 2 350,25 	 26,92 	 13,93 	 1 518,28 	 6 860,61 	 50,63 	 3 633,80 	 680,64 	 145,84 	 283,02 	 523,11 	 67,88 	 2 815,46 	 1 173,79 	 386,33 	 3 411,88 	 74,44 	 256,62 	 1 521,59 	 150,19 	 171,72 	 14,40 
30.06.2003	 1 369,39 	 1 207,89 	 316,51 	 2 060,00 	 2 350,25 	 26,92 	 13,93 	 1 518,28 	 6 860,61 	 50,63 	 3 633,80 	 680,64 	 145,84 	 283,02 	 523,11 	 67,88 	 2 815,46 	 1 173,79 	 386,33 	 3 411,88 	 74,44 	 256,62 	 1 521,59 	 150,19 	 171,72 	 14,40 
01.07.2003	 1 376,18 	 1 212,48 	 317,69 	 2 060,00 	 2 359,63 	 27,05 	 13,96 	 1 527,79 	 6 860,38 	 50,63 	 3 634,44 	 683,50 	 146,15 	 285,43 	 529,29 	 67,80 	 2 815,46 	 1 170,12 	 386,20 	 3 403,74 	 74,76 	 257,54 	 1 520,35 	 150,82 	 171,90 	 14,58 
02.07.2003	 1 389,99 	 1 220,78 	 319,74 	 2 060,00 	 2 375,90 	 27,05 	 13,95 	 1 528,64 	 6 864,72 	 50,02 	 3 640,54 	 688,15 	 146,15 	 285,43 	 534,37 	 67,92 	 2 815,46 	 1 170,69 	 386,22 	 3 407,96 	 75,21 	 258,16 	 1 528,02 	 151,85 	 171,89 	 14,62 
03.07.2003	 1 398,08 	 1 222,67 	 320,26 	 2 061,00 	 2 379,84 	 27,05 	 13,95 	 1 527,12 	 6 874,12 	 50,05 	 3 641,66 	 689,16 	 146,22 	 287,80 	 536,97 	 68,06 	 2 816,83 	 1 174,09 	 386,56 	 3 426,52 	 75,12 	 258,83 	 1 534,40 	 152,09 	 173,27 	 14,65 
04.07.2003	 1 398,08 	 1 222,67 	 320,26 	 2 061,00 	 2 379,84 	 27,05 	 13,95 	 1 527,12 	 6 874,12 	 50,05 	 3 641,66 	 689,16 	 146,22 	 287,80 	 536,97 	 68,06 	 2 816,83 	 1 174,09 	 386,56 	 3 426,52 	 75,12 	 258,83 	 1 534,40 	 152,09 	 173,27 	 14,65 
05.07.2003	 1 403,23 	 1 215,46 	 318,19 	 2 061,00 	 2 365,62 	 27,02 	 13,95 	 1 539,55 	 6 872,86 	 50,05 	 3 653,28 	 685,08 	 146,69 	 285,81 	 529,63 	 68,04 	 2 816,83 	 1 177,24 	 386,11 	 3 443,62 	 74,75 	 257,86 	 1 526,72 	 151,20 	 174,48 	 14,78 
06.07.2003	 1 403,23 	 1 215,46 	 318,19 	 2 061,00 	 2 365,62 	 27,02 	 13,95 	 1 539,55 	 6 872,86 	 50,05 	 3 653,28 	 685,08 	 146,69 	 285,81 	 529,63 	 68,04 	 2 816,83 	 1 177,24 	 386,11 	 3 443,62 	 74,75 	 257,86 	 1 526,72 	 151,20 	 174,48 	 14,78 
07.07.2003	 1 403,23 	 1 215,46 	 318,19 	 2 061,00 	 2 365,62 	 27,02 	 13,95 	 1 539,55 	 6 872,86 	 50,05 	 3 653,28 	 685,08 	 146,69 	 285,81 	 529,63 	 68,04 	 2 816,83 	 1 177,24 	 386,11 	 3 443,62 	 74,75 	 257,86 	 1 526,72 	 151,20 	 174,48 	 14,78 
08.07.2003	 1 408,59 	 1 208,94 	 316,52 	 2 061,00 	 2 353,15 	 26,91 	 13,97 	 1 535,37 	 6 869,89 	 50,05 	 3 643,92 	 681,46 	 146,69 	 283,67 	 529,14 	 68,02 	 2 816,83 	 1 178,05 	 386,12 	 3 425,07 	 74,44 	 254,33 	 1 517,17 	 150,39 	 174,70 	 14,66 
09.07.2003	 1 376,44 	 1 193,68 	 312,43 	 2 061,00 	 2 323,37 	 26,54 	 13,99 	 1 518,01 	 6 853,10 	 49,54 	 3 613,57 	 672,69 	 146,69 	 280,84 	 522,67 	 67,89 	 2 816,83 	 1 172,09 	 386,13 	 3 373,44 	 73,59 	 253,15 	 1 496,57 	 148,48 	 173,67 	 14,68 
10.07.2003	 1 362,88 	 1 202,12 	 314,66 	 2 062,00 	 2 339,34 	 26,55 	 14,01 	 1 513,56 	 6 861,10 	 49,56 	 3 620,40 	 677,54 	 146,76 	 283,91 	 524,85 	 67,79 	 2 818,20 	 1 175,20 	 386,43 	 3 361,58 	 74,03 	 255,85 	 1 515,90 	 149,45 	 174,53 	 14,51 
11.07.2003	 1 347,86 	 1 199,42 	 313,88 	 2 063,00 	 2 334,18 	 26,59 	 14,04 	 1 493,30 	 6 868,20 	 49,58 	 3 625,98 	 676,18 	 146,83 	 280,42 	 524,47 	 67,94 	 2 819,56 	 1 177,38 	 386,73 	 3 366,40 	 73,84 	 255,16 	 1 507,55 	 149,19 	 175,34 	 14,66 
12.07.2003	 1 356,77 	 1 201,64 	 314,49 	 2 064,00 	 2 338,41 	 26,67 	 14,06 	 1 491,76 	 6 871,98 	 49,61 	 3 631,25 	 677,30 	 146,90 	 281,00 	 525,46 	 67,94 	 2 820,93 	 1 175,47 	 387,01 	 3 371,03 	 73,84 	 256,06 	 1 510,48 	 149,46 	 175,18 	 14,80 
13.07.2003	 1 356,77 	 1 201,64 	 314,49 	 2 064,00 	 2 338,41 	 26,67 	 14,06 	 1 491,76 	 6 871,98 	 49,61 	 3 631,25 	 677,30 	 146,90 	 281,00 	 525,46 	 67,94 	 2 820,93 	 1 175,47 	 387,01 	 3 371,03 	 73,84 	 256,06 	 1 510,48 	 149,46 	 175,18 	 14,80 
14.07.2003	 1 356,77 	 1 201,64 	 314,49 	 2 064,00 	 2 338,41 	 26,67 	 14,06 	 1 491,76 	 6 871,98 	 49,61 	 3 631,25 	 677,30 	 146,90 	 281,00 	 525,46 	 67,94 	 2 820,93 	 1 175,47 	 387,01 	 3 371,03 	 73,84 	 256,06 	 1 510,48 	 149,46 	 175,18 	 14,80 
15.07.2003	 1 356,98 	 1 194,76 	 312,74 	 2 064,00 	 2 324,99 	 26,71 	 14,08 	 1 496,85 	 6 873,70 	 49,61 	 3 621,37 	 673,49 	 146,70 	 279,16 	 523,39 	 67,68 	 2 820,93 	 1 176,27 	 386,74 	 3 352,56 	 73,07 	 254,33 	 1 499,07 	 148,59 	 175,61 	 14,86 
16.07.2003	 1 356,19 	 1 196,96 	 313,51 	 2 065,00 	 2 329,84 	 26,75 	 14,09 	 1 499,04 	 6 878,06 	 49,11 	 3 620,58 	 674,76 	 147,18 	 279,00 	 524,42 	 67,63 	 2 822,30 	 1 176,37 	 386,96 	 3 322,07 	 73,10 	 255,05 	 1 500,78 	 148,90 	 175,60 	 14,97 
17.07.2003	 1 349,48 	 1 183,65 	 309,83 	 2 065,00 	 2 303,61 	 26,48 	 14,08 	 1 481,77 	 6 867,88 	 49,11 	 3 597,25 	 667,32 	 147,39 	 276,04 	 518,45 	 67,66 	 2 822,30 	 1 172,83 	 386,89 	 3 287,58 	 72,30 	 252,32 	 1 487,70 	 147,24 	 174,52 	 14,96 
18.07.2003	 1 353,13 	 1 191,88 	 312,00 	 2 066,00 	 2 319,91 	 26,60 	 14,11 	 1 489,92 	 6 880,59 	 49,13 	 3 607,16 	 672,01 	 147,47 	 278,21 	 516,97 	 67,76 	 2 823,66 	 1 173,20 	 387,08 	 3 297,13 	 72,65 	 252,36 	 1 509,08 	 148,25 	 174,48 	 14,93 
19.07.2003	 1 341,79 	 1 190,60 	 311,70 	 2 067,00 	 2 317,93 	 26,48 	 14,12 	 1 474,64 	 6 883,80 	 49,15 	 3 605,13 	 671,41 	 147,54 	 276,69 	 517,80 	 67,92 	 2 825,03 	 1 172,77 	 387,40 	 3 296,14 	 72,47 	 251,22 	 1 507,82 	 148,11 	 173,73 	 14,79 
20.07.2003	 1 341,79 	 1 190,60 	 311,70 	 2 067,00 	 2 317,93 	 26,48 	 14,12 	 1 474,64 	 6 883,80 	 49,15 	 3 605,13 	 671,41 	 147,54 	 276,69 	 517,80 	 67,92 	 2 825,03 	 1 172,77 	 387,40 	 3 296,14 	 72,47 	 251,22 	 1 507,82 	 148,11 	 173,73 	 14,79 
21.07.2003	 1 341,79 	 1 190,60 	 311,70 	 2 067,00 	 2 317,93 	 26,48 	 14,12 	 1 474,64 	 6 883,80 	 49,15 	 3 605,13 	 671,41 	 147,54 	 276,69 	 517,80 	 67,92 	 2 825,03 	 1 172,77 	 387,40 	 3 296,14 	 72,47 	 251,22 	 1 507,82 	 148,11 	 173,73 	 14,79 
22.07.2003	 1 339,93 	 1 199,30 	 314,04 	 2 067,00 	 2 334,78 	 26,59 	 14,11 	 1 467,83 	 6 886,33 	 49,15 	 3 615,53 	 676,40 	 147,54 	 278,76 	 521,48 	 68,07 	 2 825,03 	 1 176,24 	 387,60 	 3 281,78 	 72,65 	 251,68 	 1 519,13 	 149,23 	 174,53 	 14,86 
23.07.2003	 1 352,58 	 1 207,20 	 315,97 	 2 068,00 	 2 349,35 	 26,70 	 14,11 	 1 474,25 	 6 893,56 	 48,25 	 3 625,84 	 680,51 	 147,61 	 281,30 	 527,90 	 68,25 	 2 826,40 	 1 176,20 	 387,91 	 3 314,07 	 72,93 	 253,51 	 1 523,22 	 150,15 	 173,74 	 14,85 
24.07.2003	 1 350,95 	 1 209,80 	 316,74 	 2 069,00 	 2 354,83 	 26,69 	 14,13 	 1 460,13 	 6 897,82 	 48,27 	 3 632,05 	 682,16 	 147,68 	 282,67 	 531,19 	 68,18 	 2 827,76 	 1 177,51 	 388,16 	 3 311,12 	 72,98 	 254,49 	 1 524,91 	 150,50 	 174,05 	 14,77 
25.07.2003	 1 372,68 	 1 219,79 	 319,45 	 2 069,00 	 2 374,69 	 26,86 	 14,13 	 1 484,91 	 6 911,76 	 48,27 	 3 644,21 	 687,75 	 147,68 	 287,00 	 537,58 	 68,16 	 2 827,76 	 1 183,03 	 388,14 	 3 339,47 	 73,90 	 257,71 	 1 532,88 	 151,76 	 174,15 	 14,46 
26.07.2003	 1 373,76 	 1 221,49 	 319,92 	 2 070,00 	 2 377,60 	 26,85 	 14,12 	 1 486,21 	 6 917,29 	 48,29 	 3 642,76 	 688,54 	 147,75 	 288,42 	 538,61 	 68,26 	 2 829,13 	 1 182,86 	 388,37 	 3 345,53 	 74,04 	 258,15 	 1 536,58 	 151,95 	 173,90 	 14,55 
27.07.2003	 1 373,76 	 1 221,49 	 319,92 	 2 070,00 	 2 377,60 	 26,85 	 14,12 	 1 486,21 	 6 917,29 	 48,29 	 3 642,76 	 688,54 	 147,75 	 288,42 	 538,61 	 68,26 	 2 829,13 	 1 182,86 	 388,37 	 3 345,53 	 74,04 	 258,15 	 1 536,58 	 151,95 	 173,90 	 14,55 
28.07.2003	 1 373,76 	 1 221,49 	 319,92 	 2 070,00 	 2 377,60 	 26,85 	 14,12 	 1 486,21 	 6 917,29 	 48,29 	 3 642,76 	 688,54 	 147,75 	 288,42 	 538,61 	 68,26 	 2 829,13 	 1 182,86 	 388,37 	 3 345,53 	 74,04 	 258,15 	 1 536,58 	 151,95 	 173,90 	 14,55 
29.07.2003	 1 375,66 	 1 225,37 	 320,91 	 2 071,00 	 2 385,17 	 27,09 	 14,11 	 1 499,42 	 6 922,37 	 48,32 	 3 652,56 	 690,76 	 147,72 	 290,31 	 538,83 	 68,47 	 2 830,50 	 1 184,61 	 388,56 	 3 358,85 	 74,51 	 259,62 	 1 541,09 	 152,47 	 173,71 	 14,64 
30.07.2003	 1 379,02 	 1 225,71 	 321,02 	 2 072,00 	 2 385,39 	 27,14 	 14,11 	 1 497,81 	 6 929,30 	 47,20 	 3 654,00 	 690,80 	 147,79 	 289,29 	 540,99 	 68,50 	 2 831,86 	 1 181,20 	 388,63 	 3 376,12 	 74,58 	 259,87 	 1 541,67 	 152,43 	 173,48 	 14,42 
31.07.2003	 1 368,28 	 1 217,98 	 319,02 	 2 073,00 	 2 370,99 	 27,04 	 14,13 	 1 489,12 	 6 926,28 	 47,23 	 3 642,91 	 686,56 	 147,91 	 287,78 	 542,39 	 68,50 	 2 833,23 	 1 180,86 	 388,84 	 3 362,92 	 74,26 	 257,87 	 1 530,17 	 151,53 	 172,96 	 14,52 
01.08.2003	 1 350,90 	 1 206,45 	 316,02 	 2 074,00 	 2 348,49 	 26,83 	 14,13 	 1 477,89 	 6 924,53 	 47,25 	 3 627,46 	 680,16 	 147,98 	 288,25 	 535,23 	 68,49 	 2 834,60 	 1 179,08 	 388,61 	 3 341,42 	 73,02 	 255,84 	 1 516,69 	 150,08 	 172,62 	 14,60 
02.08.2003	 1 338,87 	 1 188,06 	 311,19 	 2 074,00 	 2 312,10 	 26,61 	 14,12 	 1 473,48 	 6 916,68 	 47,25 	 3 605,39 	 669,80 	 147,98 	 282,49 	 531,32 	 68,44 	 2 834,60 	 1 174,60 	 388,64 	 3 320,06 	 71,58 	 250,57 	 1 505,03 	 147,82 	 172,02 	 14,50 
03.08.2003	 1 338,87 	 1 188,06 	 311,19 	 2 074,00 	 2 312,10 	 26,61 	 14,12 	 1 473,48 	 6 916,68 	 47,25 	 3 605,39 	 669,80 	 147,98 	 282,49 	 531,32 	 68,44 	 2 834,60 	 1 174,60 	 388,64 	 3 320,06 	 71,58 	 250,57 	 1 505,03 	 147,82 	 172,02 	 14,50 
04.08.2003	 1 338,87 	 1 188,06 	 311,19 	 2 074,00 	 2 312,10 	 26,61 	 14,12 	 1 473,48 	 6 916,68 	 47,25 	 3 605,39 	 669,80 	 147,98 	 282,49 	 531,32 	 68,44 	 2 834,60 	 1 174,60 	 388,64 	 3 320,06 	 71,58 	 250,57 	 1 505,03 	 147,82 	 172,02 	 14,50 
05.08.2003	 1 352,80 	 1 205,06 	 315,64 	 2 075,00 	 2 345,68 	 26,68 	 14,12 	 1 484,74 	 6 927,98 	 47,27 	 3 626,67 	 679,43 	 148,06 	 286,56 	 535,76 	 68,41 	 2 835,96 	 1 179,04 	 389,01 	 3 345,63 	 72,64 	 253,06 	 1 527,31 	 149,93 	 173,00 	 14,59 
06.08.2003	 1 335,39 	 1 210,85 	 317,06 	 2 076,00 	 2 356,99 	 26,75 	 14,11 	 1 476,06 	 6 931,21 	 47,57 	 3 633,50 	 682,69 	 148,13 	 286,43 	 540,34 	 68,55 	 2 837,33 	 1 175,34 	 389,29 	 3 349,21 	 73,32 	 255,68 	 1 536,70 	 150,63 	 172,40 	 14,74 
07.08.2003	 1 350,78 	 1 216,68 	 318,49 	 2 077,00 	 2 367,88 	 26,76 	 14,11 	 1 483,84 	 6 937,21 	 47,60 	 3 642,26 	 685,83 	 148,20 	 288,31 	 540,84 	 68,55 	 2 838,70 	 1 178,64 	 389,64 	 3 355,50 	 73,53 	 256,97 	 1 542,46 	 151,34 	 173,17 	 14,81 
08.08.2003	 1 344,15 	 1 211,98 	 317,25 	 2 078,00 	 2 359,05 	 26,68 	 14,10 	 1 479,58 	 6 939,16 	 47,62 	 3 635,41 	 683,20 	 148,27 	 289,40 	 538,54 	 68,50 	 2 840,06 	 1 182,63 	 389,72 	 3 339,55 	 73,52 	 256,27 	 1 534,94 	 150,75 	 173,21 	 14,72 
09.08.2003	 1 354,36 	 1 211,71 	 317,17 	 2 079,00 	 2 358,31 	 26,64 	 14,13 	 1 491,18 	 6 945,51 	 47,64 	 3 642,26 	 682,92 	 148,24 	 289,72 	 540,42 	 68,40 	 2 841,43 	 1 184,48 	 389,95 	 3 352,49 	 73,73 	 256,13 	 1 533,81 	 150,71 	 174,85 	 14,81 
10.08.2003	 1 354,36 	 1 211,71 	 317,17 	 2 079,00 	 2 358,31 	 26,64 	 14,13 	 1 491,18 	 6 945,51 	 47,64 	 3 642,26 	 682,92 	 148,24 	 289,72 	 540,42 	 68,40 	 2 841,43 	 1 184,48 	 389,95 	 3 352,49 	 73,73 	 256,13 	 1 533,81 	 150,71 	 174,85 	 14,81 
11.08.2003	 1 354,36 	 1 211,71 	 317,17 	 2 079,00 	 2 358,31 	 26,64 	 14,13 	 1 491,18 	 6 945,51 	 47,64 	 3 642,26 	 682,92 	 148,24 	 289,72 	 540,42 	 68,40 	 2 841,43 	 1 184,48 	 389,95 	 3 352,49 	 73,73 	 256,13 	 1 533,81 	 150,71 	 174,85 	 14,81 
12.08.2003	 1 360,42 	 1 205,24 	 315,50 	 2 080,00 	 2 345,62 	 26,49 	 14,18 	 1 488,53 	 6 942,82 	 47,67 	 3 636,05 	 679,25 	 148,73 	 285,28 	 537,47 	 68,48 	 2 842,80 	 1 185,25 	 390,13 	 3 329,35 	 73,05 	 254,61 	 1 526,33 	 149,92 	 175,24 	 14,86 
13.08.2003	 1 370,65 	 1 217,99 	 317,46 	 2 081,00 	 2 359,75 	 26,46 	 14,20 	 1 505,19 	 6 955,80 	 47,93 	 3 647,04 	 683,29 	 148,80 	 285,97 	 540,24 	 68,56 	 2 844,17 	 1 185,08 	 390,36 	 3 342,50 	 73,30 	 255,20 	 1 529,87 	 150,80 	 175,33 	 14,84 
14.08.2003	 1 362,56 	 1 203,26 	 315,04 	 2 082,00 	 2 341,73 	 26,17 	 14,22 	 1 503,41 	 6 953,68 	 47,95 	 3 634,14 	 678,26 	 148,87 	 284,09 	 535,63 	 68,52 	 2 845,53 	 1 184,77 	 390,53 	 3 335,78 	 72,97 	 254,36 	 1 515,01 	 149,69 	 174,83 	 14,89 
15.08.2003	 1 371,76 	 1 213,16 	 317,62 	 2 083,00 	 2 360,98 	 26,13 	 14,25 	 1 510,95 	 6 962,36 	 47,98 	 3 649,26 	 683,62 	 148,95 	 283,36 	 538,24 	 68,68 	 2 846,90 	 1 189,74 	 390,81 	 3 361,34 	 73,43 	 255,94 	 1 525,45 	 150,86 	 174,62 	 14,85 
16.08.2003	 1 371,79 	 1 205,18 	 315,65 	 2 084,00 	 2 346,38 	 26,18 	 14,26 	 1 497,34 	 6 962,10 	 48,00 	 3 642,08 	 679,62 	 149,02 	 283,08 	 535,35 	 68,66 	 2 848,27 	 1 191,54 	 390,92 	 3 337,21 	 72,78 	 254,80 	 1 519,84 	 149,96 	 174,90 	 14,92 
17.08.2003	 1 371,79 	 1 205,18 	 315,65 	 2 084,00 	 2 346,38 	 26,18 	 14,26 	 1 497,34 	 6 962,10 	 48,00 	 3 642,08 	 679,62 	 149,02 	 283,08 	 535,35 	 68,66 	 2 848,27 	 1 191,54 	 390,92 	 3 337,21 	 72,78 	 254,80 	 1 519,84 	 149,96 	 174,90 	 14,92 
18.08.2003	 1 371,79 	 1 205,18 	 315,65 	 2 084,00 	 2 346,38 	 26,18 	 14,26 	 1 497,34 	 6 962,10 	 48,00 	 3 642,08 	 679,62 	 149,02 	 283,08 	 535,35 	 68,66 	 2 848,27 	 1 191,54 	 390,92 	 3 337,21 	 72,78 	 254,80 	 1 519,84 	 149,96 	 174,90 	 14,92 
19.08.2003	 1 377,21 	 1 201,98 	 314,74 	 2 084,00 	 2 339,19 	 26,16 	 14,27 	 1 503,07 	 6 958,03 	 48,00 	 3 635,41 	 677,65 	 149,02 	 281,53 	 535,39 	 68,72 	 2 848,27 	 1 192,70 	 390,84 	 3 324,40 	 72,60 	 253,45 	 1 512,94 	 149,52 	 174,63 	 14,95 
20.08.2003	 1 365,54 	 1 188,48 	 311,11 	 2 084,00 	 2 312,61 	 26,03 	 14,22 	 1 495,62 	 6 949,33 	 48,93 	 3 619,94 	 669,92 	 149,02 	 277,59 	 529,67 	 68,72 	 2 848,27 	 1 189,77 	 390,70 	 3 303,66 	 71,60 	 249,37 	 1 493,37 	 147,78 	 174,40 	 14,88 
21.08.2003	 1 368,28 	 1 192,01 	 312,06 	 2 085,00 	 2 320,19 	 26,01 	 14,23 	 1 490,78 	 6 957,77 	 48,95 	 3 631,46 	 671,97 	 149,09 	 279,60 	 530,64 	 68,78 	 2 849,63 	 1 192,18 	 384,76 	 3 317,96 	 71,66 	 250,06 	 1 499,95 	 148,28 	 176,23 	 14,87 
22.08.2003	 1 371,65 	 1 179,36 	 308,78 	 2 086,00 	 2 295,33 	 25,80 	 14,24 	 1 483,22 	 6 961,34 	 48,97 	 3 619,01 	 664,68 	 149,16 	 277,00 	 527,03 	 68,78 	 2 851,00 	 1 199,61 	 391,31 	 3 307,77 	 70,65 	 248,67 	 1 487,87 	 146,70 	 176,75 	 14,90 
23.08.2003	 1 358,30 	 1 172,27 	 306,92 	 2 086,00 	 2 281,25 	 25,58 	 14,22 	 1 480,75 	 6 959,60 	 48,97 	 3 616,50 	 660,79 	 149,16 	 274,73 	 523,07 	 68,82 	 2 851,00 	 1 194,53 	 391,26 	 3 292,86 	 70,51 	 247,95 	 1 479,12 	 145,83 	 177,00 	 14,96 
24.08.2003	 1 358,30 	 1 172,27 	 306,92 	 2 086,00 	 2 281,25 	 25,58 	 14,22 	 1 480,75 	 6 959,60 	 48,97 	 3 616,50 	 660,79 	 149,16 	 274,73 	 523,07 	 68,82 	 2 851,00 	 1 194,53 	 391,26 	 3 292,86 	 70,51 	 247,95 	 1 479,12 	 145,83 	 177,00 	 14,96 
25.08.2003	 1 358,30 	 1 172,27 	 306,92 	 2 086,00 	 2 281,25 	 25,58 	 14,22 	 1 480,75 	 6 959,60 	 48,97 	 3 616,50 	 660,79 	 149,16 	 274,73 	 523,07 	 68,82 	 2 851,00 	 1 194,53 	 391,26 	 3 292,86 	 70,51 	 247,95 	 1 479,12 	 145,83 	 177,00 	 14,96 
26.08.2003	 1 359,58 	 1 167,10 	 305,60 	 2 087,00 	 2 271,60 	 25,43 	 14,20 	 1 490,50 	 6 958,64 	 49,00 	 3 615,10 	 657,83 	 149,82 	 273,41 	 520,93 	 68,87 	 2 852,37 	 1 195,17 	 391,56 	 3 285,56 	 70,17 	 245,69 	 1 473,09 	 145,13 	 177,51 	 15,02 
27.08.2003	 1 350,10 	 1 164,27 	 304,98 	 2 088,00 	 2 267,57 	 25,22 	 14,21 	 1 488,45 	 6 944,95 	 48,84 	 3 603,73 	 655,82 	 151,19 	 272,57 	 519,02 	 68,77 	 2 853,73 	 1 191,51 	 391,38 	 3 272,73 	 70,00 	 244,31 	 1 472,29 	 144,77 	 177,45 	 15,00 
28.08.2003	 1 333,51 	 1 166,39 	 305,44 	 2 089,00 	 2 269,80 	 25,43 	 14,18 	 1 493,96 	 6 958,93 	 48,87 	 3 610,44 	 657,51 	 149,43 	 271,86 	 520,49 	 68,74 	 2 855,10 	 1 190,38 	 391,91 	 3 276,07 	 69,69 	 244,68 	 1 478,47 	 145,07 	 177,51 	 14,94 
29.08.2003	 1 332,69 	 1 165,90 	 305,45 	 2 090,00 	 2 269,43 	 25,88 	 14,18 	 1 487,70 	 6 961,33 	 48,89 	 3 611,23 	 657,36 	 149,98 	 272,68 	 522,37 	 68,52 	 2 856,47 	 1 191,97 	 392,08 	 3 278,17 	 69,75 	 245,54 	 1 473,08 	 145,02 	 177,78 	 14,82 
30.08.2003	 1 344,20 	 1 171,63 	 306,94 	 2 091,00 	 2 280,44 	 26,12 	 14,18 	 1 500,05 	 6 969,88 	 48,91 	 3 619,84 	 660,52 	 150,65 	 275,48 	 523,23 	 68,55 	 2 857,83 	 1 190,10 	 392,03 	 3 306,50 	 70,34 	 247,66 	 1 483,66 	 145,75 	 178,64 	 14,93 
31.08.2003	 1 344,20 	 1 171,63 	 306,94 	 2 091,00 	 2 280,44 	 26,12 	 14,18 	 1 500,05 	 6 969,88 	 48,91 	 3 619,84 	 660,52 	 150,65 	 275,48 	 523,23 	 68,55 	 2 857,83 	 1 190,10 	 392,03 	 3 306,50 	 70,34 	 247,66 	 1 483,66 	 145,75 	 178,64 	 14,93 
01.09.2003	 1 344,20 	 1 171,63 	 306,94 	 2 091,00 	 2 280,44 	 26,12 	 14,18 	 1 500,05 	 6 969,88 	 48,91 	 3 619,84 	 660,52 	 150,65 	 275,48 	 523,23 	 68,55 	 2 857,83 	 1 190,10 	 392,03 	 3 306,50 	 70,34 	 247,66 	 1 483,66 	 145,75 	 178,64 	 14,93 
02.09.2003	 1 352,15 	 1 179,16 	 309,13 	 2 091,00 	 2 295,50 	 26,15 	 14,17 	 1 514,12 	 6 974,18 	 48,91 	 3 631,47 	 664,90 	 150,65 	 279,06 	 526,70 	 68,45 	 2 857,83 	 1 192,27 	 392,01 	 3 295,42 	 70,66 	 250,24 	 1 491,81 	 146,76 	 179,23 	 15,03 
03.09.2003	 1 344,63 	 1 169,50 	 306,59 	 2 092,00 	 2 276,83 	 25,99 	 14,17 	 1 514,08 	 6 975,08 	 48,94 	 3 619,38 	 659,41 	 151,59 	 275,50 	 523,26 	 68,46 	 2 859,20 	 1 190,60 	 392,20 	 3 270,53 	 70,22 	 248,25 	 1 481,85 	 145,54 	 179,02 	 15,01 
04.09.2003	 1 333,55 	 1 159,78 	 304,04 	 2 093,00 	 2 257,41 	 25,47 	 14,14 	 1 501,22 	 6 972,13 	 49,18 	 3 613,92 	 653,80 	 152,22 	 274,36 	 517,72 	 68,39 	 2 860,57 	 1 191,17 	 392,20 	 3 273,98 	 69,77 	 246,26 	 1 473,94 	 144,27 	 180,34 	 15,01 
05.09.2003	 1 338,38 	 1 165,37 	 305,45 	 2 094,00 	 2 268,53 	 25,64 	 14,13 	 1 514,76 	 6 976,86 	 49,20 	 3 618,77 	 656,99 	 152,96 	 276,20 	 520,25 	 68,34 	 2 861,93 	 1 192,89 	 392,52 	 3 296,79 	 69,99 	 248,43 	 1 477,09 	 144,94 	 179,17 	 15,08 
06.09.2003	 1 349,49 	 1 177,79 	 308,76 	 2 095,00 	 2 293,29 	 26,22 	 14,11 	 1 528,81 	 6 989,74 	 49,22 	 3 636,21 	 663,92 	 153,14 	 278,43 	 518,86 	 68,27 	 2 863,30 	 1 191,76 	 392,76 	 3 318,17 	 70,36 	 251,40 	 1 490,25 	 146,53 	 179,20 	 15,10 
07.09.2003	 1 349,49 	 1 177,79 	 308,76 	 2 095,00 	 2 293,29 	 26,22 	 14,11 	 1 528,81 	 6 989,74 	 49,22 	 3 636,21 	 663,92 	 153,14 	 278,43 	 518,86 	 68,27 	 2 863,30 	 1 191,76 	 392,76 	 3 318,17 	 70,36 	 251,40 	 1 490,25 	 146,53 	 179,20 	 15,10 
08.09.2003	 1 349,49 	 1 177,79 	 308,76 	 2 095,00 	 2 293,29 	 26,22 	 14,11 	 1 528,81 	 6 989,74 	 49,22 	 3 636,21 	 663,92 	 153,14 	 278,43 	 518,86 	 68,27 	 2 863,30 	 1 191,76 	 392,76 	 3 318,17 	 70,36 	 251,40 	 1 490,25 	 146,53 	 179,20 	 15,10 
09.09.2003	 1 357,66 	 1 190,68 	 312,18 	 2 095,00 	 2 318,22 	 26,09 	 14,17 	 1 527,30 	 6 989,74 	 49,22 	 3 648,87 	 671,37 	 152,70 	 281,06 	 523,06 	 68,24 	 2 863,30 	 1 192,44 	 392,97 	 3 323,19 	 70,59 	 254,48 	 1 507,68 	 148,20 	 178,99 	 15,12 
10.09.2003	 1 362,30 	 1 194,71 	 313,05 	 2 096,00 	 2 324,57 	 26,07 	 14,21 	 1 528,48 	 7 006,75 	 49,03 	 3 661,46 	 673,42 	 152,66 	 281,53 	 525,16 	 68,40 	 2 864,67 	 1 194,85 	 392,93 	 3 313,04 	 70,72 	 254,75 	 1 506,78 	 148,60 	 180,10 	 15,05 
11.09.2003	 1 380,98 	 1 209,41 	 316,91 	 2 097,00 	 2 354,30 	 26,14 	 14,23 	 1 532,56 	 7 032,31 	 49,05 	 3 676,69 	 681,75 	 153,63 	 284,24 	 528,81 	 68,46 	 2 866,03 	 1 198,63 	 393,10 	 3 342,41 	 71,72 	 256,22 	 1 519,23 	 150,49 	 179,64 	 15,28 
12.09.2003	 1 387,09 	 1 214,05 	 318,13 	 2 098,00 	 2 363,08 	 26,32 	 14,19 	 1 534,52 	 7 036,37 	 49,08 	 3 680,06 	 684,35 	 153,87 	 285,36 	 532,25 	 68,43 	 2 867,40 	 1 199,95 	 393,22 	 3 343,48 	 71,73 	 258,73 	 1 520,84 	 150,99 	 179,14 	 15,15 
13.09.2003	 1 383,98 	 1 206,15 	 316,01 	 2 099,00 	 2 347,84 	 26,51 	 14,22 	 1 529,05 	 7 035,48 	 49,10 	 3 673,11 	 679,92 	 154,00 	 283,95 	 530,42 	 68,46 	 2 868,77 	 1 198,74 	 393,51 	 3 345,28 	 71,90 	 257,81 	 1 511,16 	 150,04 	 179,30 	 15,24 
14.09.2003	 1 383,98 	 1 206,15 	 316,01 	 2 099,00 	 2 347,84 	 26,51 	 14,22 	 1 529,05 	 7 035,48 	 49,10 	 3 673,11 	 679,92 	 154,00 	 283,95 	 530,42 	 68,46 	 2 868,77 	 1 198,74 	 393,51 	 3 345,28 	 71,90 	 257,81 	 1 511,16 	 150,04 	 179,30 	 15,24 
15.09.2003	 1 383,98 	 1 206,15 	 316,01 	 2 099,00 	 2 347,84 	 26,51 	 14,22 	 1 529,05 	 7 035,48 	 49,10 	 3 673,11 	 679,92 	 154,00 	 283,95 	 530,42 	 68,46 	 2 868,77 	 1 198,74 	 393,51 	 3 345,28 	 71,90 	 257,81 	 1 511,16 	 150,04 	 179,30 	 15,24 
16.09.2003	 1 392,40 	 1 217,25 	 319,03 	 2 100,00 	 2 369,43 	 26,70 	 14,23 	 1 540,04 	 7 051,36 	 49,12 	 3 688,42 	 686,20 	 154,58 	 286,42 	 532,33 	 68,40 	 2 870,13 	 1 198,63 	 393,66 	 3 375,43 	 72,41 	 258,06 	 1 523,12 	 151,42 	 178,81 	 15,27 
17.09.2003	 1 396,64 	 1 215,89 	 318,62 	 2 101,00 	 2 366,46 	 26,57 	 14,24 	 1 537,73 	 7 055,66 	 49,73 	 3 690,82 	 685,35 	 155,06 	 286,24 	 530,26 	 68,43 	 2 871,50 	 1 200,09 	 393,96 	 3 366,01 	 72,06 	 258,19 	 1 517,13 	 151,21 	 180,12 	 15,28 
18.09.2003	 1 388,90 	 1 207,14 	 316,18 	 2 102,00 	 2 348,56 	 26,37 	 14,24 	 1 533,19 	 7 057,36 	 49,75 	 3 678,68 	 680,30 	 156,87 	 284,03 	 524,06 	 68,51 	 2 872,87 	 1 200,11 	 394,09 	 3 338,29 	 71,89 	 258,87 	 1 511,96 	 150,14 	 180,86 	 15,32 
19.09.2003	 1 395,24 	 1 211,34 	 317,45 	 2 103,00 	 2 358,20 	 26,42 	 14,26 	 1 537,06 	 7 068,91 	 49,78 	 3 685,92 	 682,88 	 157,00 	 285,28 	 521,58 	 68,75 	 2 874,23 	 1 200,96 	 394,33 	 3 365,22 	 72,08 	 259,77 	 1 521,82 	 150,71 	 180,73 	 15,30 
20.09.2003	 1 405,37 	 1 220,56 	 319,94 	 2 104,00 	 2 376,68 	 26,85 	 14,24 	 1 547,80 	 7 081,67 	 49,80 	 3 707,16 	 688,27 	 157,72 	 291,23 	 528,64 	 68,84 	 2 875,60 	 1 203,32 	 394,47 	 3 421,21 	 73,75 	 263,22 	 1 524,31 	 151,93 	 182,56 	 15,35 
21.09.2003	 1 405,37 	 1 220,56 	 319,94 	 2 104,00 	 2 376,68 	 26,85 	 14,24 	 1 547,80 	 7 081,67 	 49,80 	 3 707,16 	 688,27 	 157,72 	 291,23 	 528,64 	 68,84 	 2 875,60 	 1 203,32 	 394,47 	 3 421,21 	 73,75 	 263,22 	 1 524,31 	 151,93 	 182,56 	 15,35 
22.09.2003	 1 405,37 	 1 220,56 	 319,94 	 2 104,00 	 2 376,68 	 26,85 	 14,24 	 1 547,80 	 7 081,67 	 49,80 	 3 707,16 	 688,27 	 157,72 	 291,23 	 528,64 	 68,84 	 2 875,60 	 1 203,32 	 394,47 	 3 421,21 	 73,75 	 263,22 	 1 524,31 	 151,93 	 182,56 	 15,35 
23.09.2003	 1 431,25 	 1 241,08 	 325,40 	 2 104,00 	 2 416,34 	 27,14 	 14,25 	 1 572,97 	 7 121,58 	 49,80 	 3 749,44 	 699,76 	 158,20 	 296,03 	 534,81 	 69,00 	 2 875,60 	 1 215,27 	 394,34 	 3 467,29 	 75,39 	 266,88 	 1 553,63 	 154,42 	 187,51 	 15,46 
24.09.2003	 1 429,98 	 1 243,02 	 325,96 	 2 104,00 	 2 420,97 	 27,28 	 14,19 	 1 562,16 	 7 136,32 	 49,02 	 3 757,81 	 700,94 	 158,20 	 296,74 	 537,53 	 68,98 	 2 875,60 	 1 215,38 	 394,36 	 3 480,86 	 75,78 	 268,33 	 1 559,85 	 154,73 	 189,11 	 15,50 
25.09.2003	 1 423,72 	 1 239,04 	 324,64 	 2 105,00 	 2 412,12 	 27,33 	 14,17 	 1 551,50 	 7 137,29 	 49,04 	 3 752,23 	 698,06 	 158,27 	 298,47 	 537,33 	 69,12 	 2 876,97 	 1 213,64 	 394,77 	 3 480,93 	 75,96 	 269,85 	 1 552,19 	 154,15 	 188,44 	 15,51 
26.09.2003	 1 432,61 	 1 240,43 	 325,13 	 2 106,00 	 2 414,95 	 27,21 	 14,19 	 1 558,04 	 7 137,53 	 49,07 	 3 752,67 	 699,37 	 160,76 	 299,75 	 536,63 	 69,12 	 2 878,33 	 1 215,02 	 394,83 	 3 485,43 	 75,87 	 271,29 	 1 556,77 	 154,32 	 188,09 	 15,38 
27.09.2003	 1 427,39 	 1 242,08 	 325,62 	 2 107,00 	 2 418,20 	 27,15 	 14,17 	 1 556,70 	 7 142,49 	 49,09 	 3 756,46 	 700,48 	 160,84 	 298,83 	 535,59 	 69,08 	 2 879,70 	 1 216,83 	 395,01 	 3 494,67 	 76,18 	 270,94 	 1 567,01 	 154,57 	 188,14 	 15,33 
28.09.2003	 1 427,39 	 1 242,08 	 325,62 	 2 107,00 	 2 418,20 	 27,15 	 14,17 	 1 556,70 	 7 142,49 	 49,09 	 3 756,46 	 700,48 	 160,84 	 298,83 	 535,59 	 69,08 	 2 879,70 	 1 216,83 	 395,01 	 3 494,67 	 76,18 	 270,94 	 1 567,01 	 154,57 	 188,14 	 15,33 
29.09.2003	 1 427,39 	 1 242,08 	 325,62 	 2 107,00 	 2 418,20 	 27,15 	 14,17 	 1 556,70 	 7 142,49 	 49,09 	 3 756,46 	 700,48 	 160,84 	 298,83 	 535,59 	 69,08 	 2 879,70 	 1 216,83 	 395,01 	 3 494,67 	 76,18 	 270,94 	 1 567,01 	 154,57 	 188,14 	 15,33 
30.09.2003	 1 411,20 	 1 235,20 	 323,93 	 2 108,00 	 2 405,65 	 27,18 	 14,13 	 1 548,18 	 7 152,67 	 49,11 	 3 754,90 	 696,78 	 162,15 	 296,79 	 527,40 	 68,86 	 2 881,07 	 1 218,67 	 395,20 	 3 479,25 	 75,99 	 268,99 	 1 560,38 	 153,76 	 189,11 	 15,27 
01.10.2003	 1 437,39 	 1 262,35 	 331,33 	 2 109,00 	 2 460,46 	 27,65 	 14,17 	 1 566,28 	 7 164,09 	 49,60 	 3 795,55 	 712,69 	 163,49 	 301,17 	 531,13 	 68,88 	 2 882,43 	 1 221,09 	 394,85 	 3 524,46 	 77,24 	 275,29 	 1 599,85 	 157,21 	 190,89 	 15,17 
02.10.2003	 1 440,81 	 1 264,31 	 331,72 	 2 110,00 	 2 463,64 	 27,61 	 14,20 	 1 565,40 	 7 165,05 	 49,63 	 3 793,26 	 713,61 	 164,20 	 299,33 	 538,94 	 69,02 	 2 883,80 	 1 220,71 	 395,59 	 3 513,99 	 77,25 	 272,46 	 1 597,03 	 157,41 	 189,63 	 15,14 
03.10.2003	 1 445,09 	 1 270,39 	 333,19 	 2 111,00 	 2 474,94 	 27,72 	 14,19 	 1 568,00 	 7 162,37 	 49,65 	 3 801,89 	 716,91 	 163,64 	 301,35 	 539,94 	 69,28 	 2 885,17 	 1 223,52 	 395,82 	 3 520,51 	 77,33 	 274,60 	 1 604,41 	 158,15 	 190,16 	 15,05 
04.10.2003	 1 446,19 	 1 270,68 	 333,10 	 2 112,00 	 2 474,52 	 27,78 	 14,22 	 1 577,89 	 7 174,40 	 49,68 	 3 806,43 	 716,88 	 162,46 	 303,08 	 544,89 	 69,39 	 2 886,53 	 1 223,57 	 395,91 	 3 530,42 	 77,60 	 275,18 	 1 604,13 	 158,13 	 191,26 	 15,12 
05.10.2003	 1 446,19 	 1 270,68 	 333,10 	 2 112,00 	 2 474,52 	 27,78 	 14,22 	 1 577,89 	 7 174,40 	 49,68 	 3 806,43 	 716,88 	 162,46 	 303,08 	 544,89 	 69,39 	 2 886,53 	 1 223,57 	 395,91 	 3 530,42 	 77,60 	 275,18 	 1 604,13 	 158,13 	 191,26 	 15,12 
06.10.2003	 1 446,19 	 1 270,68 	 333,10 	 2 112,00 	 2 474,52 	 27,78 	 14,22 	 1 577,89 	 7 174,40 	 49,68 	 3 806,43 	 716,88 	 162,46 	 303,08 	 544,89 	 69,39 	 2 886,53 	 1 223,57 	 395,91 	 3 530,42 	 77,60 	 275,18 	 1 604,13 	 158,13 	 191,26 	 15,12 
07.10.2003	 1 436,31 	 1 257,48 	 329,65 	 2 113,00 	 2 448,86 	 27,59 	 14,24 	 1 569,14 	 7 178,04 	 49,70 	 3 789,12 	 708,80 	 162,54 	 299,68 	 540,06 	 69,37 	 2 887,90 	 1 222,20 	 395,95 	 3 515,72 	 76,85 	 273,00 	 1 583,72 	 156,56 	 190,38 	 15,45 
08.10.2003	 1 455,59 	 1 276,18 	 334,48 	 2 114,00 	 2 485,43 	 27,70 	 14,25 	 1 579,44 	 7 187,54 	 49,74 	 3 815,20 	 719,88 	 159,85 	 302,70 	 545,22 	 69,58 	 2 889,27 	 1 226,54 	 396,36 	 3 543,28 	 78,07 	 278,15 	 1 606,93 	 158,84 	 191,01 	 15,34 
09.10.2003	 1 460,51 	 1 282,98 	 336,41 	 2 115,00 	 2 499,61 	 27,75 	 14,30 	 1 590,70 	 7 194,86 	 49,77 	 3 825,63 	 723,82 	 158,43 	 303,72 	 548,24 	 69,62 	 2 890,63 	 1 227,94 	 396,51 	 3 523,06 	 78,29 	 277,97 	 1 616,42 	 159,75 	 192,77 	 15,36 
10.10.2003	 1 470,09 	 1 286,32 	 337,27 	 2 116,00 	 2 505,13 	 27,88 	 14,36 	 1 592,05 	 7 200,10 	 49,79 	 3 831,94 	 725,71 	 158,50 	 304,22 	 556,11 	 69,98 	 2 892,00 	 1 228,66 	 396,72 	 3 527,48 	 78,18 	 278,86 	 1 616,81 	 160,16 	 193,99 	 15,26 
11.10.2003	 1 457,77 	 1 273,92 	 334,07 	 2 117,00 	 2 481,44 	 27,77 	 14,36 	 1 581,98 	 7 201,29 	 49,81 	 3 822,68 	 718,87 	 158,58 	 301,56 	 546,56 	 70,02 	 2 893,37 	 1 226,00 	 396,74 	 3 516,76 	 77,29 	 276,43 	 1 603,85 	 158,58 	 194,79 	 15,26 
12.10.2003	 1 457,77 	 1 273,92 	 334,07 	 2 117,00 	 2 481,44 	 27,77 	 14,36 	 1 581,98 	 7 201,29 	 49,81 	 3 822,68 	 718,87 	 158,58 	 301,56 	 546,56 	 70,02 	 2 893,37 	 1 226,00 	 396,74 	 3 516,76 	 77,29 	 276,43 	 1 603,85 	 158,58 	 194,79 	 15,26 
13.10.2003	 1 457,77 	 1 273,92 	 334,07 	 2 117,00 	 2 481,44 	 27,77 	 14,36 	 1 581,98 	 7 201,29 	 49,81 	 3 822,68 	 718,87 	 158,58 	 301,56 	 546,56 	 70,02 	 2 893,37 	 1 226,00 	 396,74 	 3 516,76 	 77,29 	 276,43 	 1 603,85 	 158,58 	 194,79 	 15,26 
14.10.2003	 1 457,66 	 1 274,57 	 334,01 	 2 117,00 	 2 481,86 	 27,82 	 14,40 	 1 599,49 	 7 202,03 	 49,81 	 3 823,02 	 718,89 	 157,99 	 301,75 	 549,38 	 70,43 	 2 893,37 	 1 228,53 	 396,85 	 3 514,75 	 77,41 	 275,99 	 1 603,18 	 158,65 	 195,23 	 15,22 
15.10.2003	 1 451,57 	 1 268,19 	 332,34 	 2 118,00 	 2 469,27 	 27,74 	 14,36 	 1 597,77 	 7 206,17 	 50,47 	 3 815,87 	 715,32 	 158,06 	 299,44 	 545,60 	 70,05 	 2 894,73 	 1 219,10 	 396,91 	 3 514,19 	 76,89 	 274,69 	 1 593,56 	 157,81 	 192,87 	 14,94 
16.10.2003	 1 464,55 	 1 275,66 	 334,17 	 2 119,00 	 2 482,73 	 27,84 	 14,40 	 1 599,12 	 7 210,18 	 50,49 	 3 832,17 	 719,16 	 157,84 	 300,49 	 546,98 	 70,34 	 2 896,10 	 1 219,85 	 397,19 	 3 549,64 	 77,43 	 277,06 	 1 606,82 	 158,65 	 194,29 	 15,05 
17.10.2003	 1 456,97 	 1 264,28 	 331,22 	 2 120,00 	 2 460,58 	 27,58 	 14,43 	 1 594,46 	 7 204,39 	 50,52 	 3 817,07 	 712,68 	 157,91 	 298,49 	 536,34 	 70,60 	 2 897,47 	 1 217,73 	 397,34 	 3 542,20 	 76,91 	 275,52 	 1 589,21 	 157,22 	 192,67 	 15,01 
18.10.2003	 1 462,75 	 1 264,61 	 331,39 	 2 121,00 	 2 461,53 	 27,57 	 14,39 	 1 608,77 	 7 216,00 	 50,54 	 3 820,59 	 713,00 	 158,76 	 298,68 	 531,75 	 70,52 	 2 898,83 	 1 218,79 	 397,49 	 3 549,81 	 76,89 	 274,17 	 1 589,30 	 157,33 	 193,33 	 14,78 
19.10.2003	 1 462,75 	 1 264,61 	 331,39 	 2 121,00 	 2 461,53 	 27,57 	 14,39 	 1 608,77 	 7 216,00 	 50,54 	 3 820,59 	 713,00 	 158,76 	 298,68 	 531,75 	 70,52 	 2 898,83 	 1 218,79 	 397,49 	 3 549,81 	 76,89 	 274,17 	 1 589,30 	 157,33 	 193,33 	 14,78 
20.10.2003	 1 462,75 	 1 264,61 	 331,39 	 2 121,00 	 2 461,53 	 27,57 	 14,39 	 1 608,77 	 7 216,00 	 50,54 	 3 820,59 	 713,00 	 158,76 	 298,68 	 531,75 	 70,52 	 2 898,83 	 1 218,79 	 397,49 	 3 549,81 	 76,89 	 274,17 	 1 589,30 	 157,33 	 193,33 	 14,78 
21.10.2003	 1 473,62 	 1 271,65 	 333,21 	 2 122,00 	 2 475,74 	 27,74 	 14,37 	 1 612,58 	 7 220,76 	 50,56 	 3 830,32 	 717,06 	 158,83 	 299,53 	 538,17 	 70,69 	 2 900,20 	 1 219,86 	 397,77 	 3 558,59 	 77,93 	 273,60 	 1 596,03 	 158,24 	 193,75 	 14,47 
22.10.2003	 1 471,93 	 1 269,59 	 332,52 	 2 122,00 	 2 471,28 	 27,73 	 14,36 	 1 605,87 	 7 216,09 	 50,56 	 3 824,46 	 715,88 	 159,91 	 297,88 	 538,39 	 70,89 	 2 900,20 	 1 215,73 	 397,74 	 3 548,09 	 77,89 	 272,93 	 1 590,59 	 157,92 	 193,08 	 14,55 
23.10.2003	 1 485,99 	 1 275,11 	 333,95 	 2 123,00 	 2 482,32 	 27,82 	 14,35 	 1 613,59 	 7 222,93 	 50,59 	 3 833,17 	 718,87 	 159,56 	 300,39 	 538,41 	 70,95 	 2 901,57 	 1 219,31 	 397,83 	 3 553,48 	 77,93 	 275,11 	 1 597,80 	 158,66 	 193,84 	 14,30 
24.10.2003	 1 490,73 	 1 289,50 	 337,80 	 2 124,00 	 2 510,04 	 28,01 	 14,34 	 1 626,96 	 7 227,69 	 51,30 	 3 853,06 	 727,00 	 159,34 	 304,35 	 539,18 	 71,00 	 2 902,93 	 1 218,94 	 390,80 	 3 594,66 	 78,72 	 277,85 	 1 623,42 	 160,43 	 193,84 	 14,46 
25.10.2003	 1 488,03 	 1 284,96 	 336,92 	 2 125,00 	 2 503,46 	 27,94 	 14,35 	 1 628,79 	 7 228,01 	 51,32 	 3 845,81 	 725,32 	 159,24 	 303,38 	 539,13 	 71,03 	 2 904,30 	 1 219,16 	 398,20 	 3 600,07 	 78,15 	 276,67 	 1 617,01 	 160,18 	 193,81 	 14,27 
26.10.2003	 1 488,03 	 1 284,96 	 336,92 	 2 125,00 	 2 503,46 	 27,94 	 14,35 	 1 628,79 	 7 228,01 	 51,32 	 3 845,81 	 725,32 	 159,24 	 303,38 	 539,13 	 71,03 	 2 904,30 	 1 219,16 	 398,20 	 3 600,07 	 78,15 	 276,67 	 1 617,01 	 160,18 	 193,81 	 14,27 
27.10.2003	 1 488,03 	 1 284,96 	 336,92 	 2 125,00 	 2 503,46 	 27,94 	 14,35 	 1 628,79 	 7 228,01 	 51,32 	 3 845,81 	 725,32 	 159,24 	 303,38 	 539,13 	 71,03 	 2 904,30 	 1 219,16 	 398,20 	 3 600,07 	 78,15 	 276,67 	 1 617,01 	 160,18 	 193,81 	 14,27 
28.10.2003	 1 494,05 	 1 281,49 	 336,09 	 2 126,00 	 2 497,52 	 27,84 	 14,35 	 1 624,26 	 7 236,71 	 51,35 	 3 846,57 	 722,93 	 158,72 	 302,17 	 534,98 	 70,66 	 2 905,67 	 1 220,65 	 398,37 	 3 601,66 	 77,63 	 274,98 	 1 614,83 	 159,61 	 195,59 	 14,10 
29.10.2003	 1 497,73 	 1 281,33 	 335,93 	 2 127,00 	 2 496,57 	 27,86 	 14,37 	 1 619,40 	 7 236,29 	 51,38 	 3 839,70 	 723,15 	 158,61 	 302,69 	 536,13 	 71,05 	 2 907,03 	 1 219,51 	 398,63 	 3 601,54 	 77,79 	 275,86 	 1 612,22 	 159,55 	 196,13 	 13,95 
30.10.2003	 1 502,47 	 1 280,31 	 335,40 	 2 128,00 	 2 492,85 	 27,91 	 14,38 	 1 625,61 	 7 247,71 	 51,40 	 3 843,93 	 722,02 	 157,98 	 303,61 	 534,44 	 71,36 	 2 908,40 	 1 226,12 	 398,73 	 3 626,11 	 77,38 	 275,76 	 1 604,40 	 159,28 	 197,26 	 13,98 
31.10.2003	 1 503,18 	 1 275,46 	 334,21 	 2 129,00 	 2 484,33 	 27,96 	 14,41 	 1 623,64 	 7 240,63 	 51,42 	 3 840,88 	 719,50 	 158,05 	 302,14 	 532,65 	 71,31 	 2 909,77 	 1 227,16 	 398,98 	 3 613,87 	 77,52 	 275,62 	 1 599,73 	 158,77 	 197,03 	 14,11 
01.11.2003	 1 501,26 	 1 271,54 	 333,35 	 2 129,00 	 2 478,26 	 27,86 	 14,43 	 1 618,21 	 7 238,54 	 51,42 	 3 833,62 	 717,69 	 157,35 	 301,96 	 528,22 	 71,09 	 2 909,77 	 1 224,65 	 398,93 	 3 605,78 	 77,40 	 274,02 	 1 599,49 	 158,35 	 195,13 	 14,30 
02.11.2003	 1 501,26 	 1 271,54 	 333,35 	 2 129,00 	 2 478,26 	 27,86 	 14,43 	 1 618,21 	 7 238,54 	 51,42 	 3 833,62 	 717,69 	 157,35 	 301,96 	 528,22 	 71,09 	 2 909,77 	 1 224,65 	 398,93 	 3 605,78 	 77,40 	 274,02 	 1 599,49 	 158,35 	 195,13 	 14,30 
03.11.2003	 1 501,26 	 1 271,54 	 333,35 	 2 129,00 	 2 478,26 	 27,86 	 14,43 	 1 618,21 	 7 238,54 	 51,42 	 3 833,62 	 717,69 	 157,35 	 301,96 	 528,22 	 71,09 	 2 909,77 	 1 224,65 	 398,93 	 3 605,78 	 77,40 	 274,02 	 1 599,49 	 158,35 	 195,13 	 14,30 
04.11.2003	 1 508,57 	 1 265,90 	 331,74 	 2 130,00 	 2 466,43 	 27,84 	 14,39 	 1 609,13 	 7 238,50 	 51,45 	 3 821,66 	 714,42 	 158,31 	 299,46 	 529,46 	 71,14 	 2 911,13 	 1 222,35 	 399,07 	 3 606,41 	 77,03 	 271,58 	 1 587,36 	 157,61 	 192,84 	 14,39 
05.11.2003	 1 490,10 	 1 253,31 	 328,38 	 2 131,00 	 2 440,95 	 27,79 	 14,40 	 1 591,49 	 7 226,79 	 51,47 	 3 809,10 	 707,05 	 158,44 	 296,62 	 528,13 	 71,37 	 2 912,50 	 1 220,33 	 399,27 	 3 572,41 	 76,15 	 269,55 	 1 565,24 	 156,02 	 193,00 	 14,46 
06.11.2003	 1 513,19 	 1 254,23 	 328,42 	 2 132,00 	 2 442,95 	 27,90 	 14,46 	 1 601,68 	 7 229,32 	 51,50 	 3 813,27 	 707,33 	 158,75 	 296,18 	 533,44 	 71,51 	 2 913,87 	 1 223,18 	 399,34 	 3 577,28 	 76,64 	 270,33 	 1 559,85 	 156,14 	 194,31 	 14,44 
07.11.2003	 1 516,46 	 1 254,41 	 328,50 	 2 133,00 	 2 443,03 	 27,92 	 14,47 	 1 598,47 	 7 232,47 	 51,52 	 3 814,38 	 707,44 	 158,71 	 296,09 	 529,81 	 71,54 	 2 915,24 	 1 223,86 	 399,53 	 3 568,83 	 76,36 	 270,86 	 1 560,29 	 156,13 	 194,06 	 14,27 
08.11.2003	 1 516,46 	 1 254,41 	 328,50 	 2 133,00 	 2 443,03 	 27,92 	 14,47 	 1 598,47 	 7 232,47 	 51,52 	 3 814,38 	 707,44 	 158,71 	 296,09 	 529,81 	 71,54 	 2 915,24 	 1 223,86 	 399,53 	 3 568,83 	 76,36 	 270,86 	 1 560,29 	 156,13 	 194,06 	 14,27 
09.11.2003	 1 516,46 	 1 254,41 	 328,50 	 2 133,00 	 2 443,03 	 27,92 	 14,47 	 1 598,47 	 7 232,47 	 51,52 	 3 814,38 	 707,44 	 158,71 	 296,09 	 529,81 	 71,54 	 2 915,24 	 1 223,86 	 399,53 	 3 568,83 	 76,36 	 270,86 	 1 560,29 	 156,13 	 194,06 	 14,27 
10.11.2003	 1 516,46 	 1 254,41 	 328,50 	 2 133,00 	 2 443,03 	 27,92 	 14,47 	 1 598,47 	 7 232,47 	 51,52 	 3 814,38 	 707,44 	 158,71 	 296,09 	 529,81 	 71,54 	 2 915,24 	 1 223,86 	 399,53 	 3 568,83 	 76,36 	 270,86 	 1 560,29 	 156,13 	 194,06 	 14,27 
11.11.2003	 1 518,38 	 1 259,45 	 329,70 	 2 133,00 	 2 451,35 	 27,88 	 14,45 	 1 613,77 	 7 237,26 	 51,52 	 3 825,67 	 710,07 	 158,59 	 297,41 	 534,32 	 71,54 	 2 915,24 	 1 228,33 	 399,78 	 3 566,91 	 76,64 	 273,04 	 1 559,27 	 156,72 	 195,67 	 14,30 
12.11.2003	 1 524,99 	 1 260,75 	 329,94 	 2 133,00 	 2 453,80 	 27,87 	 14,44 	 1 622,92 	 7 235,78 	 50,95 	 3 828,07 	 710,62 	 158,82 	 298,78 	 537,24 	 71,56 	 2 915,24 	 1 228,72 	 399,81 	 3 554,96 	 76,77 	 273,16 	 1 564,01 	 156,75 	 196,13 	 14,38 
13.11.2003	 1 526,34 	 1 269,41 	 332,26 	 2 134,00 	 2 471,17 	 27,97 	 14,45 	 1 627,45 	 7 238,07 	 50,97 	 3 836,06 	 715,51 	 159,02 	 301,17 	 538,96 	 71,59 	 2 916,60 	 1 231,43 	 399,96 	 3 566,55 	 77,06 	 275,05 	 1 576,54 	 157,89 	 195,85 	 14,32 
14.11.2003	 1 540,72 	 1 282,78 	 335,77 	 2 135,00 	 2 497,10 	 28,18 	 14,48 	 1 643,51 	 7 245,88 	 50,99 	 3 858,67 	 723,19 	 159,33 	 305,47 	 544,92 	 71,50 	 2 917,97 	 1 235,53 	 400,28 	 3 591,71 	 78,03 	 278,87 	 1 590,14 	 159,61 	 197,17 	 14,41 
15.11.2003	 1 539,44 	 1 292,22 	 338,16 	 2 135,00 	 2 515,46 	 28,25 	 14,51 	 1 645,16 	 7 245,88 	 50,99 	 3 871,26 	 728,46 	 159,33 	 306,60 	 550,90 	 71,59 	 2 917,97 	 1 241,53 	 400,30 	 3 603,67 	 78,45 	 280,73 	 1 602,91 	 160,73 	 197,57 	 14,47 
16.11.2003	 1 539,44 	 1 292,22 	 338,16 	 2 135,00 	 2 515,46 	 28,25 	 14,51 	 1 645,16 	 7 245,88 	 50,99 	 3 871,26 	 728,46 	 159,33 	 306,60 	 550,90 	 71,59 	 2 917,97 	 1 241,53 	 400,30 	 3 603,67 	 78,45 	 280,73 	 1 602,91 	 160,73 	 197,57 	 14,47 
17.11.2003	 1 539,44 	 1 292,22 	 338,16 	 2 135,00 	 2 515,46 	 28,25 	 14,51 	 1 645,16 	 7 245,88 	 50,99 	 3 871,26 	 728,46 	 159,33 	 306,60 	 550,90 	 71,59 	 2 917,97 	 1 241,53 	 400,30 	 3 603,67 	 78,45 	 280,73 	 1 602,91 	 160,73 	 197,57 	 14,47 
18.11.2003	 1 530,26 	 1 295,94 	 339,17 	 2 135,00 	 2 523,14 	 28,22 	 14,56 	 1 639,09 	 7 246,50 	 50,99 	 3 879,70 	 730,76 	 159,63 	 307,08 	 551,25 	 71,65 	 2 917,97 	 1 239,05 	 400,38 	 3 607,72 	 78,70 	 281,53 	 1 616,14 	 161,27 	 195,41 	 14,51 
19.11.2003	 1 532,05 	 1 292,59 	 338,22 	 2 136,00 	 2 516,21 	 28,23 	 14,58 	 1 631,59 	 7 245,10 	 49,63 	 3 879,05 	 728,61 	 159,88 	 306,85 	 548,43 	 71,67 	 2 919,34 	 1 241,03 	 400,54 	 3 620,95 	 78,50 	 280,39 	 1 616,28 	 160,80 	 196,09 	 14,55 
20.11.2003	 1 545,50 	 1 309,87 	 342,97 	 2 136,00 	 2 550,92 	 28,45 	 14,59 	 1 641,50 	 7 247,31 	 49,63 	 3 905,65 	 738,87 	 159,88 	 311,82 	 552,39 	 71,68 	 2 919,34 	 1 246,94 	 400,37 	 3 630,13 	 80,04 	 283,54 	 1 644,97 	 163,05 	 197,92 	 14,65 
21.11.2003	 1 544,09 	 1 307,31 	 342,49 	 2 137,00 	 2 547,52 	 28,54 	 14,62 	 1 640,25 	 7 251,81 	 49,66 	 3 896,44 	 737,91 	 160,32 	 311,49 	 551,13 	 71,69 	 2 920,70 	 1 243,82 	 400,64 	 3 634,93 	 79,97 	 283,78 	 1 643,47 	 162,70 	 195,88 	 14,55 
22.11.2003	 1 543,32 	 1 304,06 	 341,73 	 2 138,00 	 2 541,44 	 28,62 	 14,60 	 1 639,70 	 7 254,71 	 49,68 	 3 897,55 	 736,04 	 160,39 	 311,34 	 546,38 	 71,75 	 2 922,07 	 1 240,32 	 400,76 	 3 642,94 	 79,61 	 283,19 	 1 643,79 	 162,41 	 196,30 	 14,52 
23.11.2003	 1 543,32 	 1 304,06 	 341,73 	 2 138,00 	 2 541,44 	 28,62 	 14,60 	 1 639,70 	 7 254,71 	 49,68 	 3 897,55 	 736,04 	 160,39 	 311,34 	 546,38 	 71,75 	 2 922,07 	 1 240,32 	 400,76 	 3 642,94 	 79,61 	 283,19 	 1 643,79 	 162,41 	 196,30 	 14,52 
24.11.2003	 1 543,32 	 1 304,06 	 341,73 	 2 138,00 	 2 541,44 	 28,62 	 14,60 	 1 639,70 	 7 254,71 	 49,68 	 3 897,55 	 736,04 	 160,39 	 311,34 	 546,38 	 71,75 	 2 922,07 	 1 240,32 	 400,76 	 3 642,94 	 79,61 	 283,19 	 1 643,79 	 162,41 	 196,30 	 14,52 
25.11.2003	 1 546,18 	 1 302,96 	 341,48 	 2 139,00 	 2 539,74 	 28,55 	 14,59 	 1 637,95 	 7 255,77 	 49,70 	 3 895,82 	 735,30 	 160,47 	 311,27 	 544,16 	 71,93 	 2 923,44 	 1 242,30 	 401,04 	 3 640,79 	 79,63 	 283,90 	 1 638,70 	 162,25 	 196,43 	 14,59 
26.11.2003	 1 540,48 	 1 295,91 	 339,36 	 2 140,00 	 2 524,34 	 28,37 	 14,60 	 1 623,67 	 7 247,85 	 48,82 	 3 885,96 	 731,17 	 160,54 	 309,06 	 542,73 	 71,96 	 2 924,80 	 1 241,05 	 401,14 	 3 635,43 	 79,15 	 281,53 	 1 624,47 	 161,30 	 195,04 	 14,56 
27.11.2003	 1 540,13 	 1 299,07 	 340,24 	 2 141,00 	 2 531,20 	 28,42 	 14,61 	 1 631,55 	 7 266,12 	 48,84 	 3 891,67 	 733,13 	 160,62 	 310,23 	 545,16 	 72,00 	 2 926,17 	 1 242,82 	 401,50 	 3 638,09 	 79,46 	 281,82 	 1 632,54 	 161,79 	 195,56 	 14,56 
28.11.2003	 1 548,26 	 1 308,80 	 342,89 	 2 141,00 	 2 551,00 	 28,48 	 14,61 	 1 638,73 	 7 259,60 	 48,84 	 3 907,65 	 739,00 	 160,62 	 312,32 	 546,38 	 71,99 	 2 926,17 	 1 240,69 	 401,33 	 3 663,79 	 79,65 	 282,54 	 1 649,27 	 163,08 	 196,20 	 14,63 
29.11.2003	 1 550,27 	 1 310,33 	 343,67 	 2 142,00 	 2 556,69 	 28,63 	 14,61 	 1 644,21 	 7 273,59 	 48,87 	 3 908,76 	 740,66 	 160,69 	 313,05 	 543,96 	 72,02 	 2 927,54 	 1 241,63 	 401,42 	 3 679,74 	 79,80 	 283,81 	 1 650,55 	 163,36 	 195,88 	 14,63 
30.11.2003	 1 550,27 	 1 310,33 	 343,67 	 2 142,00 	 2 556,69 	 28,63 	 14,61 	 1 644,21 	 7 273,59 	 48,87 	 3 908,76 	 740,66 	 160,69 	 313,05 	 543,96 	 72,02 	 2 927,54 	 1 241,63 	 401,42 	 3 679,74 	 79,80 	 283,81 	 1 650,55 	 163,36 	 195,88 	 14,63 
01.12.2003	 1 550,27 	 1 310,33 	 343,67 	 2 142,00 	 2 556,69 	 28,63 	 14,61 	 1 644,21 	 7 273,59 	 48,87 	 3 908,76 	 740,66 	 160,69 	 313,05 	 543,96 	 72,02 	 2 927,54 	 1 241,63 	 401,42 	 3 679,74 	 79,80 	 283,81 	 1 650,55 	 163,36 	 195,88 	 14,63 
02.12.2003	 1 557,00 	 1 317,63 	 345,80 	 2 143,00 	 2 572,78 	 28,75 	 14,64 	 1 647,19 	 7 272,17 	 48,89 	 3 924,19 	 745,27 	 160,77 	 314,92 	 552,63 	 72,15 	 2 928,90 	 1 243,87 	 401,99 	 3 690,46 	 80,40 	 285,09 	 1 657,96 	 164,38 	 196,09 	 14,73 
03.12.2003	 1 560,51 	 1 313,56 	 344,74 	 2 144,00 	 2 565,30 	 28,71 	 14,67 	 1 643,04 	 7 274,82 	 48,83 	 3 918,84 	 743,08 	 160,84 	 314,30 	 549,25 	 72,19 	 2 930,27 	 1 244,38 	 401,80 	 3 685,11 	 79,45 	 284,57 	 1 647,90 	 163,91 	 195,37 	 14,74 
04.12.2003	 1 576,47 	 1 328,34 	 348,83 	 2 145,00 	 2 595,34 	 29,15 	 14,72 	 1 654,96 	 7 291,45 	 48,85 	 3 945,92 	 751,73 	 162,13 	 318,60 	 556,78 	 72,23 	 2 931,64 	 1 248,98 	 401,95 	 3 710,10 	 80,14 	 287,86 	 1 666,34 	 165,89 	 197,87 	 14,65 
05.12.2003	 1 578,92 	 1 326,33 	 348,08 	 2 146,00 	 2 590,22 	 29,03 	 14,74 	 1 642,31 	 7 281,73 	 48,88 	 3 942,68 	 750,11 	 162,21 	 320,18 	 559,15 	 72,27 	 2 933,00 	 1 249,93 	 402,10 	 3 699,17 	 79,92 	 288,86 	 1 662,79 	 165,58 	 198,35 	 14,74 
06.12.2003	 1 575,92 	 1 327,48 	 348,29 	 2 146,00 	 2 591,62 	 28,97 	 14,75 	 1 636,98 	 7 283,59 	 48,88 	 3 943,40 	 750,52 	 162,33 	 320,72 	 559,52 	 72,42 	 2 933,00 	 1 248,76 	 401,97 	 3 694,45 	 80,17 	 288,91 	 1 663,63 	 165,61 	 198,15 	 14,75 
07.12.2003	 1 575,92 	 1 327,48 	 348,29 	 2 146,00 	 2 591,62 	 28,97 	 14,75 	 1 636,98 	 7 283,59 	 48,88 	 3 943,40 	 750,52 	 162,33 	 320,72 	 559,52 	 72,42 	 2 933,00 	 1 248,76 	 401,97 	 3 694,45 	 80,17 	 288,91 	 1 663,63 	 165,61 	 198,15 	 14,75 
08.12.2003	 1 575,92 	 1 327,48 	 348,29 	 2 146,00 	 2 591,62 	 28,97 	 14,75 	 1 636,98 	 7 283,59 	 48,88 	 3 943,40 	 750,52 	 162,33 	 320,72 	 559,52 	 72,42 	 2 933,00 	 1 248,76 	 401,97 	 3 694,45 	 80,17 	 288,91 	 1 663,63 	 165,61 	 198,15 	 14,75 
09.12.2003	 1 586,65 	 1 339,24 	 351,31 	 2 146,00 	 2 614,26 	 29,20 	 14,73 	 1 645,33 	 7 283,34 	 48,88 	 3 959,77 	 757,06 	 162,64 	 323,83 	 560,72 	 72,62 	 2 933,00 	 1 254,31 	 401,84 	 3 714,94 	 80,97 	 292,13 	 1 685,78 	 167,04 	 199,51 	 14,83 
10.12.2003	 1 591,03 	 1 349,97 	 353,72 	 2 147,00 	 2 631,90 	 29,29 	 14,78 	 1 655,23 	 7 286,61 	 48,57 	 3 975,56 	 762,29 	 162,90 	 324,56 	 563,81 	 72,64 	 2 934,37 	 1 254,38 	 402,31 	 3 736,64 	 81,97 	 294,88 	 1 702,41 	 168,21 	 200,21 	 14,99 
11.12.2003	 1 584,69 	 1 342,84 	 351,86 	 2 148,00 	 2 618,63 	 29,20 	 14,81 	 1 638,13 	 7 279,26 	 48,59 	 3 963,83 	 758,53 	 162,97 	 321,84 	 563,48 	 72,72 	 2 935,74 	 1 252,62 	 402,47 	 3 731,40 	 81,71 	 292,73 	 1 692,47 	 167,36 	 198,09 	 14,94 
12.12.2003	 1 581,13 	 1 338,65 	 350,97 	 2 149,00 	 2 610,71 	 29,16 	 14,80 	 1 636,46 	 7 288,95 	 48,62 	 3 960,56 	 756,28 	 164,17 	 319,80 	 561,68 	 72,99 	 2 937,10 	 1 253,43 	 402,55 	 3 734,32 	 81,35 	 290,91 	 1 682,26 	 166,88 	 198,31 	 14,90 
13.12.2003	 1 594,12 	 1 349,82 	 353,96 	 2 150,00 	 2 633,21 	 29,29 	 14,78 	 1 634,17 	 7 298,16 	 48,64 	 3 978,53 	 762,72 	 166,99 	 321,94 	 565,27 	 72,99 	 2 938,47 	 1 255,47 	 402,52 	 3 760,57 	 81,87 	 293,53 	 1 698,46 	 168,27 	 199,25 	 14,91 
14.12.2003	 1 594,12 	 1 349,82 	 353,96 	 2 150,00 	 2 633,21 	 29,29 	 14,78 	 1 634,17 	 7 298,16 	 48,64 	 3 978,53 	 762,72 	 166,99 	 321,94 	 565,27 	 72,99 	 2 938,47 	 1 255,47 	 402,52 	 3 760,57 	 81,87 	 293,53 	 1 698,46 	 168,27 	 199,25 	 14,91 
15.12.2003	 1 594,12 	 1 349,82 	 353,96 	 2 150,00 	 2 633,21 	 29,29 	 14,78 	 1 634,17 	 7 298,16 	 48,64 	 3 978,53 	 762,72 	 166,99 	 321,94 	 565,27 	 72,99 	 2 938,47 	 1 255,47 	 402,52 	 3 760,57 	 81,87 	 293,53 	 1 698,46 	 168,27 	 199,25 	 14,91 
16.12.2003	 1 591,43 	 1 347,12 	 353,31 	 2 150,00 	 2 628,59 	 29,31 	 14,78 	 1 628,17 	 7 294,81 	 48,64 	 3 974,12 	 761,49 	 166,99 	 320,67 	 563,74 	 73,16 	 2 938,47 	 1 257,68 	 402,79 	 3 746,48 	 81,85 	 292,70 	 1 691,05 	 167,98 	 199,14 	 14,98 
17.12.2003	 1 602,82 	 1 360,14 	 357,01 	 2 151,00 	 2 656,59 	 29,50 	 14,79 	 1 636,36 	 7 305,52 	 48,66 	 3 992,95 	 769,40 	 167,07 	 322,22 	 571,42 	 73,41 	 2 939,84 	 1 260,14 	 402,91 	 3 756,94 	 82,64 	 293,92 	 1 708,70 	 169,75 	 199,84 	 15,09 
18.12.2003	 1 595,72 	 1 358,43 	 356,66 	 2 151,00 	 2 654,23 	 29,54 	 14,79 	 1 615,05 	 7 299,57 	 48,66 	 3 990,72 	 768,41 	 166,42 	 323,79 	 571,39 	 73,54 	 2 939,84 	 1 260,33 	 402,93 	 3 771,46 	 82,13 	 294,33 	 1 708,43 	 169,62 	 200,14 	 15,01 
19.12.2003	 1 596,46 	 1 368,39 	 359,28 	 2 152,00 	 2 674,08 	 29,66 	 14,85 	 1 625,87 	 7 301,10 	 48,68 	 4 008,94 	 774,60 	 165,54 	 321,25 	 574,63 	 73,59 	 2 941,20 	 1 259,77 	 403,24 	 3 800,75 	 82,53 	 294,61 	 1 718,71 	 170,93 	 200,06 	 15,08 
20.12.2003	 1 589,36 	 1 367,56 	 359,45 	 2 152,00 	 2 674,40 	 29,69 	 14,87 	 1 612,35 	 7 302,34 	 48,68 	 4 010,06 	 774,64 	 164,90 	 320,57 	 575,32 	 73,58 	 2 941,20 	 1 260,80 	 403,22 	 3 811,30 	 82,49 	 294,84 	 1 720,09 	 170,89 	 199,89 	 15,07 
21.12.2003	 1 589,36 	 1 367,56 	 359,45 	 2 152,00 	 2 674,40 	 29,69 	 14,87 	 1 612,35 	 7 302,34 	 48,68 	 4 010,06 	 774,64 	 164,90 	 320,57 	 575,32 	 73,58 	 2 941,20 	 1 260,80 	 403,22 	 3 811,30 	 82,49 	 294,84 	 1 720,09 	 170,89 	 199,89 	 15,07 
22.12.2003	 1 589,36 	 1 367,56 	 359,45 	 2 152,00 	 2 674,40 	 29,69 	 14,87 	 1 612,35 	 7 302,34 	 48,68 	 4 010,06 	 774,64 	 164,90 	 320,57 	 575,32 	 73,58 	 2 941,20 	 1 260,80 	 403,22 	 3 811,30 	 82,49 	 294,84 	 1 720,09 	 170,89 	 199,89 	 15,07 
23.12.2003	 1 585,79 	 1 369,64 	 359,83 	 2 153,00 	 2 678,12 	 29,86 	 14,94 	 1 611,29 	 7 303,50 	 48,71 	 4 013,05 	 775,77 	 164,98 	 321,31 	 576,48 	 73,55 	 2 942,57 	 1 261,13 	 403,50 	 3 800,69 	 82,34 	 293,10 	 1 722,61 	 171,11 	 200,54 	 15,01 
24.12.2003	 1 585,45 	 1 368,49 	 359,63 	 2 154,00 	 2 675,81 	 29,83 	 14,94 	 1 621,62 	 7 308,26 	 48,74 	 4 011,92 	 775,10 	 165,06 	 319,92 	 575,40 	 73,65 	 2 943,94 	 1 260,90 	 403,61 	 3 801,38 	 82,25 	 293,24 	 1 713,54 	 171,01 	 200,76 	 15,07 
25.12.2003	 1 593,95 	 1 367,60 	 359,27 	 2 155,00 	 2 674,03 	 29,81 	 14,98 	 1 630,35 	 7 310,04 	 48,77 	 4 013,78 	 774,58 	 165,58 	 318,18 	 574,36 	 73,68 	 2 945,30 	 1 262,08 	 403,96 	 3 805,19 	 82,21 	 293,38 	 1 713,92 	 170,90 	 200,76 	 15,10 
26.12.2003	 1 593,95 	 1 367,60 	 359,27 	 2 155,00 	 2 674,03 	 29,81 	 14,98 	 1 630,35 	 7 310,04 	 48,77 	 4 013,78 	 774,58 	 165,58 	 318,18 	 574,36 	 73,68 	 2 945,30 	 1 262,08 	 403,96 	 3 805,19 	 82,21 	 293,38 	 1 713,92 	 170,90 	 200,76 	 15,10 
27.12.2003	 1 600,84 	 1 372,13 	 360,46 	 2 155,00 	 2 682,87 	 29,90 	 15,01 	 1 644,98 	 7 316,49 	 48,77 	 4 018,27 	 777,14 	 167,05 	 318,84 	 575,90 	 73,66 	 2 945,30 	 1 263,63 	 403,94 	 3 818,34 	 82,58 	 293,38 	 1 727,11 	 171,47 	 201,37 	 15,23 
28.12.2003	 1 600,84 	 1 372,13 	 360,46 	 2 155,00 	 2 682,87 	 29,90 	 15,01 	 1 644,98 	 7 316,49 	 48,77 	 4 018,27 	 777,14 	 167,05 	 318,84 	 575,90 	 73,66 	 2 945,30 	 1 263,63 	 403,94 	 3 818,34 	 82,58 	 293,38 	 1 727,11 	 171,47 	 201,37 	 15,23 
29.12.2003	 1 600,84 	 1 372,13 	 360,46 	 2 155,00 	 2 682,87 	 29,90 	 15,01 	 1 644,98 	 7 316,49 	 48,77 	 4 018,27 	 777,14 	 167,05 	 318,84 	 575,90 	 73,66 	 2 945,30 	 1 263,63 	 403,94 	 3 818,34 	 82,58 	 293,38 	 1 727,11 	 171,47 	 201,37 	 15,23 
30.12.2003	 1 602,66 	 1 375,88 	 361,48 	 2 156,00 	 2 690,58 	 30,06 	 14,97 	 1 643,48 	 7 323,99 	 48,79 	 4 025,39 	 779,27 	 167,13 	 319,72 	 576,09 	 73,19 	 2 946,67 	 1 265,89 	 403,95 	 3 825,39 	 82,69 	 293,51 	 1 724,59 	 171,97 	 201,56 	 15,24 
31.12.2003	 1 609,78 	 1 377,81 	 362,04 	 2 156,00 	 2 695,22 	 30,12 	 15,00 	 1 646,68 	 7 314,18 	 48,79 	 4 030,66 	 780,81 	 167,13 	 319,75 	 573,43 	 73,19 	 2 946,67 	 1 267,01 	 404,20 	 3 826,79 	 82,82 	 293,51 	 1 727,56 	 172,21 	 201,55 	 15,38 
