Официальный курс белорусского рубля по отношению к иностранным валютам, устанавливаемый Национальным банком																										
Республики Беларусь ежедневно, за период с 01.01.2006 по 31.12.2006																										
																										
Дата	1 австралийский доллар (AUD)	1 болгарский лев (BGN)	1 датская крона (DKK)	1 доллар США (USD)	1 евро (EUR)	1 исландская крона (ISK)	1 казахский тенге (KZT)	1 канадский доллар (CAD)	1 кувейтский динар (KWD)	1 кыргызский сом (KGS)	1 латвийский лат (LVL)	1 литовский лит (LTL)	1 молдавский лей (MDL)	1 норвежская крона (NOK)	1 польский злотый (PLN)	1 российский рубль (RUB)	1 СДР (XDR)	1 сингапурский доллар (SGD)	1 украинская гривна (UAH)	1 фунт стерлингов (GBP)	1 чешская крона (CZK)	1 шведская крона (SEK)	1 швейцарский франк (CHF)	1 эстонская крона (EEK)	10 иен (JPY)	10000 турецких лир (TRL)
01.01.2006	 1 579,25 	 1 301,95 	 341,34 	 2 152,00 	 2 546,35 	 34,12 	 16,10 	 1 853,02 	 7 367,59 	 52,11 	 3 657,38 	 737,44 	 167,80 	 318,35 	 659,82 	 74,86 	 3 075,42 	 1 294,24 	 426,27 	 3 712,09 	 87,67 	 270,40 	 1 635,44 	 162,75 	 183,34 	 15,96 
02.01.2006	 1 579,25 	 1 301,95 	 341,34 	 2 152,00 	 2 546,35 	 34,12 	 16,10 	 1 853,02 	 7 367,59 	 52,11 	 3 657,38 	 737,44 	 167,80 	 318,35 	 659,82 	 74,86 	 3 075,42 	 1 294,24 	 426,27 	 3 712,09 	 87,67 	 270,40 	 1 635,44 	 162,75 	 183,34 	 15,96 
03.01.2006	 1 579,25 	 1 301,95 	 341,34 	 2 152,00 	 2 546,35 	 34,12 	 16,10 	 1 853,02 	 7 367,59 	 52,11 	 3 657,38 	 737,44 	 167,80 	 318,35 	 659,82 	 74,86 	 3 075,42 	 1 294,24 	 426,27 	 3 712,09 	 87,67 	 270,40 	 1 635,44 	 162,75 	 183,34 	 15,96 
04.01.2006	 1 585,49 	 1 306,02 	 342,30 	 2 152,00 	 2 554,53 	 34,20 	 16,10 	 1 854,29 	 7 369,86 	 52,11 	 3 668,29 	 739,52 	 167,73 	 320,61 	 661,30 	 74,86 	 3 073,79 	 1 298,22 	 426,27 	 3 724,68 	 87,96 	 271,63 	 1 644,32 	 163,24 	 183,81 	 15,96 
05.01.2006	 1 598,08 	 1 326,68 	 347,79 	 2 152,00 	 2 594,77 	 34,56 	 16,08 	 1 864,09 	 7 367,84 	 52,11 	 3 727,70 	 751,42 	 167,96 	 326,83 	 676,96 	 74,86 	 3 082,91 	 1 306,70 	 426,24 	 3 773,32 	 89,65 	 278,13 	 1 672,56 	 165,82 	 185,57 	 15,96 
06.01.2006	 1 606,36 	 1 330,53 	 348,80 	 2 152,00 	 2 602,41 	 34,75 	 16,08 	 1 873,01 	 7 365,83 	 52,11 	 3 738,38 	 753,74 	 167,93 	 328,45 	 685,94 	 74,86 	 3 106,13 	 1 308,72 	 425,53 	 3 770,52 	 89,97 	 278,39 	 1 680,07 	 166,32 	 185,59 	 15,96 
07.01.2006	 1 605,61 	 1 331,07 	 349,02 	 2 152,00 	 2 603,70 	 35,04 	 16,08 	 1 845,39 	 7 369,61 	 52,11 	 3 741,31 	 754,16 	 167,15 	 328,32 	 683,52 	 74,86 	 3 107,66 	 1 306,50 	 425,11 	 3 777,30 	 90,00 	 279,23 	 1 685,27 	 166,41 	 185,29 	 15,96 
08.01.2006	 1 605,61 	 1 331,07 	 349,02 	 2 152,00 	 2 603,70 	 35,04 	 16,08 	 1 845,39 	 7 369,61 	 52,11 	 3 741,31 	 754,16 	 167,15 	 328,32 	 683,52 	 74,86 	 3 107,66 	 1 306,50 	 425,11 	 3 777,30 	 90,00 	 279,23 	 1 685,27 	 166,41 	 185,29 	 15,96 
09.01.2006	 1 605,61 	 1 331,07 	 349,02 	 2 152,00 	 2 603,70 	 35,04 	 16,08 	 1 845,39 	 7 369,61 	 52,11 	 3 741,31 	 754,16 	 167,15 	 328,32 	 683,52 	 74,86 	 3 107,66 	 1 306,50 	 425,11 	 3 777,30 	 90,00 	 279,23 	 1 685,27 	 166,41 	 185,29 	 15,96 
10.01.2006	 1 617,77 	 1 328,44 	 348,30 	 2 152,00 	 2 598,43 	 35,22 	 16,09 	 1 840,18 	 7 369,61 	 52,11 	 3 733,19 	 752,53 	 166,89 	 327,80 	 688,55 	 74,86 	 3 109,08 	 1 316,45 	 425,30 	 3 799,03 	 90,00 	 278,26 	 1 684,21 	 166,08 	 188,60 	 15,96 
11.01.2006	 1 618,63 	 1 331,85 	 349,29 	 2 152,00 	 2 605,21 	 35,29 	 16,08 	 1 842,23 	 7 369,86 	 52,11 	 3 742,93 	 754,48 	 167,24 	 326,61 	 689,20 	 75,56 	 3 115,77 	 1 317,01 	 425,24 	 3 808,18 	 90,33 	 278,72 	 1 687,71 	 166,47 	 188,28 	 15,96 
12.01.2006	 1 615,29 	 1 326,60 	 347,89 	 2 153,00 	 2 594,47 	 35,02 	 16,09 	 1 845,45 	 7 373,29 	 52,13 	 3 726,53 	 751,43 	 167,48 	 322,77 	 686,60 	 75,59 	 3 118,41 	 1 316,30 	 422,61 	 3 777,65 	 90,20 	 276,99 	 1 676,46 	 165,84 	 187,60 	 15,97 
13.01.2006	 1 627,13 	 1 338,31 	 350,86 	 2 153,00 	 2 617,08 	 35,35 	 16,13 	 1 859,00 	 7 372,53 	 52,13 	 3 760,04 	 758,02 	 167,68 	 324,85 	 688,59 	 75,82 	 3 115,13 	 1 326,15 	 422,99 	 3 808,33 	 90,98 	 279,68 	 1 691,08 	 167,32 	 189,31 	 15,97 
14.01.2006	 1 621,42 	 1 328,73 	 348,38 	 2 153,00 	 2 598,24 	 35,18 	 16,12 	 1 854,04 	 7 368,24 	 52,13 	 3 733,31 	 752,60 	 167,86 	 322,16 	 680,94 	 75,61 	 3 124,30 	 1 320,70 	 424,24 	 3 807,47 	 90,19 	 279,79 	 1 679,47 	 166,05 	 188,06 	 15,97 
15.01.2006	 1 621,42 	 1 328,73 	 348,38 	 2 153,00 	 2 598,24 	 35,18 	 16,12 	 1 854,04 	 7 368,24 	 52,13 	 3 733,31 	 752,60 	 167,86 	 322,16 	 680,94 	 75,61 	 3 124,30 	 1 320,70 	 424,24 	 3 807,47 	 90,19 	 279,79 	 1 679,47 	 166,05 	 188,06 	 15,97 
16.01.2006	 1 621,42 	 1 328,73 	 348,38 	 2 153,00 	 2 598,24 	 35,18 	 16,12 	 1 854,04 	 7 368,24 	 52,13 	 3 733,31 	 752,60 	 167,86 	 322,16 	 680,94 	 75,61 	 3 124,30 	 1 320,70 	 424,24 	 3 807,47 	 90,19 	 279,79 	 1 679,47 	 166,05 	 188,06 	 15,97 
17.01.2006	 1 625,19 	 1 336,85 	 350,49 	 2 153,00 	 2 614,71 	 35,30 	 16,14 	 1 858,20 	 7 373,04 	 52,11 	 3 757,09 	 757,30 	 167,68 	 325,05 	 687,13 	 76,08 	 3 114,10 	 1 319,28 	 424,03 	 3 821,47 	 90,89 	 280,13 	 1 688,50 	 167,10 	 187,88 	 15,97 
18.01.2006	 1 624,22 	 1 333,71 	 349,58 	 2 152,00 	 2 608,76 	 35,21 	 16,16 	 1 858,78 	 7 369,86 	 52,09 	 3 747,50 	 755,45 	 167,37 	 321,92 	 684,83 	 76,12 	 3 112,65 	 1 319,40 	 422,37 	 3 804,20 	 90,60 	 279,09 	 1 683,75 	 166,72 	 187,35 	 15,96 
19.01.2006	 1 614,43 	 1 335,53 	 350,05 	 2 152,00 	 2 611,77 	 35,20 	 16,17 	 1 849,83 	 7 369,61 	 52,09 	 3 753,05 	 756,48 	 167,41 	 322,22 	 676,01 	 76,04 	 3 110,78 	 1 319,44 	 422,37 	 3 804,41 	 90,48 	 279,81 	 1 686,72 	 166,92 	 186,98 	 15,96 
20.01.2006	 1 604,42 	 1 328,76 	 348,30 	 2 152,00 	 2 598,65 	 34,73 	 16,18 	 1 828,77 	 7 369,11 	 52,09 	 3 732,87 	 752,67 	 167,34 	 318,92 	 676,13 	 76,08 	 3 116,16 	 1 319,44 	 414,64 	 3 776,76 	 90,39 	 278,23 	 1 674,45 	 166,10 	 186,65 	 15,96 
21.01.2006	 1 610,99 	 1 329,30 	 348,49 	 2 152,00 	 2 599,94 	 34,74 	 16,21 	 1 849,51 	 7 369,61 	 52,09 	 3 736,44 	 753,03 	 167,15 	 319,97 	 674,99 	 76,07 	 3 110,48 	 1 319,92 	 421,14 	 3 781,39 	 90,72 	 278,89 	 1 674,64 	 166,19 	 186,67 	 15,96 
22.01.2006	 1 610,99 	 1 329,30 	 348,49 	 2 152,00 	 2 599,94 	 34,74 	 16,21 	 1 849,51 	 7 369,61 	 52,09 	 3 736,44 	 753,03 	 167,15 	 319,97 	 674,99 	 76,07 	 3 110,48 	 1 319,92 	 421,14 	 3 781,39 	 90,72 	 278,89 	 1 674,64 	 166,19 	 186,67 	 15,96 
23.01.2006	 1 610,99 	 1 329,30 	 348,49 	 2 152,00 	 2 599,94 	 34,74 	 16,21 	 1 849,51 	 7 369,61 	 52,09 	 3 736,44 	 753,03 	 167,15 	 319,97 	 674,99 	 76,07 	 3 110,48 	 1 319,92 	 421,14 	 3 781,39 	 90,72 	 278,89 	 1 674,64 	 166,19 	 186,67 	 15,96 
24.01.2006	 1 620,46 	 1 348,93 	 353,58 	 2 151,00 	 2 637,88 	 35,25 	 16,21 	 1 868,00 	 7 364,55 	 51,89 	 3 790,98 	 764,11 	 166,42 	 327,48 	 685,45 	 76,68 	 3 109,31 	 1 327,57 	 424,68 	 3 831,04 	 92,21 	 284,11 	 1 703,96 	 168,63 	 188,19 	 15,95 
25.01.2006	 1 611,32 	 1 348,64 	 353,53 	 2 150,00 	 2 637,51 	 35,08 	 16,25 	 1 863,49 	 7 362,76 	 51,86 	 3 788,88 	 763,87 	 165,96 	 326,76 	 685,54 	 76,81 	 3 133,37 	 1 325,65 	 424,68 	 3 830,22 	 92,31 	 284,90 	 1 702,97 	 168,58 	 187,32 	 15,94 
26.01.2006	 1 618,63 	 1 351,27 	 354,17 	 2 150,00 	 2 643,00 	 35,00 	 16,25 	 1 868,59 	 7 362,26 	 51,86 	 3 797,24 	 765,38 	 165,99 	 328,80 	 693,73 	 76,84 	 3 131,60 	 1 327,49 	 424,73 	 3 837,75 	 92,61 	 285,20 	 1 704,39 	 168,90 	 187,26 	 15,94 
27.01.2006	 1 621,32 	 1 345,90 	 352,73 	 2 150,00 	 2 632,68 	 35,07 	 16,29 	 1 868,35 	 7 363,01 	 51,86 	 3 782,21 	 762,42 	 165,82 	 325,78 	 687,54 	 76,87 	 3 136,61 	 1 325,28 	 424,78 	 3 840,76 	 92,55 	 284,25 	 1 700,48 	 168,25 	 185,76 	 15,94 
28.01.2006	 1 620,88 	 1 342,41 	 351,81 	 2 150,00 	 2 625,69 	 34,90 	 16,28 	 1 873,48 	 7 361,38 	 51,86 	 3 771,60 	 760,42 	 165,51 	 324,53 	 684,57 	 76,72 	 3 126,90 	 1 324,18 	 424,72 	 3 826,89 	 92,40 	 283,87 	 1 692,31 	 167,81 	 184,69 	 15,94 
29.01.2006	 1 620,88 	 1 342,41 	 351,81 	 2 150,00 	 2 625,69 	 34,90 	 16,28 	 1 873,48 	 7 361,38 	 51,86 	 3 771,60 	 760,42 	 165,51 	 324,53 	 684,57 	 76,72 	 3 126,90 	 1 324,18 	 424,72 	 3 826,89 	 92,40 	 283,87 	 1 692,31 	 167,81 	 184,69 	 15,94 
30.01.2006	 1 620,88 	 1 342,41 	 351,81 	 2 150,00 	 2 625,69 	 34,90 	 16,28 	 1 873,48 	 7 361,38 	 51,86 	 3 771,60 	 760,42 	 165,51 	 324,53 	 684,57 	 76,72 	 3 126,90 	 1 324,18 	 424,72 	 3 826,89 	 92,40 	 283,87 	 1 692,31 	 167,81 	 184,69 	 15,94 
31.01.2006	 1 611,53 	 1 328,51 	 348,14 	 2 150,00 	 2 598,28 	 34,59 	 16,27 	 1 869,81 	 7 359,49 	 52,03 	 3 733,94 	 752,56 	 165,45 	 320,77 	 681,89 	 76,46 	 3 115,33 	 1 318,65 	 424,71 	 3 793,46 	 91,89 	 281,63 	 1 671,85 	 166,07 	 182,68 	 15,94 
01.02.2006	 1 616,59 	 1 329,66 	 348,40 	 2 150,00 	 2 600,21 	 34,58 	 16,30 	 1 877,48 	 7 359,49 	 52,03 	 3 734,26 	 753,10 	 165,04 	 320,17 	 679,67 	 76,43 	 3 103,76 	 1 324,10 	 424,90 	 3 808,62 	 91,63 	 281,44 	 1 673,35 	 166,18 	 183,48 	 15,94 
02.02.2006	 1 625,29 	 1 333,66 	 349,42 	 2 150,00 	 2 607,20 	 34,42 	 16,32 	 1 883,98 	 7 359,49 	 52,03 	 3 747,60 	 755,45 	 165,70 	 323,62 	 685,61 	 76,50 	 3 107,61 	 1 321,94 	 424,81 	 3 825,60 	 92,12 	 282,44 	 1 678,83 	 166,68 	 182,94 	 15,94 
03.02.2006	 1 615,30 	 1 324,83 	 347,09 	 2 150,00 	 2 591,07 	 33,96 	 16,25 	 1 881,59 	 7 359,74 	 52,03 	 3 722,62 	 750,42 	 165,96 	 322,08 	 675,76 	 76,27 	 3 107,18 	 1 315,27 	 424,71 	 3 809,91 	 90,93 	 279,56 	 1 666,47 	 165,61 	 181,30 	 15,94 
04.02.2006	 1 618,09 	 1 327,37 	 347,78 	 2 150,00 	 2 596,56 	 34,04 	 16,34 	 1 876,42 	 7 359,74 	 52,03 	 3 729,73 	 751,85 	 165,99 	 323,50 	 677,63 	 76,31 	 3 100,11 	 1 316,80 	 424,78 	 3 819,91 	 91,01 	 279,09 	 1 668,93 	 165,88 	 181,47 	 15,94 
05.02.2006	 1 618,09 	 1 327,37 	 347,78 	 2 150,00 	 2 596,56 	 34,04 	 16,34 	 1 876,42 	 7 359,74 	 52,03 	 3 729,73 	 751,85 	 165,99 	 323,50 	 677,63 	 76,31 	 3 100,11 	 1 316,80 	 424,78 	 3 819,91 	 91,01 	 279,09 	 1 668,93 	 165,88 	 181,47 	 15,94 
06.02.2006	 1 618,09 	 1 327,37 	 347,78 	 2 150,00 	 2 596,56 	 34,04 	 16,34 	 1 876,42 	 7 359,74 	 52,03 	 3 729,73 	 751,85 	 165,99 	 323,50 	 677,63 	 76,31 	 3 100,11 	 1 316,80 	 424,78 	 3 819,91 	 91,01 	 279,09 	 1 668,93 	 165,88 	 181,47 	 15,94 
07.02.2006	 1 604,11 	 1 318,25 	 345,28 	 2 150,00 	 2 578,17 	 33,99 	 16,31 	 1 879,04 	 7 361,63 	 51,99 	 3 704,02 	 746,72 	 166,09 	 320,15 	 675,31 	 76,15 	 3 100,62 	 1 320,76 	 424,48 	 3 775,08 	 90,91 	 277,86 	 1 657,48 	 164,78 	 181,18 	 15,94 
08.02.2006	 1 600,14 	 1 319,30 	 345,54 	 2 150,00 	 2 580,75 	 34,18 	 16,28 	 1 874,54 	 7 357,97 	 51,99 	 3 706,58 	 747,25 	 166,06 	 320,32 	 675,21 	 76,10 	 3 087,64 	 1 320,96 	 424,73 	 3 761,85 	 90,80 	 277,28 	 1 657,93 	 164,91 	 182,44 	 15,94 
09.02.2006	 1 585,09 	 1 315,95 	 344,67 	 2 150,00 	 2 574,20 	 34,29 	 16,26 	 1 860,91 	 7 362,38 	 51,99 	 3 698,29 	 745,35 	 166,09 	 320,63 	 672,82 	 76,07 	 3 089,68 	 1 317,52 	 424,78 	 3 743,36 	 90,32 	 277,19 	 1 657,67 	 164,49 	 182,07 	 15,94 
10.02.2006	 1 592,18 	 1 315,59 	 344,63 	 2 150,00 	 2 573,01 	 34,15 	 16,31 	 1 869,65 	 7 359,74 	 51,99 	 3 696,38 	 745,25 	 166,04 	 321,14 	 674,13 	 76,11 	 3 086,52 	 1 318,33 	 424,90 	 3 737,02 	 90,61 	 277,38 	 1 654,23 	 164,46 	 181,27 	 15,94 
11.02.2006	 1 596,16 	 1 316,92 	 345,00 	 2 150,00 	 2 575,38 	 33,95 	 16,35 	 1 875,35 	 7 359,49 	 51,99 	 3 700,20 	 745,88 	 165,96 	 318,89 	 679,82 	 76,13 	 3 088,09 	 1 323,28 	 425,31 	 3 751,86 	 90,91 	 278,05 	 1 655,82 	 164,61 	 183,10 	 15,94 
12.02.2006	 1 596,16 	 1 316,92 	 345,00 	 2 150,00 	 2 575,38 	 33,95 	 16,35 	 1 875,35 	 7 359,49 	 51,99 	 3 700,20 	 745,88 	 165,96 	 318,89 	 679,82 	 76,13 	 3 088,09 	 1 323,28 	 425,31 	 3 751,86 	 90,91 	 278,05 	 1 655,82 	 164,61 	 183,10 	 15,94 
13.02.2006	 1 596,16 	 1 316,92 	 345,00 	 2 150,00 	 2 575,38 	 33,95 	 16,35 	 1 875,35 	 7 359,49 	 51,99 	 3 700,20 	 745,88 	 165,96 	 318,89 	 679,82 	 76,13 	 3 088,09 	 1 323,28 	 425,31 	 3 751,86 	 90,91 	 278,05 	 1 655,82 	 164,61 	 183,10 	 15,94 
14.02.2006	 1 585,20 	 1 307,11 	 342,50 	 2 150,00 	 2 556,46 	 33,71 	 16,35 	 1 862,52 	 7 362,26 	 51,93 	 3 672,70 	 740,43 	 165,93 	 315,03 	 674,47 	 76,14 	 3 090,47 	 1 319,26 	 425,25 	 3 738,63 	 90,17 	 274,04 	 1 643,29 	 163,36 	 182,21 	 15,94 
15.02.2006	 1 584,66 	 1 309,94 	 343,18 	 2 150,00 	 2 561,94 	 33,74 	 16,38 	 1 861,23 	 7 362,38 	 51,93 	 3 680,56 	 741,97 	 165,83 	 315,06 	 674,70 	 76,28 	 3 079,32 	 1 320,68 	 425,45 	 3 738,53 	 90,05 	 274,16 	 1 645,56 	 163,73 	 183,16 	 15,94 
16.02.2006	 1 596,05 	 1 309,38 	 343,02 	 2 150,00 	 2 560,76 	 33,74 	 16,40 	 1 862,28 	 7 362,38 	 51,93 	 3 679,30 	 741,62 	 165,78 	 315,49 	 676,23 	 76,24 	 3 081,55 	 1 320,92 	 425,49 	 3 729,71 	 89,90 	 274,62 	 1 643,42 	 163,66 	 182,87 	 15,94 
17.02.2006	 1 587,55 	 1 306,21 	 342,13 	 2 151,00 	 2 554,53 	 33,69 	 16,41 	 1 856,63 	 7 365,68 	 51,96 	 3 669,71 	 739,84 	 165,78 	 314,63 	 678,44 	 76,22 	 3 083,85 	 1 317,29 	 425,53 	 3 735,43 	 90,46 	 272,44 	 1 640,73 	 163,26 	 182,53 	 15,95 
18.02.2006	 1 585,18 	 1 305,42 	 341,96 	 2 151,00 	 2 553,56 	 33,81 	 16,43 	 1 858,40 	 7 361,40 	 51,96 	 3 667,83 	 739,44 	 165,75 	 316,64 	 679,06 	 76,23 	 3 078,32 	 1 314,19 	 425,44 	 3 732,52 	 90,06 	 271,41 	 1 636,61 	 163,16 	 181,75 	 15,95 
19.02.2006	 1 585,18 	 1 305,42 	 341,96 	 2 151,00 	 2 553,56 	 33,81 	 16,43 	 1 858,40 	 7 361,40 	 51,96 	 3 667,83 	 739,44 	 165,75 	 316,64 	 679,06 	 76,23 	 3 078,32 	 1 314,19 	 425,44 	 3 732,52 	 90,06 	 271,41 	 1 636,61 	 163,16 	 181,75 	 15,95 
20.02.2006	 1 585,18 	 1 305,42 	 341,96 	 2 151,00 	 2 553,56 	 33,81 	 16,43 	 1 858,40 	 7 361,40 	 51,96 	 3 667,83 	 739,44 	 165,75 	 316,64 	 679,06 	 76,23 	 3 078,32 	 1 314,19 	 425,44 	 3 732,52 	 90,06 	 271,41 	 1 636,61 	 163,16 	 181,75 	 15,95 
21.02.2006	 1 591,85 	 1 312,79 	 344,00 	 2 151,00 	 2 567,97 	 33,97 	 16,45 	 1 869,13 	 7 362,91 	 51,81 	 3 688,90 	 743,61 	 165,65 	 318,53 	 683,29 	 76,43 	 3 076,98 	 1 320,69 	 425,52 	 3 745,75 	 90,42 	 273,92 	 1 643,55 	 164,11 	 181,93 	 15,95 
22.02.2006	 1 589,48 	 1 310,35 	 343,41 	 2 151,00 	 2 562,49 	 34,02 	 16,42 	 1 873,37 	 7 362,91 	 51,81 	 3 681,64 	 742,18 	 165,78 	 318,03 	 678,70 	 76,30 	 3 076,98 	 1 318,86 	 425,41 	 3 748,87 	 90,03 	 273,26 	 1 643,24 	 163,78 	 181,17 	 15,95 
23.02.2006	 1 584,00 	 1 309,19 	 343,08 	 2 151,00 	 2 560,23 	 32,42 	 16,43 	 1 870,76 	 7 365,05 	 51,81 	 3 678,18 	 741,48 	 165,40 	 318,36 	 671,45 	 76,32 	 3 081,22 	 1 318,50 	 425,33 	 3 749,62 	 89,64 	 272,42 	 1 642,99 	 163,67 	 181,11 	 15,95 
24.02.2006	 1 588,94 	 1 312,87 	 344,13 	 2 151,00 	 2 567,86 	 32,31 	 16,48 	 1 871,49 	 7 361,40 	 51,81 	 3 689,22 	 743,54 	 165,59 	 319,04 	 678,23 	 76,32 	 3 078,10 	 1 322,84 	 425,25 	 3 764,90 	 90,09 	 272,93 	 1 645,94 	 164,12 	 183,52 	 15,95 
25.02.2006	 1 594,54 	 1 308,91 	 343,17 	 2 151,00 	 2 560,12 	 32,43 	 16,52 	 1 864,19 	 7 365,56 	 51,81 	 3 677,24 	 741,43 	 165,27 	 317,99 	 676,56 	 76,32 	 3 092,23 	 1 324,79 	 425,16 	 3 762,85 	 90,26 	 272,12 	 1 640,92 	 163,61 	 184,39 	 15,95 
26.02.2006	 1 594,54 	 1 308,91 	 343,17 	 2 151,00 	 2 560,12 	 32,43 	 16,52 	 1 864,19 	 7 365,56 	 51,81 	 3 677,24 	 741,43 	 165,27 	 317,99 	 676,56 	 76,32 	 3 092,23 	 1 324,79 	 425,16 	 3 762,85 	 90,26 	 272,12 	 1 640,92 	 163,61 	 184,39 	 15,95 
27.02.2006	 1 594,54 	 1 308,91 	 343,17 	 2 151,00 	 2 560,12 	 32,43 	 16,52 	 1 864,19 	 7 365,56 	 51,81 	 3 677,24 	 741,43 	 165,27 	 317,99 	 676,56 	 76,32 	 3 092,23 	 1 324,79 	 425,16 	 3 762,85 	 90,26 	 272,12 	 1 640,92 	 163,61 	 184,39 	 15,95 
28.02.2006	 1 587,98 	 1 303,16 	 341,59 	 2 151,00 	 2 547,11 	 32,31 	 16,50 	 1 871,98 	 7 361,40 	 51,87 	 3 659,41 	 737,69 	 164,95 	 317,11 	 675,93 	 76,49 	 3 087,95 	 1 325,24 	 424,91 	 3 740,70 	 90,09 	 269,95 	 1 628,37 	 162,91 	 185,26 	 15,95 
01.03.2006	 1 590,13 	 1 305,22 	 342,13 	 2 151,00 	 2 552,38 	 32,50 	 16,51 	 1 886,26 	 7 363,16 	 51,87 	 3 666,58 	 739,34 	 165,08 	 317,98 	 676,84 	 76,49 	 3 083,52 	 1 324,71 	 424,87 	 3 743,71 	 90,28 	 270,29 	 1 629,98 	 163,13 	 184,96 	 15,95 
02.03.2006	 1 598,84 	 1 313,75 	 344,36 	 2 151,00 	 2 569,26 	 33,08 	 16,52 	 1 889,74 	 7 361,40 	 51,87 	 3 691,12 	 744,17 	 164,86 	 320,02 	 680,16 	 76,75 	 3 086,75 	 1 330,04 	 424,78 	 3 773,39 	 90,73 	 272,40 	 1 644,87 	 164,22 	 185,66 	 15,95 
03.03.2006	 1 604,01 	 1 312,38 	 344,06 	 2 150,00 	 2 566,56 	 33,05 	 16,55 	 1 896,36 	 7 362,26 	 51,85 	 3 684,98 	 743,39 	 164,56 	 321,31 	 681,37 	 76,71 	 3 092,37 	 1 328,68 	 424,88 	 3 760,03 	 90,60 	 271,59 	 1 640,09 	 164,06 	 185,15 	 15,94 
04.03.2006	 1 603,68 	 1 320,72 	 346,19 	 2 150,00 	 2 582,69 	 32,46 	 16,57 	 1 896,78 	 7 359,49 	 51,85 	 3 710,42 	 748,23 	 164,44 	 322,31 	 678,32 	 76,98 	 3 090,58 	 1 327,86 	 424,72 	 3 766,69 	 90,31 	 273,44 	 1 652,51 	 165,09 	 184,58 	 15,94 
05.03.2006	 1 603,68 	 1 320,72 	 346,19 	 2 150,00 	 2 582,69 	 32,46 	 16,57 	 1 896,78 	 7 359,49 	 51,85 	 3 710,42 	 748,23 	 164,44 	 322,31 	 678,32 	 76,98 	 3 090,58 	 1 327,86 	 424,72 	 3 766,69 	 90,31 	 273,44 	 1 652,51 	 165,09 	 184,58 	 15,94 
06.03.2006	 1 603,68 	 1 320,72 	 346,19 	 2 150,00 	 2 582,69 	 32,46 	 16,57 	 1 896,78 	 7 359,49 	 51,85 	 3 710,42 	 748,23 	 164,44 	 322,31 	 678,32 	 76,98 	 3 090,58 	 1 327,86 	 424,72 	 3 766,69 	 90,31 	 273,44 	 1 652,51 	 165,09 	 184,58 	 15,94 
07.03.2006	 1 600,78 	 1 324,01 	 347,01 	 2 150,00 	 2 589,78 	 32,52 	 16,60 	 1 893,36 	 7 361,38 	 51,89 	 3 719,72 	 749,94 	 164,69 	 324,27 	 679,00 	 77,11 	 3 098,88 	 1 323,20 	 424,90 	 3 777,44 	 90,85 	 273,87 	 1 660,23 	 165,52 	 183,69 	 15,94 
08.03.2006	 1 585,30 	 1 311,14 	 343,80 	 2 150,00 	 2 564,63 	 32,28 	 16,61 	 1 880,69 	 7 361,63 	 51,89 	 3 683,71 	 742,67 	 165,07 	 320,66 	 664,52 	 76,80 	 3 098,09 	 1 317,56 	 424,74 	 3 738,85 	 89,35 	 270,78 	 1 644,55 	 163,90 	 182,48 	 15,94 
09.03.2006	 1 585,30 	 1 311,14 	 343,80 	 2 150,00 	 2 564,63 	 32,28 	 16,61 	 1 880,69 	 7 361,63 	 51,89 	 3 683,71 	 742,67 	 165,07 	 320,66 	 664,52 	 76,80 	 3 098,09 	 1 317,56 	 424,74 	 3 738,85 	 89,35 	 270,78 	 1 644,55 	 163,90 	 182,48 	 15,94 
10.03.2006	 1 581,86 	 1 311,50 	 343,90 	 2 150,00 	 2 565,27 	 31,12 	 16,64 	 1 863,97 	 7 361,63 	 51,89 	 3 685,92 	 742,94 	 165,26 	 319,77 	 661,93 	 76,79 	 3 081,60 	 1 320,76 	 424,84 	 3 735,09 	 89,42 	 271,95 	 1 641,91 	 163,94 	 182,98 	 15,94 
11.03.2006	 1 582,29 	 1 310,10 	 343,54 	 2 150,00 	 2 562,37 	 30,84 	 16,66 	 1 852,81 	 7 362,13 	 51,89 	 3 680,56 	 742,26 	 165,32 	 321,40 	 658,84 	 76,73 	 3 084,99 	 1 320,35 	 424,83 	 3 736,38 	 89,05 	 272,68 	 1 636,66 	 163,76 	 181,71 	 15,94 
12.03.2006	 1 582,29 	 1 310,10 	 343,54 	 2 150,00 	 2 562,37 	 30,84 	 16,66 	 1 852,81 	 7 362,13 	 51,89 	 3 680,56 	 742,26 	 165,32 	 321,40 	 658,84 	 76,73 	 3 084,99 	 1 320,35 	 424,83 	 3 736,38 	 89,05 	 272,68 	 1 636,66 	 163,76 	 181,71 	 15,94 
13.03.2006	 1 582,29 	 1 310,10 	 343,54 	 2 150,00 	 2 562,37 	 30,84 	 16,66 	 1 852,81 	 7 362,13 	 51,89 	 3 680,56 	 742,26 	 165,32 	 321,40 	 658,84 	 76,73 	 3 084,99 	 1 320,35 	 424,83 	 3 736,38 	 89,05 	 272,68 	 1 636,66 	 163,76 	 181,71 	 15,94 
14.03.2006	 1 574,55 	 1 311,82 	 343,92 	 2 150,00 	 2 565,70 	 30,54 	 16,67 	 1 853,37 	 7 361,38 	 51,98 	 3 685,61 	 743,06 	 165,29 	 321,56 	 660,18 	 76,76 	 3 081,17 	 1 320,68 	 424,87 	 3 706,28 	 89,52 	 273,34 	 1 633,55 	 163,95 	 180,80 	 15,94 
15.03.2006	 1 576,92 	 1 316,39 	 345,12 	 2 150,00 	 2 574,73 	 30,13 	 16,71 	 1 854,49 	 7 361,63 	 51,98 	 3 698,92 	 745,70 	 165,00 	 323,67 	 652,31 	 76,81 	 3 077,90 	 1 321,82 	 424,79 	 3 730,79 	 89,26 	 274,54 	 1 642,29 	 164,55 	 181,35 	 15,94 
16.03.2006	 1 589,60 	 1 321,82 	 346,47 	 2 150,00 	 2 585,48 	 30,51 	 16,75 	 1 862,04 	 7 361,38 	 51,98 	 3 713,94 	 748,80 	 164,88 	 324,72 	 665,80 	 77,22 	 3 083,36 	 1 326,71 	 424,67 	 3 753,79 	 89,99 	 275,75 	 1 651,24 	 165,24 	 182,88 	 15,94 
17.03.2006	 1 584,77 	 1 326,22 	 347,69 	 2 150,00 	 2 594,19 	 30,80 	 16,77 	 1 862,12 	 7 361,63 	 51,98 	 3 727,14 	 751,29 	 164,56 	 325,59 	 669,87 	 77,29 	 3 094,47 	 1 326,42 	 424,73 	 3 759,92 	 90,34 	 277,48 	 1 657,93 	 165,79 	 182,72 	 15,94 
18.03.2006	 1 574,34 	 1 337,90 	 350,71 	 2 150,00 	 2 617,09 	 31,29 	 16,82 	 1 859,30 	 7 362,26 	 51,98 	 3 759,73 	 758,02 	 164,69 	 327,26 	 681,86 	 77,61 	 3 098,21 	 1 328,27 	 424,84 	 3 773,68 	 91,78 	 279,95 	 1 664,73 	 167,26 	 184,37 	 15,94 
19.03.2006	 1 574,34 	 1 337,90 	 350,71 	 2 150,00 	 2 617,09 	 31,29 	 16,82 	 1 859,30 	 7 362,26 	 51,98 	 3 759,73 	 758,02 	 164,69 	 327,26 	 681,86 	 77,61 	 3 098,21 	 1 328,27 	 424,84 	 3 773,68 	 91,78 	 279,95 	 1 664,73 	 167,26 	 184,37 	 15,94 
20.03.2006	 1 574,34 	 1 337,90 	 350,71 	 2 150,00 	 2 617,09 	 31,29 	 16,82 	 1 859,30 	 7 362,26 	 51,98 	 3 759,73 	 758,02 	 164,69 	 327,26 	 681,86 	 77,61 	 3 098,21 	 1 328,27 	 424,84 	 3 773,68 	 91,78 	 279,95 	 1 664,73 	 167,26 	 184,37 	 15,94 
21.03.2006	 1 546,96 	 1 338,15 	 350,73 	 2 149,00 	 2 617,16 	 30,89 	 16,88 	 1 846,46 	 7 358,20 	 51,96 	 3 760,28 	 757,94 	 164,96 	 329,03 	 673,45 	 77,69 	 3 112,27 	 1 331,02 	 424,64 	 3 774,29 	 91,35 	 280,39 	 1 664,60 	 167,23 	 185,25 	 15,94 
22.03.2006	 1 542,77 	 1 333,09 	 349,44 	 2 149,00 	 2 607,49 	 30,76 	 16,86 	 1 847,25 	 7 357,95 	 51,96 	 3 746,51 	 755,09 	 164,74 	 327,30 	 668,94 	 77,57 	 3 110,83 	 1 327,98 	 424,49 	 3 757,53 	 91,39 	 278,39 	 1 659,65 	 166,65 	 184,03 	 15,94 
23.03.2006	 1 538,47 	 1 327,65 	 348,02 	 2 149,00 	 2 596,53 	 30,08 	 16,86 	 1 840,45 	 7 358,71 	 51,96 	 3 729,93 	 751,98 	 164,71 	 327,32 	 662,50 	 77,47 	 3 106,23 	 1 328,80 	 424,49 	 3 758,71 	 90,49 	 276,64 	 1 649,97 	 165,95 	 183,42 	 15,94 
24.03.2006	 1 544,59 	 1 325,81 	 347,57 	 2 149,00 	 2 593,09 	 30,13 	 16,87 	 1 843,76 	 7 358,20 	 51,96 	 3 725,73 	 751,00 	 165,02 	 326,07 	 666,04 	 77,39 	 3 099,07 	 1 329,58 	 424,24 	 3 747,96 	 90,67 	 277,32 	 1 645,42 	 165,74 	 183,57 	 15,94 
25.03.2006	 1 522,67 	 1 315,50 	 344,86 	 2 149,00 	 2 573,00 	 29,46 	 16,81 	 1 840,92 	 7 358,46 	 51,96 	 3 696,57 	 745,16 	 165,05 	 322,80 	 658,75 	 77,17 	 3 095,85 	 1 325,36 	 424,49 	 3 724,65 	 89,69 	 274,89 	 1 630,93 	 164,45 	 181,76 	 15,94 
26.03.2006	 1 522,67 	 1 315,50 	 344,86 	 2 149,00 	 2 573,00 	 29,46 	 16,81 	 1 840,92 	 7 358,46 	 51,96 	 3 696,57 	 745,16 	 165,05 	 322,80 	 658,75 	 77,17 	 3 095,85 	 1 325,36 	 424,49 	 3 724,65 	 89,69 	 274,89 	 1 630,93 	 164,45 	 181,76 	 15,94 
27.03.2006	 1 522,67 	 1 315,50 	 344,86 	 2 149,00 	 2 573,00 	 29,46 	 16,81 	 1 840,92 	 7 358,46 	 51,96 	 3 696,57 	 745,16 	 165,05 	 322,80 	 658,75 	 77,17 	 3 095,85 	 1 325,36 	 424,49 	 3 724,65 	 89,69 	 274,89 	 1 630,93 	 164,45 	 181,76 	 15,94 
28.03.2006	 1 515,47 	 1 323,24 	 346,83 	 2 149,00 	 2 588,15 	 29,40 	 16,80 	 1 836,99 	 7 358,08 	 51,94 	 3 718,31 	 749,58 	 164,93 	 324,74 	 665,60 	 77,38 	 3 083,00 	 1 328,39 	 424,49 	 3 755,06 	 90,36 	 276,83 	 1 644,16 	 165,40 	 184,03 	 15,94 
29.03.2006	 1 527,62 	 1 323,89 	 347,03 	 2 149,00 	 2 590,30 	 29,73 	 16,81 	 1 843,05 	 7 360,60 	 51,94 	 3 720,25 	 749,97 	 164,90 	 325,86 	 656,36 	 77,30 	 3 095,36 	 1 327,69 	 424,54 	 3 756,34 	 90,14 	 276,67 	 1 646,68 	 165,51 	 184,08 	 15,94 
30.03.2006	 1 509,78 	 1 317,15 	 345,23 	 2 149,00 	 2 576,11 	 30,01 	 16,76 	 1 830,18 	 7 360,35 	 51,94 	 3 700,71 	 746,06 	 164,61 	 324,30 	 650,07 	 77,29 	 3 098,23 	 1 325,07 	 424,49 	 3 733,57 	 89,59 	 273,70 	 1 638,21 	 164,63 	 182,37 	 15,94 
31.03.2006	 1 526,33 	 1 325,85 	 347,48 	 2 149,00 	 2 592,77 	 30,18 	 16,73 	 1 842,11 	 7 358,96 	 51,94 	 3 726,05 	 750,94 	 164,30 	 323,66 	 658,70 	 77,41 	 3 089,90 	 1 325,93 	 425,00 	 3 734,85 	 90,51 	 275,11 	 1 644,79 	 165,71 	 182,78 	 15,94 
01.04.2006	 1 540,30 	 1 332,96 	 349,40 	 2 149,00 	 2 607,27 	 30,47 	 16,74 	 1 852,19 	 7 358,20 	 51,94 	 3 745,86 	 755,12 	 164,17 	 327,34 	 662,70 	 77,58 	 3 095,89 	 1 327,69 	 424,43 	 3 740,87 	 91,21 	 277,25 	 1 650,85 	 166,64 	 182,87 	 15,94 
02.04.2006	 1 540,30 	 1 332,96 	 349,40 	 2 149,00 	 2 607,27 	 30,47 	 16,74 	 1 852,19 	 7 358,20 	 51,94 	 3 745,86 	 755,12 	 164,17 	 327,34 	 662,70 	 77,58 	 3 095,89 	 1 327,69 	 424,43 	 3 740,87 	 91,21 	 277,25 	 1 650,85 	 166,64 	 182,87 	 15,94 
03.04.2006	 1 540,30 	 1 332,96 	 349,40 	 2 149,00 	 2 607,27 	 30,47 	 16,74 	 1 852,19 	 7 358,20 	 51,94 	 3 745,86 	 755,12 	 164,17 	 327,34 	 662,70 	 77,58 	 3 095,89 	 1 327,69 	 424,43 	 3 740,87 	 91,21 	 277,25 	 1 650,85 	 166,64 	 182,87 	 15,94 
04.04.2006	 1 538,36 	 1 323,19 	 346,92 	 2 149,00 	 2 588,26 	 29,88 	 16,73 	 1 831,12 	 7 358,20 	 52,18 	 3 718,31 	 749,77 	 164,71 	 326,37 	 659,63 	 77,38 	 3 096,39 	 1 328,27 	 424,73 	 3 710,57 	 90,91 	 274,50 	 1 638,89 	 165,45 	 181,35 	 15,94 
05.04.2006	 1 537,50 	 1 336,36 	 350,26 	 2 149,00 	 2 614,69 	 29,70 	 16,71 	 1 833,70 	 7 358,20 	 52,18 	 3 755,35 	 757,05 	 164,74 	 332,17 	 664,26 	 77,60 	 3 090,26 	 1 331,76 	 424,62 	 3 750,22 	 91,78 	 278,49 	 1 652,12 	 167,03 	 182,89 	 15,94 
06.04.2006	 1 554,80 	 1 346,66 	 352,95 	 2 149,00 	 2 634,57 	 29,74 	 16,70 	 1 846,22 	 7 358,20 	 52,18 	 3 785,78 	 762,84 	 164,74 	 334,50 	 660,50 	 77,97 	 3 104,45 	 1 337,11 	 424,60 	 3 780,41 	 92,19 	 281,23 	 1 670,55 	 168,34 	 183,64 	 15,94 
07.04.2006	 1 571,24 	 1 350,68 	 353,93 	 2 149,00 	 2 641,55 	 29,40 	 16,66 	 1 851,79 	 7 360,60 	 52,18 	 3 794,81 	 765,11 	 164,96 	 335,02 	 661,15 	 78,05 	 3 114,55 	 1 338,73 	 424,56 	 3 770,31 	 92,12 	 282,83 	 1 672,57 	 168,83 	 182,82 	 15,94 
08.04.2006	 1 575,54 	 1 339,90 	 351,14 	 2 149,00 	 2 620,60 	 29,51 	 16,67 	 1 863,03 	 7 357,70 	 52,18 	 3 764,56 	 758,95 	 164,96 	 333,10 	 663,11 	 77,84 	 3 120,18 	 1 338,36 	 424,56 	 3 763,87 	 91,99 	 280,76 	 1 661,71 	 167,47 	 182,74 	 15,94 
09.04.2006	 1 575,54 	 1 339,90 	 351,14 	 2 149,00 	 2 620,60 	 29,51 	 16,67 	 1 863,03 	 7 357,70 	 52,18 	 3 764,56 	 758,95 	 164,96 	 333,10 	 663,11 	 77,84 	 3 120,18 	 1 338,36 	 424,56 	 3 763,87 	 91,99 	 280,76 	 1 661,71 	 167,47 	 182,74 	 15,94 
10.04.2006	 1 575,54 	 1 339,90 	 351,14 	 2 149,00 	 2 620,60 	 29,51 	 16,67 	 1 863,03 	 7 357,70 	 52,18 	 3 764,56 	 758,95 	 164,96 	 333,10 	 663,11 	 77,84 	 3 120,18 	 1 338,36 	 424,56 	 3 763,87 	 91,99 	 280,76 	 1 661,71 	 167,47 	 182,74 	 15,94 
11.04.2006	 1 565,87 	 1 332,09 	 349,09 	 2 149,00 	 2 605,23 	 29,43 	 16,69 	 1 873,50 	 7 357,95 	 52,25 	 3 742,92 	 754,55 	 165,05 	 330,90 	 658,52 	 77,56 	 3 106,72 	 1 339,02 	 424,73 	 3 751,83 	 91,08 	 278,57 	 1 655,31 	 166,51 	 181,73 	 15,94 
12.04.2006	 1 573,82 	 1 333,00 	 349,47 	 2 149,00 	 2 607,49 	 29,34 	 16,70 	 1 875,63 	 7 358,58 	 52,25 	 3 746,19 	 755,08 	 164,90 	 333,54 	 658,62 	 77,64 	 3 097,96 	 1 333,95 	 424,72 	 3 748,39 	 91,20 	 279,60 	 1 652,63 	 166,62 	 181,43 	 15,94 
13.04.2006	 1 573,18 	 1 334,53 	 349,80 	 2 149,00 	 2 610,28 	 28,89 	 16,71 	 1 874,32 	 7 357,95 	 52,25 	 3 749,78 	 755,96 	 164,93 	 332,89 	 665,10 	 77,69 	 3 096,37 	 1 329,74 	 424,88 	 3 766,87 	 91,41 	 280,41 	 1 657,67 	 166,82 	 181,63 	 15,94 
14.04.2006	 1 568,56 	 1 332,30 	 349,15 	 2 149,00 	 2 605,66 	 28,22 	 16,75 	 1 875,22 	 7 358,20 	 52,25 	 3 743,58 	 754,59 	 164,74 	 331,53 	 662,15 	 77,59 	 3 103,33 	 1 336,03 	 424,64 	 3 770,74 	 91,02 	 278,98 	 1 658,12 	 166,51 	 181,51 	 15,94 
15.04.2006	 1 564,58 	 1 329,54 	 348,46 	 2 149,00 	 2 600,40 	 28,18 	 16,79 	 1 869,35 	 7 357,95 	 52,25 	 3 736,42 	 753,10 	 164,83 	 330,82 	 661,15 	 77,58 	 3 097,61 	 1 335,74 	 424,59 	 3 764,30 	 90,76 	 279,22 	 1 654,48 	 166,17 	 181,03 	 15,94 
16.04.2006	 1 564,58 	 1 329,54 	 348,46 	 2 149,00 	 2 600,40 	 28,18 	 16,79 	 1 869,35 	 7 357,95 	 52,25 	 3 736,42 	 753,10 	 164,83 	 330,82 	 661,15 	 77,58 	 3 097,61 	 1 335,74 	 424,59 	 3 764,30 	 90,76 	 279,22 	 1 654,48 	 166,17 	 181,03 	 15,94 
17.04.2006	 1 564,58 	 1 329,54 	 348,46 	 2 149,00 	 2 600,40 	 28,18 	 16,79 	 1 869,35 	 7 357,95 	 52,25 	 3 736,42 	 753,10 	 164,83 	 330,82 	 661,15 	 77,58 	 3 097,61 	 1 335,74 	 424,59 	 3 764,30 	 90,76 	 279,22 	 1 654,48 	 166,17 	 181,03 	 15,94 
18.04.2006	 1 574,79 	 1 338,57 	 350,82 	 2 149,00 	 2 618,02 	 28,32 	 16,87 	 1 873,50 	 7 358,71 	 52,34 	 3 761,60 	 758,25 	 164,83 	 332,79 	 665,33 	 77,77 	 3 097,76 	 1 340,19 	 424,67 	 3 778,05 	 91,37 	 280,99 	 1 664,99 	 167,32 	 181,73 	 15,94 
19.04.2006	 1 586,28 	 1 344,51 	 352,41 	 2 149,00 	 2 629,84 	 28,43 	 16,99 	 1 874,65 	 7 357,70 	 52,34 	 3 778,46 	 761,61 	 164,67 	 334,90 	 670,24 	 77,95 	 3 118,74 	 1 341,11 	 424,43 	 3 801,04 	 92,03 	 282,47 	 1 678,32 	 168,06 	 181,90 	 15,94 
20.04.2006	 1 595,95 	 1 357,08 	 355,73 	 2 149,00 	 2 654,23 	 28,12 	 17,14 	 1 887,41 	 7 358,71 	 52,34 	 3 814,00 	 768,69 	 162,34 	 339,36 	 680,33 	 78,25 	 3 117,45 	 1 344,34 	 424,39 	 3 831,77 	 92,97 	 284,94 	 1 693,26 	 169,63 	 183,49 	 15,94 
21.04.2006	 1 599,39 	 1 357,46 	 355,86 	 2 149,00 	 2 654,98 	 27,23 	 17,34 	 1 889,98 	 7 358,96 	 52,34 	 3 815,70 	 768,94 	 165,20 	 340,61 	 681,62 	 78,24 	 3 130,04 	 1 345,10 	 424,62 	 3 846,07 	 93,23 	 285,81 	 1 691,39 	 169,70 	 182,75 	 15,94 
22.04.2006	 1 591,23 	 1 353,91 	 354,91 	 2 149,00 	 2 648,11 	 27,17 	 17,45 	 1 889,06 	 7 358,58 	 52,34 	 3 804,21 	 766,95 	 165,47 	 339,07 	 681,25 	 78,09 	 3 125,81 	 1 345,52 	 425,63 	 3 828,12 	 93,11 	 284,82 	 1 680,28 	 169,23 	 183,13 	 15,94 
23.04.2006	 1 591,23 	 1 353,91 	 354,91 	 2 149,00 	 2 648,11 	 27,17 	 17,45 	 1 889,06 	 7 358,58 	 52,34 	 3 804,21 	 766,95 	 165,47 	 339,07 	 681,25 	 78,09 	 3 125,81 	 1 345,52 	 425,63 	 3 828,12 	 93,11 	 284,82 	 1 680,28 	 169,23 	 183,13 	 15,94 
24.04.2006	 1 591,23 	 1 353,91 	 354,91 	 2 149,00 	 2 648,11 	 27,17 	 17,45 	 1 889,06 	 7 358,58 	 52,34 	 3 804,21 	 766,95 	 165,47 	 339,07 	 681,25 	 78,09 	 3 125,81 	 1 345,52 	 425,63 	 3 828,12 	 93,11 	 284,82 	 1 680,28 	 169,23 	 183,13 	 15,94 
25.04.2006	 1 604,87 	 1 360,08 	 356,54 	 2 149,00 	 2 660,14 	 27,87 	 17,42 	 1 893,64 	 7 358,71 	 52,53 	 3 822,82 	 770,40 	 165,13 	 339,53 	 688,23 	 78,34 	 3 125,76 	 1 351,27 	 425,50 	 3 846,07 	 93,76 	 285,75 	 1 690,79 	 170,01 	 186,72 	 15,94 
26.04.2006	 1 602,08 	 1 361,72 	 356,97 	 2 149,00 	 2 663,58 	 28,26 	 17,33 	 1 890,39 	 7 358,71 	 52,53 	 3 826,57 	 771,40 	 165,13 	 339,12 	 689,14 	 78,36 	 3 139,62 	 1 352,93 	 425,12 	 3 839,30 	 93,72 	 285,46 	 1 692,79 	 170,22 	 187,68 	 15,94 
27.04.2006	 1 601,00 	 1 363,06 	 357,41 	 2 149,00 	 2 665,94 	 28,75 	 17,33 	 1 896,48 	 7 358,71 	 52,53 	 3 830,66 	 772,24 	 165,18 	 340,23 	 685,46 	 78,45 	 3 141,02 	 1 350,81 	 425,97 	 3 831,67 	 93,93 	 285,82 	 1 690,86 	 170,41 	 186,55 	 15,94 
28.04.2006	 1 615,62 	 1 366,79 	 358,32 	 2 149,00 	 2 673,25 	 28,84 	 17,33 	 1 906,66 	 7 358,71 	 52,53 	 3 840,93 	 774,16 	 165,18 	 343,36 	 690,77 	 78,54 	 3 140,53 	 1 354,30 	 427,24 	 3 835,21 	 94,11 	 286,79 	 1 690,93 	 170,87 	 187,32 	 15,94 
29.04.2006	 1 621,42 	 1 378,67 	 361,43 	 2 149,00 	 2 696,67 	 28,91 	 17,28 	 1 912,18 	 7 358,58 	 52,53 	 3 874,86 	 780,94 	 165,24 	 347,29 	 696,39 	 78,79 	 3 144,55 	 1 357,55 	 427,00 	 3 876,04 	 94,82 	 289,92 	 1 711,33 	 172,32 	 187,96 	 15,94 
30.04.2006	 1 621,42 	 1 378,67 	 361,43 	 2 149,00 	 2 696,67 	 28,91 	 17,28 	 1 912,18 	 7 358,58 	 52,53 	 3 874,86 	 780,94 	 165,24 	 347,29 	 696,39 	 78,79 	 3 144,55 	 1 357,55 	 427,00 	 3 876,04 	 94,82 	 289,92 	 1 711,33 	 172,32 	 187,96 	 15,94 
01.05.2006	 1 621,42 	 1 378,67 	 361,43 	 2 149,00 	 2 696,67 	 28,91 	 17,28 	 1 912,18 	 7 358,58 	 52,53 	 3 874,86 	 780,94 	 165,24 	 347,29 	 696,39 	 78,79 	 3 144,55 	 1 357,55 	 427,00 	 3 876,04 	 94,82 	 289,92 	 1 711,33 	 172,32 	 187,96 	 15,94 
02.05.2006	 1 621,42 	 1 378,67 	 361,43 	 2 149,00 	 2 696,67 	 28,91 	 17,28 	 1 912,18 	 7 358,58 	 52,53 	 3 874,86 	 780,94 	 165,24 	 347,29 	 696,39 	 78,79 	 3 144,55 	 1 357,55 	 427,00 	 3 876,04 	 94,82 	 289,92 	 1 711,33 	 172,32 	 187,96 	 15,94 
03.05.2006	 1 621,42 	 1 378,67 	 361,43 	 2 149,00 	 2 696,67 	 28,91 	 17,28 	 1 912,18 	 7 358,58 	 52,53 	 3 874,86 	 780,94 	 165,24 	 347,29 	 696,39 	 78,79 	 3 144,55 	 1 357,55 	 427,00 	 3 876,04 	 94,82 	 289,92 	 1 711,33 	 172,32 	 187,96 	 15,94 
04.05.2006	 1 656,13 	 1 389,23 	 364,36 	 2 149,00 	 2 717,30 	 28,87 	 17,29 	 1 944,36 	 7 354,55 	 52,54 	 3 904,43 	 786,86 	 165,37 	 349,20 	 711,21 	 79,13 	 3 175,71 	 1 365,18 	 429,37 	 3 951,69 	 95,86 	 291,50 	 1 739,10 	 173,67 	 189,71 	 15,94 
05.05.2006	 1 647,42 	 1 383,15 	 362,84 	 2 149,00 	 2 705,70 	 29,31 	 17,38 	 1 929,69 	 7 354,55 	 52,54 	 3 886,43 	 783,42 	 164,99 	 349,45 	 707,37 	 78,98 	 3 176,65 	 1 360,00 	 429,92 	 3 948,25 	 95,42 	 290,10 	 1 732,30 	 172,90 	 188,47 	 15,94 
06.05.2006	 1 653,23 	 1 394,68 	 365,98 	 2 149,00 	 2 728,16 	 30,25 	 17,44 	 1 939,44 	 7 358,96 	 52,54 	 3 919,74 	 790,02 	 165,18 	 351,68 	 714,81 	 79,22 	 3 172,20 	 1 363,15 	 429,54 	 3 976,40 	 96,30 	 292,06 	 1 746,52 	 174,35 	 188,93 	 15,94 
07.05.2006	 1 656,88 	 1 398,27 	 366,77 	 2 149,00 	 2 735,03 	 29,97 	 17,43 	 1 943,83 	 7 358,71 	 52,54 	 3 930,14 	 792,11 	 165,18 	 351,34 	 714,26 	 79,36 	 3 181,72 	 1 368,18 	 427,24 	 3 996,07 	 96,71 	 293,62 	 1 752,14 	 174,80 	 190,89 	 15,94 
08.05.2006	 1 656,88 	 1 398,27 	 366,77 	 2 149,00 	 2 735,03 	 29,97 	 17,43 	 1 943,83 	 7 358,71 	 52,54 	 3 930,14 	 792,11 	 165,18 	 351,34 	 714,26 	 79,36 	 3 181,72 	 1 368,18 	 427,24 	 3 996,07 	 96,71 	 293,62 	 1 752,14 	 174,80 	 190,89 	 15,94 
09.05.2006	 1 656,88 	 1 398,27 	 366,77 	 2 149,00 	 2 735,03 	 29,97 	 17,43 	 1 943,83 	 7 358,71 	 52,54 	 3 930,14 	 792,11 	 165,18 	 351,34 	 714,26 	 79,36 	 3 181,72 	 1 368,18 	 427,24 	 3 996,07 	 96,71 	 293,62 	 1 752,14 	 174,80 	 190,89 	 15,94 
10.05.2006	 1 656,88 	 1 398,27 	 366,77 	 2 149,00 	 2 735,03 	 29,97 	 17,43 	 1 943,83 	 7 358,71 	 52,54 	 3 930,14 	 792,11 	 165,18 	 351,34 	 714,26 	 79,36 	 3 181,72 	 1 368,18 	 427,24 	 3 996,07 	 96,71 	 293,62 	 1 752,14 	 174,80 	 190,89 	 15,94 
11.05.2006	 1 659,42 	 1 403,96 	 368,29 	 2 147,00 	 2 745,69 	 30,47 	 17,49 	 1 952,17 	 7 351,86 	 52,62 	 3 943,79 	 795,32 	 165,34 	 353,66 	 713,55 	 79,41 	 3 187,69 	 1 371,80 	 429,19 	 4 014,14 	 97,10 	 294,56 	 1 764,54 	 175,51 	 193,96 	 15,92 
12.05.2006	 1 653,49 	 1 394,73 	 365,83 	 2 146,00 	 2 728,10 	 30,55 	 17,55 	 1 939,89 	 7 420,86 	 52,60 	 3 917,49 	 790,10 	 165,39 	 351,01 	 711,96 	 79,26 	 3 199,81 	 1 368,45 	 427,81 	 3 983,08 	 96,47 	 292,70 	 1 745,99 	 174,36 	 192,66 	 15,91 
13.05.2006	 1 663,98 	 1 414,02 	 370,85 	 2 145,00 	 2 765,33 	 30,78 	 17,66 	 1 946,55 	 7 417,65 	 52,57 	 3 973,33 	 800,91 	 165,00 	 356,18 	 714,81 	 79,61 	 3 189,94 	 1 372,45 	 426,19 	 4 055,23 	 97,95 	 295,22 	 1 780,45 	 176,76 	 195,38 	 15,91 
14.05.2006	 1 663,98 	 1 414,02 	 370,85 	 2 145,00 	 2 765,33 	 30,78 	 17,66 	 1 946,55 	 7 417,65 	 52,57 	 3 973,33 	 800,91 	 165,00 	 356,18 	 714,81 	 79,61 	 3 189,94 	 1 372,45 	 426,19 	 4 055,23 	 97,95 	 295,22 	 1 780,45 	 176,76 	 195,38 	 15,91 
15.05.2006	 1 663,98 	 1 414,02 	 370,85 	 2 145,00 	 2 765,33 	 30,78 	 17,66 	 1 946,55 	 7 417,65 	 52,57 	 3 973,33 	 800,91 	 165,00 	 356,18 	 714,81 	 79,61 	 3 189,94 	 1 372,45 	 426,19 	 4 055,23 	 97,95 	 295,22 	 1 780,45 	 176,76 	 195,38 	 15,91 
16.05.2006	 1 634,38 	 1 408,96 	 369,38 	 2 145,00 	 2 753,86 	 30,33 	 17,72 	 1 924,37 	 7 417,40 	 52,64 	 3 958,29 	 798,07 	 164,81 	 354,50 	 700,77 	 79,68 	 3 219,67 	 1 362,16 	 426,74 	 4 044,40 	 97,01 	 293,45 	 1 776,99 	 176,09 	 194,69 	 15,91 
17.05.2006	 1 633,20 	 1 405,22 	 368,64 	 2 145,00 	 2 748,39 	 29,95 	 17,60 	 1 920,24 	 7 418,30 	 52,64 	 3 948,82 	 796,02 	 164,49 	 350,27 	 700,26 	 79,38 	 3 203,51 	 1 354,08 	 425,81 	 4 031,10 	 97,10 	 292,02 	 1 769,15 	 175,66 	 194,34 	 15,91 
18.05.2006	 1 654,76 	 1 414,49 	 371,05 	 2 145,00 	 2 766,73 	 30,60 	 17,49 	 1 940,83 	 7 417,40 	 52,64 	 3 975,54 	 801,42 	 164,05 	 353,37 	 714,48 	 79,57 	 3 204,74 	 1 370,08 	 426,82 	 4 069,39 	 98,24 	 294,94 	 1 783,93 	 176,83 	 196,60 	 15,91 
19.05.2006	 1 637,69 	 1 402,27 	 368,01 	 2 144,00 	 2 742,93 	 30,24 	 17,66 	 1 923,99 	 7 413,94 	 52,61 	 3 940,45 	 794,31 	 163,73 	 350,62 	 694,66 	 79,21 	 3 216,69 	 1 360,41 	 425,19 	 4 047,34 	 96,82 	 291,95 	 1 769,63 	 175,29 	 193,76 	 15,90 
20.05.2006	 1 630,29 	 1 399,37 	 367,16 	 2 143,00 	 2 736,72 	 29,76 	 17,67 	 1 909,90 	 7 405,49 	 52,59 	 3 932,11 	 792,57 	 162,90 	 350,48 	 694,63 	 79,37 	 3 197,16 	 1 352,43 	 424,61 	 4 020,38 	 96,71 	 292,53 	 1 758,79 	 174,89 	 191,60 	 15,89 
21.05.2006	 1 630,29 	 1 399,37 	 367,16 	 2 143,00 	 2 736,72 	 29,76 	 17,67 	 1 909,90 	 7 405,49 	 52,59 	 3 932,11 	 792,57 	 162,90 	 350,48 	 694,63 	 79,37 	 3 197,16 	 1 352,43 	 424,61 	 4 020,38 	 96,71 	 292,53 	 1 758,79 	 174,89 	 191,60 	 15,89 
22.05.2006	 1 630,29 	 1 399,37 	 367,16 	 2 143,00 	 2 736,72 	 29,76 	 17,67 	 1 909,90 	 7 405,49 	 52,59 	 3 932,11 	 792,57 	 162,90 	 350,48 	 694,63 	 79,37 	 3 197,16 	 1 352,43 	 424,61 	 4 020,38 	 96,71 	 292,53 	 1 758,79 	 174,89 	 191,60 	 15,89 
23.05.2006	 1 604,14 	 1 396,23 	 366,27 	 2 143,00 	 2 730,72 	 29,88 	 17,62 	 1 904,72 	 7 410,48 	 52,71 	 3 924,55 	 790,94 	 162,47 	 350,31 	 689,69 	 79,09 	 3 191,61 	 1 345,51 	 425,84 	 4 011,59 	 96,48 	 291,68 	 1 760,16 	 174,55 	 189,99 	 15,89 
24.05.2006	 1 617,43 	 1 406,21 	 368,92 	 2 143,00 	 2 750,33 	 29,58 	 17,46 	 1 923,78 	 7 410,74 	 52,71 	 3 951,32 	 796,58 	 162,47 	 351,54 	 694,13 	 79,41 	 3 190,37 	 1 357,32 	 426,38 	 4 036,88 	 97,15 	 295,24 	 1 773,93 	 175,78 	 192,47 	 15,89 
25.05.2006	 1 618,18 	 1 407,97 	 369,46 	 2 143,00 	 2 754,18 	 29,67 	 17,50 	 1 912,28 	 7 410,48 	 52,71 	 3 956,79 	 797,59 	 161,43 	 352,12 	 694,72 	 79,32 	 3 201,11 	 1 352,52 	 426,62 	 4 036,66 	 97,56 	 295,51 	 1 775,55 	 176,02 	 191,50 	 15,89 
26.05.2006	 1 621,29 	 1 401,25 	 367,58 	 2 143,00 	 2 740,68 	 29,43 	 17,51 	 1 923,96 	 7 410,48 	 52,71 	 3 937,53 	 793,66 	 161,43 	 350,58 	 694,61 	 79,26 	 3 202,65 	 1 355,13 	 427,15 	 4 012,12 	 97,12 	 294,15 	 1 763,42 	 175,20 	 190,57 	 15,89 
27.05.2006	 1 630,50 	 1 404,83 	 368,45 	 2 143,00 	 2 748,83 	 29,49 	 17,52 	 1 933,77 	 7 410,48 	 52,71 	 3 947,68 	 795,87 	 162,66 	 351,62 	 700,53 	 79,27 	 3 189,49 	 1 357,02 	 424,82 	 4 015,98 	 97,63 	 295,18 	 1 763,93 	 175,65 	 191,47 	 15,89 
28.05.2006	 1 630,50 	 1 404,83 	 368,45 	 2 143,00 	 2 748,83 	 29,49 	 17,52 	 1 933,77 	 7 410,48 	 52,71 	 3 947,68 	 795,87 	 162,66 	 351,62 	 700,53 	 79,27 	 3 189,49 	 1 357,02 	 424,82 	 4 015,98 	 97,63 	 295,18 	 1 763,93 	 175,65 	 191,47 	 15,89 
29.05.2006	 1 630,50 	 1 404,83 	 368,45 	 2 143,00 	 2 748,83 	 29,49 	 17,52 	 1 933,77 	 7 410,48 	 52,71 	 3 947,68 	 795,87 	 162,66 	 351,62 	 700,53 	 79,27 	 3 189,49 	 1 357,02 	 424,82 	 4 015,98 	 97,63 	 295,18 	 1 763,93 	 175,65 	 191,47 	 15,89 
30.05.2006	 1 624,50 	 1 396,96 	 366,29 	 2 143,00 	 2 731,90 	 29,47 	 17,59 	 1 936,30 	 7 409,84 	 52,86 	 3 925,63 	 791,59 	 162,66 	 349,27 	 697,39 	 79,18 	 3 194,57 	 1 356,29 	 426,04 	 3 987,05 	 96,99 	 293,86 	 1 750,53 	 174,62 	 190,81 	 15,89 
31.05.2006	 1 636,72 	 1 407,46 	 369,16 	 2 143,00 	 2 752,79 	 29,73 	 17,66 	 1 946,68 	 7 409,71 	 52,86 	 3 954,97 	 797,35 	 161,74 	 351,77 	 699,73 	 79,42 	 3 194,57 	 1 359,00 	 424,21 	 4 017,37 	 97,56 	 297,01 	 1 765,09 	 175,92 	 191,54 	 15,89 
01.06.2006	 1 631,79 	 1 409,27 	 369,60 	 2 143,00 	 2 756,01 	 29,82 	 17,68 	 1 954,67 	 7 410,87 	 52,86 	 3 960,45 	 798,02 	 161,74 	 351,51 	 697,77 	 79,56 	 3 200,83 	 1 359,86 	 426,64 	 4 030,13 	 97,66 	 297,11 	 1 769,03 	 176,14 	 191,52 	 15,89 
02.06.2006	 1 603,82 	 1 401,02 	 367,37 	 2 143,00 	 2 740,25 	 29,78 	 17,68 	 1 942,44 	 7 409,71 	 52,86 	 3 936,81 	 793,53 	 161,67 	 352,17 	 695,16 	 79,23 	 3 202,03 	 1 355,13 	 426,47 	 3 994,66 	 96,99 	 295,95 	 1 754,83 	 175,11 	 190,02 	 15,89 
03.06.2006	 1 599,00 	 1 402,81 	 367,85 	 2 143,00 	 2 743,47 	 29,76 	 17,75 	 1 939,63 	 7 409,71 	 52,86 	 3 941,15 	 794,70 	 161,01 	 352,78 	 700,35 	 79,70 	 3 184,99 	 1 356,84 	 426,28 	 3 990,80 	 97,21 	 296,86 	 1 753,04 	 175,36 	 189,91 	 15,89 
04.06.2006	 1 599,00 	 1 402,81 	 367,85 	 2 143,00 	 2 743,47 	 29,76 	 17,75 	 1 939,63 	 7 409,71 	 52,86 	 3 941,15 	 794,70 	 161,01 	 352,78 	 700,35 	 79,70 	 3 184,99 	 1 356,84 	 426,28 	 3 990,80 	 97,21 	 296,86 	 1 753,04 	 175,36 	 189,91 	 15,89 
05.06.2006	 1 599,00 	 1 402,81 	 367,85 	 2 143,00 	 2 743,47 	 29,76 	 17,75 	 1 939,63 	 7 409,71 	 52,86 	 3 941,15 	 794,70 	 161,01 	 352,78 	 700,35 	 79,70 	 3 184,99 	 1 356,84 	 426,28 	 3 990,80 	 97,21 	 296,86 	 1 753,04 	 175,36 	 189,91 	 15,89 
06.06.2006	 1 613,25 	 1 419,72 	 372,28 	 2 143,00 	 2 776,90 	 30,19 	 17,88 	 1 949,51 	 7 410,61 	 52,88 	 3 989,20 	 804,31 	 161,49 	 357,52 	 702,83 	 80,24 	 3 190,76 	 1 362,15 	 427,21 	 4 037,95 	 97,95 	 302,46 	 1 778,57 	 177,44 	 191,73 	 15,89 
07.06.2006	 1 599,00 	 1 414,90 	 371,03 	 2 143,00 	 2 767,58 	 30,09 	 17,87 	 1 933,16 	 7 409,97 	 52,88 	 3 975,88 	 801,44 	 161,13 	 356,29 	 698,36 	 80,16 	 3 210,39 	 1 358,95 	 427,74 	 4 016,52 	 97,80 	 300,68 	 1 776,65 	 176,87 	 190,89 	 15,89 
08.06.2006	 1 588,39 	 1 405,11 	 368,44 	 2 143,00 	 2 748,50 	 29,28 	 17,90 	 1 925,77 	 7 410,74 	 52,88 	 3 948,77 	 795,94 	 160,58 	 352,85 	 695,53 	 79,79 	 3 198,23 	 1 355,13 	 427,28 	 3 988,98 	 97,52 	 298,27 	 1 761,25 	 175,66 	 189,31 	 15,89 
09.06.2006	 1 596,86 	 1 397,96 	 366,56 	 2 143,00 	 2 733,93 	 29,33 	 17,89 	 1 923,27 	 7 411,38 	 52,88 	 3 928,15 	 791,45 	 159,57 	 349,09 	 690,64 	 79,72 	 3 188,46 	 1 345,64 	 427,02 	 3 963,37 	 96,98 	 296,60 	 1 750,89 	 174,71 	 188,20 	 15,89 
10.06.2006	 1 596,00 	 1 385,98 	 363,44 	 2 143,00 	 2 710,47 	 29,03 	 17,82 	 1 912,37 	 7 411,89 	 52,88 	 3 894,24 	 785,08 	 160,16 	 346,46 	 685,68 	 79,35 	 3 179,95 	 1 346,15 	 427,92 	 3 947,94 	 95,90 	 293,51 	 1 739,17 	 173,25 	 188,10 	 15,89 
11.06.2006	 1 596,00 	 1 385,98 	 363,44 	 2 143,00 	 2 710,47 	 29,03 	 17,82 	 1 912,37 	 7 411,89 	 52,88 	 3 894,24 	 785,08 	 160,16 	 346,46 	 685,68 	 79,35 	 3 179,95 	 1 346,15 	 427,92 	 3 947,94 	 95,90 	 293,51 	 1 739,17 	 173,25 	 188,10 	 15,89 
12.06.2006	 1 596,00 	 1 385,98 	 363,44 	 2 143,00 	 2 710,47 	 29,03 	 17,82 	 1 912,37 	 7 411,89 	 52,88 	 3 894,24 	 785,08 	 160,16 	 346,46 	 685,68 	 79,35 	 3 179,95 	 1 346,15 	 427,92 	 3 947,94 	 95,90 	 293,51 	 1 739,17 	 173,25 	 188,10 	 15,89 
13.06.2006	 1 603,39 	 1 382,63 	 362,70 	 2 143,00 	 2 704,36 	 28,90 	 17,85 	 1 939,54 	 7 412,28 	 52,98 	 3 884,01 	 783,16 	 160,04 	 347,60 	 679,35 	 79,35 	 3 168,66 	 1 345,98 	 427,96 	 3 954,91 	 95,68 	 293,96 	 1 739,80 	 172,82 	 187,60 	 15,89 
14.06.2006	 1 588,93 	 1 379,16 	 361,89 	 2 143,00 	 2 697,39 	 28,96 	 17,97 	 1 944,91 	 7 411,12 	 52,98 	 3 874,88 	 781,35 	 160,04 	 345,86 	 669,46 	 79,13 	 3 163,13 	 1 342,52 	 428,39 	 3 949,12 	 95,17 	 291,47 	 1 737,33 	 172,43 	 187,29 	 15,89 
15.06.2006	 1 585,39 	 1 378,98 	 361,78 	 2 143,00 	 2 696,54 	 28,53 	 17,95 	 1 925,86 	 7 410,48 	 52,98 	 3 874,53 	 781,01 	 160,04 	 344,28 	 670,90 	 79,11 	 3 160,26 	 1 343,78 	 428,51 	 3 948,05 	 95,07 	 290,89 	 1 737,83 	 172,31 	 186,40 	 15,89 
16.06.2006	 1 584,64 	 1 381,82 	 362,50 	 2 143,00 	 2 702,86 	 28,40 	 17,77 	 1 924,91 	 7 410,48 	 52,98 	 3 883,65 	 782,72 	 160,04 	 344,35 	 669,94 	 79,26 	 3 158,25 	 1 346,49 	 428,56 	 3 954,80 	 95,35 	 291,31 	 1 739,52 	 172,73 	 186,45 	 15,89 
17.06.2006	 1 592,78 	 1 387,77 	 364,13 	 2 143,00 	 2 714,11 	 28,57 	 17,88 	 1 927,42 	 7 411,12 	 52,98 	 3 899,20 	 786,02 	 160,22 	 345,46 	 672,84 	 79,41 	 3 163,60 	 1 349,58 	 428,34 	 3 974,51 	 95,82 	 292,76 	 1 744,62 	 173,44 	 186,93 	 15,89 
18.06.2006	 1 592,78 	 1 387,77 	 364,13 	 2 143,00 	 2 714,11 	 28,57 	 17,88 	 1 927,42 	 7 411,12 	 52,98 	 3 899,20 	 786,02 	 160,22 	 345,46 	 672,84 	 79,41 	 3 163,60 	 1 349,58 	 428,34 	 3 974,51 	 95,82 	 292,76 	 1 744,62 	 173,44 	 186,93 	 15,89 
19.06.2006	 1 592,78 	 1 387,77 	 364,13 	 2 143,00 	 2 714,11 	 28,57 	 17,88 	 1 927,42 	 7 411,12 	 52,98 	 3 899,20 	 786,02 	 160,22 	 345,46 	 672,84 	 79,41 	 3 163,60 	 1 349,58 	 428,34 	 3 974,51 	 95,82 	 292,76 	 1 744,62 	 173,44 	 186,93 	 15,89 
20.06.2006	 1 579,40 	 1 378,64 	 361,68 	 2 142,00 	 2 696,46 	 28,50 	 17,97 	 1 906,03 	 7 406,38 	 53,16 	 3 874,82 	 780,88 	 160,15 	 343,50 	 667,19 	 79,22 	 3 166,63 	 1 340,85 	 427,74 	 3 948,88 	 94,70 	 290,26 	 1 731,47 	 172,28 	 185,26 	 15,88 
21.06.2006	 1 583,47 	 1 376,92 	 361,26 	 2 142,00 	 2 693,03 	 28,60 	 18,07 	 1 909,77 	 7 406,38 	 53,16 	 3 869,22 	 779,93 	 160,21 	 341,32 	 663,67 	 79,20 	 3 156,60 	 1 345,73 	 427,97 	 3 950,17 	 94,53 	 291,16 	 1 726,86 	 172,12 	 186,66 	 15,88 
22.06.2006	 1 581,76 	 1 381,40 	 362,53 	 2 142,00 	 2 702,24 	 28,71 	 18,06 	 1 921,94 	 7 406,64 	 53,16 	 3 883,25 	 782,78 	 160,03 	 341,98 	 663,36 	 79,29 	 3 155,14 	 1 346,79 	 427,99 	 3 952,74 	 94,65 	 293,63 	 1 732,17 	 172,69 	 186,67 	 15,88 
23.06.2006	 1 581,33 	 1 384,39 	 363,17 	 2 142,00 	 2 707,60 	 28,67 	 18,02 	 1 927,65 	 7 407,41 	 53,16 	 3 890,65 	 784,34 	 160,03 	 340,83 	 662,87 	 79,41 	 3 161,74 	 1 348,61 	 428,25 	 3 942,89 	 95,40 	 293,84 	 1 732,45 	 173,09 	 186,07 	 15,88 
24.06.2006	 1 569,55 	 1 376,25 	 360,99 	 2 142,00 	 2 691,96 	 28,50 	 17,91 	 1 911,99 	 7 407,15 	 53,16 	 3 867,47 	 779,48 	 160,15 	 338,63 	 655,35 	 79,19 	 3 155,25 	 1 343,12 	 427,97 	 3 913,43 	 94,27 	 292,02 	 1 722,42 	 172,03 	 184,40 	 15,88 
25.06.2006	 1 569,55 	 1 376,25 	 360,99 	 2 142,00 	 2 691,96 	 28,50 	 17,91 	 1 911,99 	 7 407,15 	 53,16 	 3 867,47 	 779,48 	 160,15 	 338,63 	 655,35 	 79,19 	 3 155,25 	 1 343,12 	 427,97 	 3 913,43 	 94,27 	 292,02 	 1 722,42 	 172,03 	 184,40 	 15,88 
26.06.2006	 1 569,55 	 1 376,25 	 360,99 	 2 142,00 	 2 691,96 	 28,50 	 17,91 	 1 911,99 	 7 407,15 	 53,16 	 3 867,47 	 779,48 	 160,15 	 338,63 	 655,35 	 79,19 	 3 155,25 	 1 343,12 	 427,97 	 3 913,43 	 94,27 	 292,02 	 1 722,42 	 172,03 	 184,40 	 15,88 
27.06.2006	 1 566,77 	 1 375,55 	 360,84 	 2 142,00 	 2 690,14 	 28,15 	 17,89 	 1 911,90 	 7 407,15 	 53,28 	 3 865,38 	 779,28 	 160,15 	 339,22 	 654,41 	 79,03 	 3 146,81 	 1 338,16 	 426,84 	 3 900,37 	 94,52 	 291,98 	 1 720,97 	 171,95 	 183,98 	 15,88 
28.06.2006	 1 571,69 	 1 380,64 	 362,16 	 2 142,00 	 2 700,42 	 28,41 	 17,91 	 1 912,84 	 7 406,00 	 53,28 	 3 880,43 	 782,09 	 160,21 	 340,84 	 663,12 	 79,24 	 3 149,17 	 1 342,48 	 426,88 	 3 904,65 	 94,91 	 292,48 	 1 724,22 	 172,60 	 184,33 	 15,88 
29.06.2006	 1 563,55 	 1 376,34 	 360,90 	 2 142,00 	 2 691,96 	 28,10 	 18,04 	 1 905,19 	 7 406,64 	 53,28 	 3 867,47 	 779,56 	 160,33 	 339,97 	 659,34 	 79,15 	 3 148,29 	 1 340,64 	 426,74 	 3 895,98 	 94,62 	 291,39 	 1 721,10 	 172,03 	 184,07 	 15,88 
30.06.2006	 1 563,34 	 1 373,61 	 360,21 	 2 142,00 	 2 686,71 	 27,97 	 18,05 	 1 909,18 	 7 406,77 	 53,28 	 3 860,15 	 778,06 	 160,51 	 341,35 	 656,65 	 79,10 	 3 148,68 	 1 341,56 	 427,12 	 3 888,37 	 94,26 	 291,37 	 1 718,69 	 171,70 	 183,99 	 15,88 
01.07.2006	 1 591,18 	 1 392,36 	 365,08 	 2 142,00 	 2 723,02 	 28,05 	 18,10 	 1 928,69 	 7 407,66 	 53,28 	 3 913,04 	 788,66 	 160,63 	 343,74 	 672,99 	 79,50 	 3 142,85 	 1 348,70 	 428,18 	 3 927,04 	 95,57 	 295,17 	 1 737,86 	 174,05 	 186,73 	 15,88 
02.07.2006	 1 591,18 	 1 392,36 	 365,08 	 2 142,00 	 2 723,02 	 28,05 	 18,10 	 1 928,69 	 7 407,66 	 53,28 	 3 913,04 	 788,66 	 160,63 	 343,74 	 672,99 	 79,50 	 3 142,85 	 1 348,70 	 428,18 	 3 927,04 	 95,57 	 295,17 	 1 737,86 	 174,05 	 186,73 	 15,88 
03.07.2006	 1 591,18 	 1 392,36 	 365,08 	 2 142,00 	 2 723,02 	 28,05 	 18,10 	 1 928,69 	 7 407,66 	 53,28 	 3 913,04 	 788,66 	 160,63 	 343,74 	 672,99 	 79,50 	 3 142,85 	 1 348,70 	 428,18 	 3 927,04 	 95,57 	 295,17 	 1 737,86 	 174,05 	 186,73 	 15,88 
04.07.2006	 1 591,18 	 1 392,36 	 365,08 	 2 142,00 	 2 723,02 	 28,05 	 18,10 	 1 928,69 	 7 407,66 	 53,28 	 3 913,04 	 788,66 	 160,63 	 343,74 	 672,99 	 79,50 	 3 142,85 	 1 348,70 	 428,18 	 3 927,04 	 95,57 	 295,17 	 1 737,86 	 174,05 	 186,73 	 15,88 
05.07.2006	 1 596,11 	 1 402,80 	 367,75 	 2 142,00 	 2 743,79 	 28,50 	 18,13 	 1 928,69 	 7 407,28 	 53,35 	 3 942,94 	 794,58 	 160,99 	 343,89 	 684,54 	 79,81 	 3 168,81 	 1 355,14 	 427,12 	 3 954,88 	 96,53 	 298,35 	 1 749,29 	 175,36 	 187,03 	 15,88 
06.07.2006	 1 595,25 	 1 397,76 	 366,41 	 2 142,00 	 2 734,26 	 28,54 	 18,12 	 1 932,43 	 7 407,28 	 53,35 	 3 928,83 	 792,03 	 161,11 	 343,54 	 680,80 	 79,76 	 3 168,81 	 1 353,21 	 425,44 	 3 946,21 	 96,09 	 297,73 	 1 744,30 	 174,73 	 186,20 	 15,88 
07.07.2006	 1 588,61 	 1 393,85 	 365,44 	 2 142,00 	 2 726,44 	 28,46 	 18,09 	 1 923,49 	 7 406,51 	 53,35 	 3 916,98 	 789,63 	 161,11 	 343,74 	 672,40 	 79,60 	 3 175,66 	 1 350,82 	 425,70 	 3 929,61 	 95,44 	 297,07 	 1 738,35 	 174,24 	 185,26 	 15,88 
08.07.2006	 1 602,75 	 1 400,41 	 367,16 	 2 142,00 	 2 738,87 	 28,33 	 18,12 	 1 927,47 	 7 406,25 	 53,35 	 3 935,33 	 793,23 	 161,05 	 344,12 	 679,96 	 79,69 	 3 168,96 	 1 356,38 	 427,01 	 3 944,17 	 96,00 	 299,20 	 1 745,29 	 175,05 	 186,58 	 15,88 
09.07.2006	 1 602,75 	 1 400,41 	 367,16 	 2 142,00 	 2 738,87 	 28,33 	 18,12 	 1 927,47 	 7 406,25 	 53,35 	 3 935,33 	 793,23 	 161,05 	 344,12 	 679,96 	 79,69 	 3 168,96 	 1 356,38 	 427,01 	 3 944,17 	 96,00 	 299,20 	 1 745,29 	 175,05 	 186,58 	 15,88 
10.07.2006	 1 602,75 	 1 400,41 	 367,16 	 2 142,00 	 2 738,87 	 28,33 	 18,12 	 1 927,47 	 7 406,25 	 53,35 	 3 935,33 	 793,23 	 161,05 	 344,12 	 679,96 	 79,69 	 3 168,96 	 1 356,38 	 427,01 	 3 944,17 	 96,00 	 299,20 	 1 745,29 	 175,05 	 186,58 	 15,88 
11.07.2006	 1 609,39 	 1 402,43 	 367,72 	 2 142,00 	 2 742,94 	 28,40 	 18,11 	 1 912,16 	 7 408,43 	 53,51 	 3 941,12 	 794,39 	 161,23 	 344,74 	 677,36 	 79,76 	 3 175,24 	 1 362,29 	 427,12 	 3 961,31 	 96,44 	 299,77 	 1 750,79 	 175,29 	 188,61 	 15,88 
12.07.2006	 1 606,61 	 1 395,08 	 365,80 	 2 142,00 	 2 728,59 	 28,43 	 18,12 	 1 904,08 	 7 407,54 	 53,51 	 3 919,85 	 790,26 	 161,23 	 341,22 	 677,54 	 79,59 	 3 178,32 	 1 358,19 	 426,14 	 3 941,28 	 95,98 	 296,45 	 1 742,60 	 174,39 	 187,46 	 15,88 
13.07.2006	 1 616,67 	 1 395,76 	 365,90 	 2 142,00 	 2 729,76 	 28,87 	 18,10 	 1 886,06 	 7 406,25 	 53,51 	 3 922,36 	 790,55 	 161,23 	 343,02 	 677,46 	 79,73 	 3 172,62 	 1 356,17 	 425,74 	 3 950,28 	 95,95 	 297,79 	 1 742,31 	 174,46 	 186,76 	 15,88 
14.07.2006	 1 618,60 	 1 393,13 	 365,26 	 2 142,00 	 2 724,73 	 28,92 	 18,08 	 1 895,58 	 7 406,25 	 53,51 	 3 915,19 	 788,72 	 161,23 	 343,52 	 671,85 	 79,57 	 3 171,32 	 1 355,18 	 425,89 	 3 942,14 	 95,49 	 296,98 	 1 742,17 	 174,11 	 186,07 	 15,88 
15.07.2006	 1 610,25 	 1 387,13 	 363,69 	 2 142,00 	 2 712,95 	 28,64 	 18,10 	 1 893,65 	 7 406,51 	 53,51 	 3 898,44 	 785,71 	 161,54 	 343,13 	 671,13 	 79,44 	 3 165,15 	 1 350,74 	 426,52 	 3 939,03 	 95,16 	 294,86 	 1 737,16 	 173,39 	 185,07 	 15,88 
16.07.2006	 1 610,25 	 1 387,13 	 363,69 	 2 142,00 	 2 712,95 	 28,64 	 18,10 	 1 893,65 	 7 406,51 	 53,51 	 3 898,44 	 785,71 	 161,54 	 343,13 	 671,13 	 79,44 	 3 165,15 	 1 350,74 	 426,52 	 3 939,03 	 95,16 	 294,86 	 1 737,16 	 173,39 	 185,07 	 15,88 
17.07.2006	 1 610,25 	 1 387,13 	 363,69 	 2 142,00 	 2 712,95 	 28,64 	 18,10 	 1 893,65 	 7 406,51 	 53,51 	 3 898,44 	 785,71 	 161,54 	 343,13 	 671,13 	 79,44 	 3 165,15 	 1 350,74 	 426,52 	 3 939,03 	 95,16 	 294,86 	 1 737,16 	 173,39 	 185,07 	 15,88 
18.07.2006	 1 610,25 	 1 383,68 	 361,39 	 2 142,00 	 2 695,92 	 28,44 	 18,16 	 1 893,48 	 7 406,51 	 53,69 	 3 872,72 	 780,70 	 161,54 	 341,43 	 668,39 	 79,55 	 3 162,56 	 1 344,63 	 426,18 	 3 913,97 	 94,97 	 292,20 	 1 725,68 	 172,28 	 183,67 	 15,88 
19.07.2006	 1 607,68 	 1 372,77 	 359,92 	 2 142,00 	 2 684,89 	 28,19 	 18,17 	 1 886,06 	 7 406,25 	 53,69 	 3 857,72 	 777,35 	 161,36 	 338,28 	 665,92 	 79,28 	 3 142,98 	 1 346,62 	 426,25 	 3 910,44 	 94,30 	 290,22 	 1 717,10 	 171,60 	 183,16 	 15,88 
20.07.2006	 1 597,61 	 1 368,60 	 358,82 	 2 142,00 	 2 677,07 	 28,40 	 18,23 	 1 884,24 	 7 406,51 	 53,69 	 3 845,95 	 775,24 	 161,36 	 335,66 	 666,09 	 79,17 	 3 145,38 	 1 343,49 	 424,37 	 3 915,58 	 94,12 	 289,17 	 1 706,23 	 171,08 	 182,29 	 15,88 
21.07.2006	 1 607,36 	 1 380,87 	 362,01 	 2 142,00 	 2 700,63 	 28,94 	 18,33 	 1 889,47 	 7 406,51 	 53,69 	 3 880,43 	 782,15 	 160,81 	 339,76 	 682,45 	 79,43 	 3 139,96 	 1 350,35 	 426,06 	 3 955,63 	 95,26 	 292,25 	 1 718,62 	 172,60 	 183,48 	 15,88 
22.07.2006	 1 610,89 	 1 386,99 	 363,68 	 2 142,00 	 2 713,38 	 29,37 	 18,23 	 1 900,28 	 7 406,90 	 53,69 	 3 898,09 	 785,72 	 160,15 	 342,02 	 686,40 	 79,59 	 3 157,84 	 1 354,88 	 426,69 	 3 971,05 	 95,49 	 293,87 	 1 727,77 	 173,34 	 184,60 	 15,88 
23.07.2006	 1 610,89 	 1 386,99 	 363,68 	 2 142,00 	 2 713,38 	 29,37 	 18,23 	 1 900,28 	 7 406,90 	 53,69 	 3 898,09 	 785,72 	 160,15 	 342,02 	 686,40 	 79,59 	 3 157,84 	 1 354,88 	 426,69 	 3 971,05 	 95,49 	 293,87 	 1 727,77 	 173,34 	 184,60 	 15,88 
24.07.2006	 1 610,89 	 1 386,99 	 363,68 	 2 142,00 	 2 713,38 	 29,37 	 18,23 	 1 900,28 	 7 406,90 	 53,69 	 3 898,09 	 785,72 	 160,15 	 342,02 	 686,40 	 79,59 	 3 157,84 	 1 354,88 	 426,69 	 3 971,05 	 95,49 	 293,87 	 1 727,77 	 173,34 	 184,60 	 15,88 
25.07.2006	 1 609,39 	 1 382,60 	 362,55 	 2 142,00 	 2 704,27 	 29,05 	 18,22 	 1 876,23 	 7 406,51 	 53,72 	 3 885,36 	 783,01 	 159,61 	 340,06 	 682,64 	 79,56 	 3 166,22 	 1 349,38 	 426,29 	 3 963,13 	 95,09 	 291,97 	 1 718,83 	 172,83 	 183,50 	 15,88 
26.07.2006	 1 618,82 	 1 383,81 	 362,81 	 2 142,00 	 2 706,95 	 29,11 	 18,14 	 1 877,63 	 7 405,87 	 53,72 	 3 890,30 	 783,73 	 159,85 	 340,70 	 690,19 	 79,61 	 3 158,29 	 1 350,52 	 424,83 	 3 961,95 	 95,43 	 292,20 	 1 719,38 	 173,00 	 183,46 	 15,88 
27.07.2006	 1 624,60 	 1 379,04 	 361,49 	 2 142,00 	 2 697,74 	 29,42 	 18,13 	 1 881,59 	 7 406,51 	 53,72 	 3 875,17 	 780,81 	 158,90 	 339,79 	 687,51 	 79,37 	 3 160,20 	 1 353,13 	 424,58 	 3 942,14 	 95,14 	 291,89 	 1 712,23 	 172,38 	 183,34 	 15,88 
28.07.2006	 1 635,95 	 1 394,03 	 365,39 	 2 142,00 	 2 726,44 	 29,73 	 18,09 	 1 888,72 	 7 406,25 	 53,72 	 3 917,34 	 789,62 	 158,90 	 343,82 	 696,93 	 79,80 	 3 153,11 	 1 357,80 	 424,35 	 3 983,80 	 96,37 	 294,60 	 1 730,56 	 174,26 	 185,09 	 15,88 
29.07.2006	 1 629,31 	 1 389,15 	 364,12 	 2 142,00 	 2 716,81 	 29,51 	 18,10 	 1 886,64 	 7 407,15 	 53,72 	 3 903,42 	 786,83 	 159,26 	 344,64 	 691,50 	 79,71 	 3 174,81 	 1 354,11 	 423,40 	 3 980,05 	 95,63 	 294,26 	 1 727,21 	 173,65 	 185,45 	 15,88 
30.07.2006	 1 629,31 	 1 389,15 	 364,12 	 2 142,00 	 2 716,81 	 29,51 	 18,10 	 1 886,64 	 7 407,15 	 53,72 	 3 903,42 	 786,83 	 159,26 	 344,64 	 691,50 	 79,71 	 3 174,81 	 1 354,11 	 423,40 	 3 980,05 	 95,63 	 294,26 	 1 727,21 	 173,65 	 185,45 	 15,88 
31.07.2006	 1 629,31 	 1 389,15 	 364,12 	 2 142,00 	 2 716,81 	 29,51 	 18,10 	 1 886,64 	 7 407,15 	 53,72 	 3 903,42 	 786,83 	 159,26 	 344,64 	 691,50 	 79,71 	 3 174,81 	 1 354,11 	 423,40 	 3 980,05 	 95,63 	 294,26 	 1 727,21 	 173,65 	 185,45 	 15,88 
01.08.2006	 1 641,41 	 1 396,49 	 366,06 	 2 142,00 	 2 731,59 	 29,54 	 18,11 	 1 901,89 	 7 406,51 	 53,72 	 3 924,15 	 791,30 	 159,61 	 347,16 	 693,88 	 79,87 	 3 166,52 	 1 358,36 	 424,85 	 3 994,62 	 95,62 	 295,84 	 1 737,09 	 174,57 	 187,09 	 15,88 
02.08.2006	 1 632,53 	 1 395,53 	 365,76 	 2 142,00 	 2 729,66 	 29,43 	 18,01 	 1 892,81 	 7 406,25 	 53,72 	 3 921,28 	 790,48 	 159,61 	 346,66 	 694,43 	 79,80 	 3 178,43 	 1 355,27 	 423,89 	 3 997,72 	 95,83 	 296,10 	 1 735,68 	 174,43 	 186,75 	 15,88 
03.08.2006	 1 638,31 	 1 402,02 	 367,47 	 2 142,00 	 2 742,08 	 29,83 	 18,01 	 1 897,25 	 7 406,90 	 53,72 	 3 940,03 	 794,16 	 159,32 	 348,15 	 696,76 	 80,04 	 3 179,52 	 1 354,20 	 424,60 	 4 017,32 	 96,21 	 298,17 	 1 743,38 	 175,26 	 186,94 	 15,88 
04.08.2006	 1 629,10 	 1 397,99 	 366,44 	 2 142,00 	 2 734,16 	 29,97 	 17,89 	 1 904,93 	 7 405,36 	 53,72 	 3 928,47 	 791,66 	 159,58 	 347,38 	 697,66 	 79,91 	 3 184,34 	 1 355,14 	 425,97 	 4 010,47 	 96,06 	 297,38 	 1 736,31 	 174,74 	 186,33 	 15,88 
05.08.2006	 1 628,88 	 1 400,18 	 367,02 	 2 142,00 	 2 738,76 	 30,30 	 17,72 	 1 900,79 	 7 407,54 	 53,72 	 3 935,33 	 792,54 	 159,76 	 347,70 	 700,62 	 80,01 	 3 178,94 	 1 358,49 	 426,82 	 4 052,77 	 96,54 	 296,79 	 1 735,47 	 175,03 	 185,85 	 15,88 
06.08.2006	 1 628,88 	 1 400,18 	 367,02 	 2 142,00 	 2 738,76 	 30,30 	 17,72 	 1 900,79 	 7 407,54 	 53,72 	 3 935,33 	 792,54 	 159,76 	 347,70 	 700,62 	 80,01 	 3 178,94 	 1 358,49 	 426,82 	 4 052,77 	 96,54 	 296,79 	 1 735,47 	 175,03 	 185,85 	 15,88 
07.08.2006	 1 628,88 	 1 400,18 	 367,02 	 2 142,00 	 2 738,76 	 30,30 	 17,72 	 1 900,79 	 7 407,54 	 53,72 	 3 935,33 	 792,54 	 159,76 	 347,70 	 700,62 	 80,01 	 3 178,94 	 1 358,49 	 426,82 	 4 052,77 	 96,54 	 296,79 	 1 735,47 	 175,03 	 185,85 	 15,88 
08.08.2006	 1 635,74 	 1 409,86 	 369,53 	 2 142,00 	 2 757,82 	 30,49 	 17,64 	 1 904,08 	 7 406,51 	 53,75 	 3 962,63 	 798,67 	 160,00 	 349,71 	 712,01 	 80,24 	 3 183,72 	 1 360,73 	 428,24 	 4 086,72 	 97,46 	 300,24 	 1 753,58 	 176,24 	 186,71 	 15,88 
09.08.2006	 1 627,38 	 1 406,34 	 368,73 	 2 142,00 	 2 750,54 	 30,43 	 17,49 	 1 909,35 	 7 406,25 	 53,75 	 3 952,03 	 796,22 	 160,06 	 347,48 	 710,78 	 80,12 	 3 196,49 	 1 360,00 	 428,19 	 4 082,97 	 97,39 	 299,66 	 1 748,57 	 175,79 	 186,16 	 15,88 
10.08.2006	 1 634,99 	 1 409,03 	 369,40 	 2 142,00 	 2 756,00 	 30,16 	 17,49 	 1 913,18 	 7 406,51 	 53,75 	 3 959,33 	 797,77 	 160,81 	 347,57 	 712,29 	 80,11 	 3 193,46 	 1 362,47 	 427,50 	 4 087,69 	 98,01 	 300,48 	 1 749,50 	 176,11 	 186,16 	 15,88 
11.08.2006	 1 649,23 	 1 409,26 	 369,44 	 2 142,00 	 2 756,22 	 30,35 	 17,47 	 1 913,01 	 7 406,51 	 53,75 	 3 961,17 	 798,32 	 161,23 	 346,97 	 713,29 	 80,30 	 3 198,97 	 1 365,55 	 424,87 	 4 073,98 	 98,41 	 299,82 	 1 750,29 	 176,18 	 186,57 	 15,88 
12.08.2006	 1 644,31 	 1 400,41 	 367,13 	 2 142,00 	 2 738,98 	 30,19 	 17,49 	 1 901,63 	 7 406,51 	 53,75 	 3 936,05 	 793,32 	 161,23 	 344,43 	 708,12 	 79,95 	 3 193,61 	 1 359,87 	 426,95 	 4 064,12 	 97,83 	 297,44 	 1 734,41 	 175,08 	 184,87 	 15,88 
13.08.2006	 1 644,31 	 1 400,41 	 367,13 	 2 142,00 	 2 738,98 	 30,19 	 17,49 	 1 901,63 	 7 406,51 	 53,75 	 3 936,05 	 793,32 	 161,23 	 344,43 	 708,12 	 79,95 	 3 193,61 	 1 359,87 	 426,95 	 4 064,12 	 97,83 	 297,44 	 1 734,41 	 175,08 	 184,87 	 15,88 
14.08.2006	 1 644,31 	 1 400,41 	 367,13 	 2 142,00 	 2 738,98 	 30,19 	 17,49 	 1 901,63 	 7 406,51 	 53,75 	 3 936,05 	 793,32 	 161,23 	 344,43 	 708,12 	 79,95 	 3 193,61 	 1 359,87 	 426,95 	 4 064,12 	 97,83 	 297,44 	 1 734,41 	 175,08 	 184,87 	 15,88 
15.08.2006	 1 640,88 	 1 395,12 	 365,72 	 2 142,00 	 2 728,59 	 30,20 	 17,48 	 1 901,30 	 7 407,92 	 53,75 	 3 920,56 	 790,30 	 161,23 	 341,46 	 705,37 	 79,87 	 3 181,60 	 1 356,25 	 427,03 	 4 043,88 	 97,36 	 296,69 	 1 726,10 	 174,39 	 183,85 	 15,88 
16.08.2006	 1 630,60 	 1 393,81 	 365,39 	 2 142,00 	 2 726,02 	 30,13 	 17,45 	 1 897,76 	 7 406,25 	 54,17 	 3 916,62 	 789,58 	 161,23 	 339,34 	 701,51 	 79,82 	 3 174,87 	 1 355,48 	 427,10 	 4 043,03 	 96,98 	 295,80 	 1 723,87 	 174,23 	 183,91 	 15,88 
17.08.2006	 1 637,45 	 1 401,01 	 367,23 	 2 142,00 	 2 740,05 	 30,39 	 17,27 	 1 907,22 	 7 406,51 	 54,17 	 3 936,78 	 793,57 	 161,23 	 342,51 	 705,94 	 79,98 	 3 174,19 	 1 357,89 	 426,52 	 4 049,34 	 97,55 	 297,65 	 1 734,69 	 175,12 	 184,55 	 15,88 
18.08.2006	 1 643,24 	 1 409,58 	 369,48 	 2 142,00 	 2 756,86 	 30,86 	 17,31 	 1 916,01 	 7 406,25 	 54,17 	 3 961,90 	 798,46 	 161,23 	 340,73 	 713,22 	 80,16 	 3 180,63 	 1 362,03 	 427,44 	 4 063,05 	 98,17 	 299,91 	 1 747,57 	 176,20 	 185,72 	 15,88 
19.08.2006	 1 628,78 	 1 405,74 	 368,51 	 2 142,00 	 2 749,69 	 30,94 	 17,27 	 1 909,52 	 7 407,66 	 54,17 	 3 950,94 	 796,00 	 161,08 	 339,54 	 707,33 	 80,12 	 3 192,61 	 1 361,25 	 427,76 	 4 036,28 	 97,91 	 298,88 	 1 739,48 	 175,72 	 184,81 	 15,88 
20.08.2006	 1 628,78 	 1 405,74 	 368,51 	 2 142,00 	 2 749,69 	 30,94 	 17,27 	 1 909,52 	 7 407,66 	 54,17 	 3 950,94 	 796,00 	 161,08 	 339,54 	 707,33 	 80,12 	 3 192,61 	 1 361,25 	 427,76 	 4 036,28 	 97,91 	 298,88 	 1 739,48 	 175,72 	 184,81 	 15,88 
21.08.2006	 1 628,78 	 1 405,74 	 368,51 	 2 142,00 	 2 749,69 	 30,94 	 17,27 	 1 909,52 	 7 407,66 	 54,17 	 3 950,94 	 796,00 	 161,08 	 339,54 	 707,33 	 80,12 	 3 192,61 	 1 361,25 	 427,76 	 4 036,28 	 97,91 	 298,88 	 1 739,48 	 175,72 	 184,81 	 15,88 
22.08.2006	 1 632,20 	 1 412,84 	 370,32 	 2 142,00 	 2 762,97 	 30,87 	 17,24 	 1 915,06 	 7 406,51 	 54,21 	 3 970,34 	 800,30 	 161,05 	 343,45 	 705,35 	 80,21 	 3 184,55 	 1 364,03 	 427,33 	 4 060,48 	 98,17 	 300,28 	 1 751,29 	 176,61 	 185,30 	 15,88 
23.08.2006	 1 632,41 	 1 407,81 	 368,75 	 2 141,00 	 2 753,11 	 30,57 	 17,16 	 1 912,80 	 7 402,80 	 54,19 	 3 956,02 	 797,27 	 160,92 	 342,58 	 704,51 	 80,20 	 3 191,74 	 1 360,88 	 426,92 	 4 048,42 	 97,62 	 299,17 	 1 745,12 	 176,00 	 184,15 	 15,88 
24.08.2006	 1 639,15 	 1 403,20 	 367,83 	 2 141,00 	 2 744,44 	 30,51 	 17,17 	 1 924,75 	 7 403,57 	 54,19 	 3 942,91 	 794,49 	 160,92 	 341,75 	 703,91 	 80,00 	 3 184,99 	 1 360,44 	 426,28 	 4 049,27 	 97,52 	 298,17 	 1 737,19 	 175,40 	 184,13 	 15,88 
25.08.2006	 1 634,12 	 1 404,44 	 368,18 	 2 141,00 	 2 747,33 	 30,51 	 17,13 	 1 928,83 	 7 403,05 	 54,19 	 3 947,27 	 795,56 	 160,83 	 340,18 	 700,57 	 79,93 	 3 182,58 	 1 357,99 	 426,28 	 4 052,38 	 97,65 	 298,90 	 1 737,33 	 175,57 	 183,82 	 15,88 
26.08.2006	 1 627,37 	 1 398,16 	 366,52 	 2 141,00 	 2 734,49 	 30,46 	 17,12 	 1 933,71 	 7 403,05 	 54,19 	 3 928,44 	 791,51 	 160,83 	 338,69 	 695,45 	 79,89 	 3 184,25 	 1 356,74 	 426,28 	 4 040,50 	 96,90 	 296,41 	 1 730,31 	 174,77 	 182,67 	 15,88 
27.08.2006	 1 627,37 	 1 398,16 	 366,52 	 2 141,00 	 2 734,49 	 30,46 	 17,12 	 1 933,71 	 7 403,05 	 54,19 	 3 928,44 	 791,51 	 160,83 	 338,69 	 695,45 	 79,89 	 3 184,25 	 1 356,74 	 426,28 	 4 040,50 	 96,90 	 296,41 	 1 730,31 	 174,77 	 182,67 	 15,88 
28.08.2006	 1 627,37 	 1 398,16 	 366,52 	 2 141,00 	 2 734,49 	 30,46 	 17,12 	 1 933,71 	 7 403,05 	 54,19 	 3 928,44 	 791,51 	 160,83 	 338,69 	 695,45 	 79,89 	 3 184,25 	 1 356,74 	 426,28 	 4 040,50 	 96,90 	 296,41 	 1 730,31 	 174,77 	 182,67 	 15,88 
29.08.2006	 1 624,91 	 1 402,42 	 367,68 	 2 141,00 	 2 743,26 	 30,66 	 17,10 	 1 932,92 	 7 402,80 	 54,24 	 3 941,46 	 794,48 	 160,78 	 341,05 	 697,55 	 79,99 	 3 175,40 	 1 357,86 	 426,79 	 4 056,34 	 97,35 	 296,29 	 1 735,08 	 175,32 	 183,05 	 15,88 
30.08.2006	 1 630,37 	 1 403,15 	 367,84 	 2 141,00 	 2 744,23 	 30,70 	 17,10 	 1 933,71 	 7 403,95 	 54,24 	 3 942,18 	 794,40 	 160,78 	 340,95 	 694,66 	 80,05 	 3 178,25 	 1 360,83 	 426,49 	 4 069,93 	 97,34 	 296,25 	 1 738,74 	 175,39 	 183,30 	 15,88 
31.08.2006	 1 634,33 	 1 405,04 	 368,37 	 2 141,00 	 2 747,97 	 30,66 	 17,10 	 1 935,19 	 7 403,05 	 54,24 	 3 948,36 	 795,85 	 160,92 	 340,38 	 695,47 	 80,07 	 3 181,95 	 1 360,70 	 426,58 	 4 069,83 	 97,32 	 296,92 	 1 743,84 	 175,62 	 183,07 	 15,88 
01.09.2006	 1 634,97 	 1 406,24 	 368,72 	 2 141,00 	 2 750,33 	 30,89 	 17,08 	 1 933,01 	 7 402,80 	 54,24 	 3 951,64 	 796,61 	 160,92 	 340,06 	 698,28 	 80,10 	 3 182,40 	 1 362,26 	 426,92 	 4 083,32 	 97,42 	 296,83 	 1 745,19 	 175,79 	 182,59 	 15,88 
02.09.2006	 1 636,26 	 1 402,23 	 367,62 	 2 141,00 	 2 742,73 	 30,96 	 17,07 	 1 933,27 	 7 402,80 	 54,24 	 3 940,73 	 794,32 	 160,98 	 338,69 	 693,14 	 80,02 	 3 186,92 	 1 362,09 	 425,90 	 4 075,71 	 97,07 	 294,37 	 1 739,10 	 175,29 	 182,48 	 15,88 
03.09.2006	 1 636,26 	 1 402,23 	 367,62 	 2 141,00 	 2 742,73 	 30,96 	 17,07 	 1 933,27 	 7 402,80 	 54,24 	 3 940,73 	 794,32 	 160,98 	 338,69 	 693,14 	 80,02 	 3 186,92 	 1 362,09 	 425,90 	 4 075,71 	 97,07 	 294,37 	 1 739,10 	 175,29 	 182,48 	 15,88 
04.09.2006	 1 636,26 	 1 402,23 	 367,62 	 2 141,00 	 2 742,73 	 30,96 	 17,07 	 1 933,27 	 7 402,80 	 54,24 	 3 940,73 	 794,32 	 160,98 	 338,69 	 693,14 	 80,02 	 3 186,92 	 1 362,09 	 425,90 	 4 075,71 	 97,07 	 294,37 	 1 739,10 	 175,29 	 182,48 	 15,88 
05.09.2006	 1 648,89 	 1 407,16 	 368,86 	 2 141,00 	 2 751,51 	 31,06 	 17,03 	 1 935,19 	 7 402,80 	 54,24 	 3 953,10 	 796,87 	 160,95 	 338,91 	 692,52 	 80,12 	 3 181,80 	 1 364,56 	 426,55 	 4 080,00 	 97,50 	 295,30 	 1 741,57 	 175,87 	 184,26 	 15,88 
06.09.2006	 1 646,32 	 1 405,18 	 368,29 	 2 141,00 	 2 747,65 	 30,95 	 17,04 	 1 925,62 	 7 402,80 	 54,39 	 3 948,00 	 795,73 	 160,95 	 338,20 	 692,43 	 80,37 	 3 181,80 	 1 366,65 	 424,91 	 4 062,98 	 97,43 	 294,75 	 1 737,12 	 175,61 	 185,06 	 15,88 
07.09.2006	 1 645,68 	 1 403,20 	 367,84 	 2 141,00 	 2 744,33 	 30,98 	 17,01 	 1 927,53 	 7 403,05 	 54,39 	 3 942,55 	 794,73 	 160,86 	 337,25 	 692,36 	 80,27 	 3 187,09 	 1 366,00 	 425,86 	 4 047,45 	 97,43 	 294,88 	 1 734,80 	 175,39 	 183,86 	 15,88 
08.09.2006	 1 635,19 	 1 399,12 	 366,70 	 2 141,00 	 2 735,88 	 30,70 	 17,02 	 1 937,47 	 7 403,44 	 54,39 	 3 930,24 	 792,36 	 160,55 	 333,02 	 686,05 	 80,28 	 3 181,14 	 1 366,70 	 426,66 	 4 030,54 	 96,73 	 292,97 	 1 729,82 	 174,86 	 183,97 	 15,88 
09.09.2006	 1 623,84 	 1 392,57 	 364,95 	 2 141,00 	 2 723,03 	 30,04 	 17,02 	 1 927,18 	 7 403,05 	 54,39 	 3 911,57 	 788,67 	 160,49 	 330,41 	 683,65 	 80,00 	 3 176,52 	 1 362,09 	 426,49 	 4 007,63 	 96,18 	 292,20 	 1 721,61 	 174,04 	 184,00 	 15,88 
10.09.2006	 1 623,84 	 1 392,57 	 364,95 	 2 141,00 	 2 723,03 	 30,04 	 17,02 	 1 927,18 	 7 403,05 	 54,39 	 3 911,57 	 788,67 	 160,49 	 330,41 	 683,65 	 80,00 	 3 176,52 	 1 362,09 	 426,49 	 4 007,63 	 96,18 	 292,20 	 1 721,61 	 174,04 	 184,00 	 15,88 
11.09.2006	 1 623,84 	 1 392,57 	 364,95 	 2 141,00 	 2 723,03 	 30,04 	 17,02 	 1 927,18 	 7 403,05 	 54,39 	 3 911,57 	 788,67 	 160,49 	 330,41 	 683,65 	 80,00 	 3 176,52 	 1 362,09 	 426,49 	 4 007,63 	 96,18 	 292,20 	 1 721,61 	 174,04 	 184,00 	 15,88 
12.09.2006	 1 611,85 	 1 391,62 	 364,80 	 2 141,00 	 2 721,53 	 29,99 	 17,00 	 1 912,72 	 7 403,95 	 54,39 	 3 909,43 	 788,20 	 160,62 	 328,49 	 683,35 	 79,90 	 3 168,47 	 1 359,97 	 427,69 	 3 996,93 	 96,03 	 293,32 	 1 722,10 	 173,95 	 182,59 	 15,88 
13.09.2006	 1 613,56 	 1 391,39 	 364,77 	 2 141,00 	 2 720,68 	 29,83 	 16,99 	 1 912,63 	 7 403,31 	 54,41 	 3 909,07 	 787,74 	 160,49 	 328,65 	 683,28 	 79,96 	 3 165,90 	 1 356,01 	 427,73 	 4 007,31 	 95,72 	 294,15 	 1 722,79 	 173,93 	 182,17 	 15,88 
14.09.2006	 1 609,28 	 1 389,09 	 364,15 	 2 141,00 	 2 716,61 	 30,04 	 16,98 	 1 913,06 	 7 402,80 	 54,41 	 3 902,31 	 786,86 	 160,49 	 324,32 	 684,73 	 79,89 	 3 166,54 	 1 358,63 	 426,79 	 4 010,41 	 95,25 	 293,94 	 1 711,70 	 173,63 	 181,93 	 15,88 
15.09.2006	 1 613,78 	 1 388,37 	 364,03 	 2 141,00 	 2 715,64 	 30,44 	 16,98 	 1 916,23 	 7 402,80 	 54,41 	 3 901,59 	 786,47 	 160,49 	 325,52 	 685,43 	 79,88 	 3 163,91 	 1 355,11 	 426,83 	 4 024,65 	 95,38 	 293,59 	 1 713,42 	 173,57 	 181,88 	 15,88 
16.09.2006	 1 610,35 	 1 391,12 	 364,67 	 2 141,00 	 2 721,10 	 30,64 	 16,97 	 1 913,66 	 7 402,80 	 54,41 	 3 908,36 	 787,99 	 160,49 	 328,70 	 687,25 	 79,99 	 3 168,57 	 1 355,28 	 426,49 	 4 034,82 	 95,42 	 294,53 	 1 705,09 	 173,88 	 182,24 	 15,88 
17.09.2006	 1 610,35 	 1 391,12 	 364,67 	 2 141,00 	 2 721,10 	 30,64 	 16,97 	 1 913,66 	 7 402,80 	 54,41 	 3 908,36 	 787,99 	 160,49 	 328,70 	 687,25 	 79,99 	 3 168,57 	 1 355,28 	 426,49 	 4 034,82 	 95,42 	 294,53 	 1 705,09 	 173,88 	 182,24 	 15,88 
18.09.2006	 1 610,35 	 1 391,12 	 364,67 	 2 141,00 	 2 721,10 	 30,64 	 16,97 	 1 913,66 	 7 402,80 	 54,41 	 3 908,36 	 787,99 	 160,49 	 328,70 	 687,25 	 79,99 	 3 168,57 	 1 355,28 	 426,49 	 4 034,82 	 95,42 	 294,53 	 1 705,09 	 173,88 	 182,24 	 15,88 
19.09.2006	 1 611,00 	 1 386,57 	 363,47 	 2 141,00 	 2 711,90 	 30,36 	 16,95 	 1 914,00 	 7 402,80 	 54,41 	 3 895,21 	 785,44 	 160,55 	 327,65 	 687,93 	 79,87 	 3 165,36 	 1 348,19 	 426,61 	 4 025,62 	 95,25 	 295,44 	 1 708,29 	 173,31 	 181,28 	 15,88 
20.09.2006	 1 613,99 	 1 387,24 	 363,66 	 2 141,00 	 2 713,29 	 30,52 	 16,94 	 1 913,91 	 7 402,80 	 54,41 	 3 898,75 	 785,66 	 160,59 	 327,38 	 685,58 	 79,97 	 3 160,14 	 1 349,72 	 426,66 	 4 022,40 	 95,29 	 295,71 	 1 705,64 	 173,43 	 181,86 	 15,88 
21.09.2006	 1 610,25 	 1 387,11 	 363,64 	 2 141,00 	 2 713,29 	 30,58 	 16,93 	 1 899,48 	 7 403,31 	 54,41 	 3 898,40 	 785,57 	 160,68 	 327,89 	 685,68 	 79,90 	 3 162,98 	 1 349,64 	 426,45 	 4 029,36 	 95,21 	 294,58 	 1 708,56 	 173,39 	 182,76 	 15,88 
22.09.2006	 1 617,53 	 1 393,06 	 365,26 	 2 141,00 	 2 724,64 	 30,48 	 16,92 	 1 905,06 	 7 403,31 	 54,41 	 3 914,43 	 789,05 	 160,84 	 328,99 	 689,09 	 79,99 	 3 165,23 	 1 353,91 	 426,45 	 4 055,05 	 95,90 	 295,72 	 1 716,99 	 174,13 	 182,80 	 15,88 
23.09.2006	 1 619,77 	 1 403,29 	 367,84 	 2 141,00 	 2 744,65 	 30,47 	 16,89 	 1 916,91 	 7 403,31 	 54,41 	 3 943,64 	 794,83 	 160,84 	 329,16 	 688,27 	 80,27 	 3 175,81 	 1 351,73 	 427,47 	 4 079,14 	 96,32 	 296,52 	 1 727,10 	 175,40 	 183,91 	 15,88 
24.09.2006	 1 619,77 	 1 403,29 	 367,84 	 2 141,00 	 2 744,65 	 30,47 	 16,89 	 1 916,91 	 7 403,31 	 54,41 	 3 943,64 	 794,83 	 160,84 	 329,16 	 688,27 	 80,27 	 3 175,81 	 1 351,73 	 427,47 	 4 079,14 	 96,32 	 296,52 	 1 727,10 	 175,40 	 183,91 	 15,88 
25.09.2006	 1 619,77 	 1 403,29 	 367,84 	 2 141,00 	 2 744,65 	 30,47 	 16,89 	 1 916,91 	 7 403,31 	 54,41 	 3 943,64 	 794,83 	 160,84 	 329,16 	 688,27 	 80,27 	 3 175,81 	 1 351,73 	 427,47 	 4 079,14 	 96,32 	 296,52 	 1 727,10 	 175,40 	 183,91 	 15,88 
26.09.2006	 1 612,49 	 1 400,22 	 367,12 	 2 141,00 	 2 738,45 	 30,31 	 16,88 	 1 917,86 	 7 403,31 	 54,41 	 3 934,58 	 792,76 	 161,16 	 326,26 	 691,24 	 80,29 	 3 185,38 	 1 351,68 	 427,39 	 4 076,68 	 96,28 	 295,66 	 1 734,45 	 175,03 	 184,06 	 15,88 
27.09.2006	 1 611,64 	 1 393,83 	 365,51 	 2 141,00 	 2 726,56 	 30,44 	 16,87 	 1 921,04 	 7 403,31 	 54,41 	 3 916,94 	 789,57 	 161,55 	 327,90 	 687,81 	 80,11 	 3 179,13 	 1 350,66 	 427,43 	 4 061,58 	 95,96 	 293,57 	 1 726,68 	 174,21 	 183,82 	 15,88 
28.09.2006	 1 607,36 	 1 388,91 	 364,10 	 2 141,00 	 2 715,86 	 30,57 	 16,85 	 1 920,87 	 7 403,31 	 54,41 	 3 902,66 	 786,76 	 161,65 	 327,82 	 684,81 	 79,90 	 3 172,21 	 1 347,39 	 426,18 	 4 046,17 	 95,52 	 292,00 	 1 720,65 	 173,64 	 182,65 	 15,88 
29.09.2006	 1 602,86 	 1 392,25 	 365,00 	 2 141,00 	 2 723,03 	 30,65 	 16,84 	 1 926,92 	 7 403,31 	 54,41 	 3 911,57 	 788,35 	 161,65 	 331,00 	 683,68 	 80,04 	 3 169,11 	 1 348,58 	 425,88 	 4 023,90 	 95,75 	 293,50 	 1 719,75 	 174,02 	 181,95 	 15,88 
30.09.2006	 1 596,22 	 1 387,65 	 363,82 	 2 141,00 	 2 713,93 	 30,52 	 16,83 	 1 921,64 	 7 403,57 	 54,41 	 3 899,46 	 785,98 	 161,65 	 328,95 	 681,20 	 79,95 	 3 167,95 	 1 349,43 	 424,86 	 4 004,21 	 95,70 	 292,75 	 1 709,59 	 173,45 	 181,37 	 15,88 
01.10.2006	 1 596,22 	 1 387,65 	 363,82 	 2 141,00 	 2 713,93 	 30,52 	 16,83 	 1 921,64 	 7 403,57 	 54,41 	 3 899,46 	 785,98 	 161,65 	 328,95 	 681,20 	 79,95 	 3 167,95 	 1 349,43 	 424,86 	 4 004,21 	 95,70 	 292,75 	 1 709,59 	 173,45 	 181,37 	 15,88 
02.10.2006	 1 596,22 	 1 387,65 	 363,82 	 2 141,00 	 2 713,93 	 30,52 	 16,83 	 1 921,64 	 7 403,57 	 54,41 	 3 899,46 	 785,98 	 161,65 	 328,95 	 681,20 	 79,95 	 3 167,95 	 1 349,43 	 424,86 	 4 004,21 	 95,70 	 292,75 	 1 709,59 	 173,45 	 181,37 	 15,88 
03.10.2006	 1 593,97 	 1 387,42 	 363,86 	 2 141,00 	 2 713,72 	 30,52 	 16,83 	 1 908,45 	 7 403,31 	 54,57 	 3 898,75 	 786,05 	 161,52 	 327,41 	 683,02 	 79,90 	 3 160,91 	 1 348,49 	 426,60 	 4 002,49 	 95,96 	 292,61 	 1 711,64 	 173,39 	 180,94 	 15,88 
04.10.2006	 1 601,04 	 1 394,61 	 365,76 	 2 141,00 	 2 728,06 	 30,71 	 16,82 	 1 917,26 	 7 403,31 	 54,57 	 3 919,45 	 789,43 	 161,71 	 326,69 	 688,91 	 80,09 	 3 162,90 	 1 352,79 	 424,72 	 4 041,03 	 96,44 	 292,57 	 1 720,58 	 174,35 	 182,23 	 15,88 
05.10.2006	 1 590,23 	 1 391,57 	 364,97 	 2 141,00 	 2 721,85 	 30,89 	 16,81 	 1 906,25 	 7 403,57 	 54,57 	 3 909,43 	 788,23 	 161,71 	 322,81 	 689,67 	 79,99 	 3 171,70 	 1 350,92 	 425,03 	 4 037,50 	 96,42 	 291,16 	 1 715,75 	 173,94 	 181,36 	 15,88 
06.10.2006	 1 599,43 	 1 391,12 	 364,88 	 2 141,00 	 2 720,89 	 31,19 	 16,80 	 1 900,41 	 7 403,31 	 54,57 	 3 908,72 	 788,13 	 161,77 	 324,85 	 691,91 	 79,95 	 3 162,66 	 1 351,09 	 424,97 	 4 038,14 	 96,47 	 292,72 	 1 712,05 	 173,91 	 181,88 	 15,88 
07.10.2006	 1 595,47 	 1 387,78 	 364,04 	 2 141,00 	 2 714,36 	 31,48 	 16,79 	 1 905,82 	 7 403,31 	 54,57 	 3 898,75 	 786,01 	 161,62 	 322,26 	 690,13 	 79,86 	 3 168,40 	 1 351,68 	 425,43 	 4 010,95 	 96,33 	 292,93 	 1 707,13 	 173,47 	 181,32 	 15,88 
08.10.2006	 1 595,47 	 1 387,78 	 364,04 	 2 141,00 	 2 714,36 	 31,48 	 16,79 	 1 905,82 	 7 403,31 	 54,57 	 3 898,75 	 786,01 	 161,62 	 322,26 	 690,13 	 79,86 	 3 168,40 	 1 351,68 	 425,43 	 4 010,95 	 96,33 	 292,93 	 1 707,13 	 173,47 	 181,32 	 15,88 
09.10.2006	 1 595,47 	 1 387,78 	 364,04 	 2 141,00 	 2 714,36 	 31,48 	 16,79 	 1 905,82 	 7 403,31 	 54,57 	 3 898,75 	 786,01 	 161,62 	 322,26 	 690,13 	 79,86 	 3 168,40 	 1 351,68 	 425,43 	 4 010,95 	 96,33 	 292,93 	 1 707,13 	 173,47 	 181,32 	 15,88 
10.10.2006	 1 588,94 	 1 379,78 	 361,92 	 2 141,00 	 2 698,62 	 31,30 	 16,79 	 1 901,59 	 7 403,57 	 54,67 	 3 878,27 	 781,63 	 161,62 	 320,70 	 688,69 	 79,62 	 3 162,43 	 1 347,35 	 425,65 	 4 006,13 	 95,84 	 290,85 	 1 699,75 	 172,47 	 179,69 	 15,88 
11.10.2006	 1 593,23 	 1 375,70 	 360,86 	 2 141,00 	 2 690,59 	 30,99 	 16,77 	 1 902,94 	 7 403,57 	 54,67 	 3 865,67 	 779,72 	 161,71 	 322,17 	 688,54 	 79,62 	 3 162,43 	 1 347,60 	 425,71 	 3 986,76 	 95,59 	 289,91 	 1 692,49 	 171,97 	 179,37 	 15,88 
12.10.2006	 1 591,51 	 1 373,76 	 360,35 	 2 141,00 	 2 686,74 	 31,20 	 16,76 	 1 883,69 	 7 403,82 	 54,67 	 3 860,44 	 778,16 	 162,04 	 318,76 	 689,56 	 79,43 	 3 144,72 	 1 348,83 	 425,70 	 3 973,48 	 95,40 	 289,88 	 1 686,09 	 171,72 	 179,22 	 15,88 
13.10.2006	 1 602,43 	 1 374,24 	 360,49 	 2 141,00 	 2 687,60 	 31,28 	 16,76 	 1 884,85 	 7 403,82 	 54,67 	 3 860,79 	 778,42 	 161,95 	 319,29 	 685,60 	 79,44 	 3 143,57 	 1 348,87 	 425,79 	 3 982,37 	 94,86 	 290,76 	 1 687,22 	 171,78 	 179,13 	 15,88 
14.10.2006	 1 609,82 	 1 374,77 	 360,69 	 2 141,00 	 2 688,88 	 31,35 	 16,76 	 1 888,92 	 7 403,82 	 54,67 	 3 862,88 	 778,40 	 161,58 	 317,92 	 690,89 	 79,50 	 3 141,87 	 1 352,54 	 425,65 	 3 985,69 	 95,11 	 289,98 	 1 687,75 	 171,85 	 179,58 	 15,88 
15.10.2006	 1 609,82 	 1 374,77 	 360,69 	 2 141,00 	 2 688,88 	 31,35 	 16,76 	 1 888,92 	 7 403,82 	 54,67 	 3 862,88 	 778,40 	 161,58 	 317,92 	 690,89 	 79,50 	 3 141,87 	 1 352,54 	 425,65 	 3 985,69 	 95,11 	 289,98 	 1 687,75 	 171,85 	 179,58 	 15,88 
16.10.2006	 1 609,82 	 1 374,77 	 360,69 	 2 141,00 	 2 688,88 	 31,35 	 16,76 	 1 888,92 	 7 403,82 	 54,67 	 3 862,88 	 778,40 	 161,58 	 317,92 	 690,89 	 79,50 	 3 141,87 	 1 352,54 	 425,65 	 3 985,69 	 95,11 	 289,98 	 1 687,75 	 171,85 	 179,58 	 15,88 
17.10.2006	 1 609,60 	 1 370,81 	 359,67 	 2 141,00 	 2 681,50 	 31,44 	 16,76 	 1 882,36 	 7 404,21 	 54,67 	 3 852,45 	 776,68 	 161,58 	 318,54 	 690,91 	 79,39 	 3 144,23 	 1 351,13 	 425,60 	 3 987,08 	 94,84 	 289,52 	 1 684,83 	 171,36 	 179,52 	 15,88 
18.10.2006	 1 616,13 	 1 372,57 	 360,04 	 2 141,00 	 2 684,49 	 31,52 	 16,76 	 1 883,03 	 7 403,31 	 54,72 	 3 856,96 	 777,49 	 161,80 	 316,70 	 690,71 	 79,46 	 3 141,43 	 1 353,74 	 424,28 	 3 987,51 	 94,78 	 290,21 	 1 687,82 	 171,57 	 179,98 	 15,88 
19.10.2006	 1 614,96 	 1 373,32 	 360,23 	 2 141,00 	 2 685,88 	 31,34 	 16,75 	 1 878,48 	 7 403,57 	 54,72 	 3 858,01 	 777,92 	 161,80 	 317,26 	 687,63 	 79,51 	 3 145,64 	 1 358,63 	 423,88 	 4 008,27 	 94,64 	 290,21 	 1 689,02 	 171,67 	 180,47 	 15,88 
20.10.2006	 1 620,20 	 1 373,80 	 360,50 	 2 141,00 	 2 687,49 	 31,48 	 16,75 	 1 884,43 	 7 403,31 	 54,72 	 3 860,79 	 778,40 	 161,80 	 316,79 	 691,49 	 79,49 	 3 147,14 	 1 360,49 	 423,75 	 4 008,59 	 94,85 	 290,63 	 1 690,42 	 171,79 	 180,56 	 15,88 
21.10.2006	 1 626,95 	 1 381,83 	 362,49 	 2 141,00 	 2 702,69 	 31,49 	 16,75 	 1 899,65 	 7 403,31 	 54,72 	 3 881,79 	 782,59 	 161,97 	 320,86 	 700,15 	 79,74 	 3 149,15 	 1 362,05 	 423,94 	 4 019,73 	 95,35 	 292,82 	 1 701,43 	 172,72 	 180,87 	 15,88 
22.10.2006	 1 626,95 	 1 381,83 	 362,49 	 2 141,00 	 2 702,69 	 31,49 	 16,75 	 1 899,65 	 7 403,31 	 54,72 	 3 881,79 	 782,59 	 161,97 	 320,86 	 700,15 	 79,74 	 3 149,15 	 1 362,05 	 423,94 	 4 019,73 	 95,35 	 292,82 	 1 701,43 	 172,72 	 180,87 	 15,88 
23.10.2006	 1 626,95 	 1 381,83 	 362,49 	 2 141,00 	 2 702,69 	 31,49 	 16,75 	 1 899,65 	 7 403,31 	 54,72 	 3 881,79 	 782,59 	 161,97 	 320,86 	 700,15 	 79,74 	 3 149,15 	 1 362,05 	 423,94 	 4 019,73 	 95,35 	 292,82 	 1 701,43 	 172,72 	 180,87 	 15,88 
24.10.2006	 1 625,98 	 1 378,44 	 361,66 	 2 141,00 	 2 695,84 	 31,28 	 16,74 	 1 899,82 	 7 403,31 	 54,74 	 3 874,06 	 780,80 	 161,97 	 319,91 	 699,10 	 79,65 	 3 156,67 	 1 359,24 	 424,07 	 4 020,48 	 95,27 	 292,81 	 1 695,77 	 172,30 	 179,95 	 15,88 
25.10.2006	 1 621,70 	 1 372,52 	 360,06 	 2 141,00 	 2 684,39 	 31,15 	 16,75 	 1 893,60 	 7 403,31 	 54,74 	 3 857,31 	 777,12 	 161,92 	 320,29 	 692,54 	 79,50 	 3 147,29 	 1 359,06 	 423,92 	 4 002,81 	 94,65 	 291,77 	 1 686,82 	 171,56 	 179,17 	 15,88 
26.10.2006	 1 628,34 	 1 376,14 	 361,02 	 2 141,00 	 2 691,56 	 31,39 	 16,75 	 1 898,98 	 7 403,57 	 54,74 	 3 867,76 	 779,61 	 161,92 	 321,89 	 693,31 	 79,58 	 3 144,74 	 1 361,48 	 424,17 	 4 017,27 	 94,88 	 292,23 	 1 692,56 	 172,02 	 179,84 	 15,88 
27.10.2006	 1 634,12 	 1 385,58 	 363,55 	 2 141,00 	 2 709,97 	 31,56 	 16,75 	 1 905,57 	 7 403,57 	 54,74 	 3 893,08 	 785,11 	 161,89 	 326,65 	 697,28 	 79,80 	 3 151,79 	 1 362,83 	 424,10 	 4 033,97 	 95,59 	 293,69 	 1 702,25 	 173,20 	 180,18 	 15,88 
28.10.2006	 1 633,05 	 1 388,46 	 364,26 	 2 141,00 	 2 715,75 	 31,57 	 16,76 	 1 903,53 	 7 403,57 	 54,74 	 3 901,95 	 786,51 	 161,89 	 327,29 	 701,67 	 79,92 	 3 159,22 	 1 367,57 	 424,49 	 4 042,32 	 95,79 	 294,49 	 1 707,13 	 173,55 	 180,68 	 15,88 
29.10.2006	 1 633,05 	 1 388,46 	 364,26 	 2 141,00 	 2 715,75 	 31,57 	 16,76 	 1 903,53 	 7 403,57 	 54,74 	 3 901,95 	 786,51 	 161,89 	 327,29 	 701,67 	 79,92 	 3 159,22 	 1 367,57 	 424,49 	 4 042,32 	 95,79 	 294,49 	 1 707,13 	 173,55 	 180,68 	 15,88 
30.10.2006	 1 633,05 	 1 388,46 	 364,26 	 2 141,00 	 2 715,75 	 31,57 	 16,76 	 1 903,53 	 7 403,57 	 54,74 	 3 901,95 	 786,51 	 161,89 	 327,29 	 701,67 	 79,92 	 3 159,22 	 1 367,57 	 424,49 	 4 042,32 	 95,79 	 294,49 	 1 707,13 	 173,55 	 180,68 	 15,88 
31.10.2006	 1 645,14 	 1 392,52 	 365,34 	 2 141,00 	 2 723,46 	 31,07 	 16,76 	 1 912,12 	 7 403,95 	 54,78 	 3 911,57 	 788,77 	 162,32 	 327,85 	 699,24 	 80,04 	 3 164,16 	 1 371,86 	 424,68 	 4 066,08 	 96,02 	 295,74 	 1 713,42 	 174,09 	 182,28 	 15,88 
01.11.2006	 1 646,00 	 1 389,18 	 364,52 	 2 141,00 	 2 717,04 	 31,29 	 16,75 	 1 899,31 	 7 403,31 	 54,78 	 3 902,31 	 786,64 	 162,32 	 326,22 	 698,74 	 79,94 	 3 173,26 	 1 370,63 	 425,82 	 4 069,93 	 96,12 	 294,63 	 1 711,23 	 173,64 	 181,93 	 15,88 
02.11.2006	 1 656,71 	 1 396,43 	 366,47 	 2 141,00 	 2 731,17 	 31,64 	 16,75 	 1 896,37 	 7 403,69 	 54,78 	 3 922,32 	 790,85 	 162,32 	 327,85 	 706,67 	 80,10 	 3 168,77 	 1 372,61 	 424,65 	 4 086,95 	 97,27 	 296,36 	 1 721,13 	 174,57 	 183,05 	 15,88 
03.11.2006	 1 651,46 	 1 396,97 	 366,50 	 2 141,00 	 2 732,24 	 31,62 	 16,73 	 1 890,84 	 7 403,57 	 54,78 	 3 925,20 	 790,97 	 162,14 	 331,35 	 706,79 	 80,10 	 3 179,98 	 1 371,16 	 424,00 	 4 081,71 	 97,40 	 297,37 	 1 718,51 	 174,61 	 182,74 	 15,88 
04.11.2006	 1 657,88 	 1 398,25 	 366,85 	 2 141,00 	 2 734,81 	 31,77 	 16,74 	 1 889,84 	 7 403,57 	 54,78 	 3 928,08 	 792,04 	 162,20 	 331,88 	 707,23 	 80,19 	 3 179,86 	 1 372,48 	 423,96 	 4 087,17 	 97,26 	 297,70 	 1 719,13 	 174,79 	 182,89 	 15,88 
05.11.2006	 1 657,88 	 1 398,25 	 366,85 	 2 141,00 	 2 734,81 	 31,77 	 16,74 	 1 889,84 	 7 403,57 	 54,78 	 3 928,08 	 792,04 	 162,20 	 331,88 	 707,23 	 80,19 	 3 179,86 	 1 372,48 	 423,96 	 4 087,17 	 97,26 	 297,70 	 1 719,13 	 174,79 	 182,89 	 15,88 
06.11.2006	 1 657,88 	 1 398,25 	 366,85 	 2 141,00 	 2 734,81 	 31,77 	 16,74 	 1 889,84 	 7 403,57 	 54,78 	 3 928,08 	 792,04 	 162,20 	 331,88 	 707,23 	 80,19 	 3 179,86 	 1 372,48 	 423,96 	 4 087,17 	 97,26 	 297,70 	 1 719,13 	 174,79 	 182,89 	 15,88 
07.11.2006	 1 657,88 	 1 398,25 	 366,85 	 2 141,00 	 2 734,81 	 31,77 	 16,74 	 1 889,84 	 7 403,57 	 54,78 	 3 928,08 	 792,04 	 162,20 	 331,88 	 707,23 	 80,19 	 3 179,86 	 1 372,48 	 423,96 	 4 087,17 	 97,26 	 297,70 	 1 719,13 	 174,79 	 182,89 	 15,88 
08.11.2006	 1 657,88 	 1 398,25 	 366,85 	 2 141,00 	 2 734,81 	 31,77 	 16,74 	 1 889,84 	 7 403,57 	 54,78 	 3 928,08 	 792,04 	 162,20 	 331,88 	 707,23 	 80,19 	 3 179,86 	 1 372,48 	 423,96 	 4 087,17 	 97,26 	 297,70 	 1 719,13 	 174,79 	 182,89 	 15,88 
09.11.2006	 1 651,67 	 1 401,09 	 367,46 	 2 141,00 	 2 740,16 	 31,45 	 16,76 	 1 895,11 	 7 403,57 	 54,90 	 3 937,11 	 793,61 	 162,47 	 332,37 	 715,24 	 80,17 	 3 175,15 	 1 371,91 	 425,37 	 4 086,63 	 97,97 	 299,75 	 1 716,99 	 175,14 	 182,27 	 15,88 
10.11.2006	 1 641,40 	 1 399,76 	 367,08 	 2 141,00 	 2 737,59 	 31,40 	 16,74 	 1 894,35 	 7 403,18 	 54,90 	 3 932,41 	 792,92 	 162,60 	 332,90 	 714,05 	 80,19 	 3 180,09 	 1 369,89 	 425,43 	 4 084,06 	 97,69 	 300,01 	 1 715,61 	 174,96 	 181,76 	 15,88 
11.11.2006	 1 646,96 	 1 410,92 	 370,02 	 2 141,00 	 2 760,61 	 31,64 	 16,75 	 1 899,57 	 7 403,31 	 54,90 	 3 963,71 	 799,24 	 162,81 	 335,91 	 718,95 	 80,43 	 3 177,50 	 1 374,95 	 424,59 	 4 101,19 	 97,83 	 303,83 	 1 731,57 	 176,37 	 182,52 	 15,88 
12.11.2006	 1 646,96 	 1 410,92 	 370,02 	 2 141,00 	 2 760,61 	 31,64 	 16,75 	 1 899,57 	 7 403,31 	 54,90 	 3 963,71 	 799,24 	 162,81 	 335,91 	 718,95 	 80,43 	 3 177,50 	 1 374,95 	 424,59 	 4 101,19 	 97,83 	 303,83 	 1 731,57 	 176,37 	 182,52 	 15,88 
13.11.2006	 1 646,96 	 1 410,92 	 370,02 	 2 141,00 	 2 760,61 	 31,64 	 16,75 	 1 899,57 	 7 403,31 	 54,90 	 3 963,71 	 799,24 	 162,81 	 335,91 	 718,95 	 80,43 	 3 177,50 	 1 374,95 	 424,59 	 4 101,19 	 97,83 	 303,83 	 1 731,57 	 176,37 	 182,52 	 15,88 
14.11.2006	 1 639,26 	 1 407,53 	 369,10 	 2 141,00 	 2 752,79 	 31,70 	 16,75 	 1 891,09 	 7 403,57 	 54,90 	 3 954,20 	 797,21 	 162,57 	 336,13 	 719,00 	 80,43 	 3 189,66 	 1 375,17 	 425,14 	 4 092,31 	 97,75 	 302,23 	 1 729,33 	 175,92 	 182,29 	 15,88 
15.11.2006	 1 635,71 	 1 403,74 	 368,16 	 2 140,00 	 2 745,94 	 31,11 	 16,74 	 1 878,35 	 7 400,11 	 54,88 	 3 944,70 	 795,27 	 162,49 	 334,56 	 718,63 	 80,30 	 3 180,94 	 1 375,01 	 424,58 	 4 063,65 	 97,88 	 302,64 	 1 721,64 	 175,49 	 181,56 	 15,87 
16.11.2006	 1 637,42 	 1 403,19 	 368,00 	 2 140,00 	 2 744,98 	 30,62 	 16,73 	 1 881,81 	 7 400,11 	 54,88 	 3 942,88 	 794,98 	 162,03 	 333,45 	 721,46 	 80,29 	 3 178,65 	 1 371,14 	 423,97 	 4 057,33 	 97,75 	 302,20 	 1 716,33 	 175,43 	 181,59 	 15,87 
17.11.2006	 1 637,31 	 1 401,53 	 367,49 	 2 140,00 	 2 741,45 	 30,45 	 16,72 	 1 877,60 	 7 399,85 	 54,88 	 3 929,13 	 793,83 	 162,03 	 333,34 	 720,85 	 80,28 	 3 172,23 	 1 372,81 	 424,25 	 4 035,50 	 97,77 	 302,39 	 1 714,19 	 175,18 	 181,00 	 15,87 
18.11.2006	 1 638,70 	 1 398,56 	 366,75 	 2 140,00 	 2 735,13 	 30,62 	 16,73 	 1 872,10 	 7 399,85 	 54,88 	 3 919,77 	 792,24 	 161,94 	 331,56 	 719,74 	 80,18 	 3 174,95 	 1 371,22 	 425,13 	 4 033,79 	 97,62 	 301,86 	 1 711,93 	 174,81 	 180,87 	 15,87 
19.11.2006	 1 638,70 	 1 398,56 	 366,75 	 2 140,00 	 2 735,13 	 30,62 	 16,73 	 1 872,10 	 7 399,85 	 54,88 	 3 919,77 	 792,24 	 161,94 	 331,56 	 719,74 	 80,18 	 3 174,95 	 1 371,22 	 425,13 	 4 033,79 	 97,62 	 301,86 	 1 711,93 	 174,81 	 180,87 	 15,87 
20.11.2006	 1 638,70 	 1 398,56 	 366,75 	 2 140,00 	 2 735,13 	 30,62 	 16,73 	 1 872,10 	 7 399,85 	 54,88 	 3 919,77 	 792,24 	 161,94 	 331,56 	 719,74 	 80,18 	 3 174,95 	 1 371,22 	 425,13 	 4 033,79 	 97,62 	 301,86 	 1 711,93 	 174,81 	 180,87 	 15,87 
21.11.2006	 1 645,02 	 1 404,25 	 368,22 	 2 140,00 	 2 746,37 	 30,36 	 16,72 	 1 869,16 	 7 399,85 	 55,07 	 3 934,91 	 795,47 	 162,21 	 332,51 	 720,83 	 80,33 	 3 169,96 	 1 373,64 	 425,34 	 4 055,83 	 97,91 	 302,37 	 1 721,64 	 175,54 	 181,23 	 15,87 
22.11.2006	 1 645,98 	 1 402,63 	 367,91 	 2 140,00 	 2 743,48 	 30,35 	 16,67 	 1 868,10 	 7 399,85 	 55,07 	 3 930,57 	 794,52 	 162,24 	 331,89 	 723,16 	 80,29 	 3 178,31 	 1 375,45 	 425,57 	 4 060,86 	 98,20 	 301,77 	 1 721,36 	 175,33 	 181,30 	 15,87 
23.11.2006	 1 654,43 	 1 407,89 	 369,33 	 2 140,00 	 2 753,43 	 29,83 	 16,73 	 1 870,14 	 7 400,11 	 55,07 	 3 947,61 	 797,54 	 162,15 	 333,50 	 723,68 	 80,41 	 3 177,00 	 1 374,97 	 425,36 	 4 077,34 	 98,52 	 302,50 	 1 729,99 	 175,99 	 182,07 	 15,87 
24.11.2006	 1 657,75 	 1 418,25 	 371,99 	 2 140,00 	 2 773,87 	 29,97 	 16,73 	 1 876,29 	 7 399,85 	 55,07 	 3 978,06 	 803,26 	 162,18 	 335,91 	 726,09 	 80,58 	 3 186,85 	 1 378,69 	 425,55 	 4 100,67 	 99,41 	 306,11 	 1 748,01 	 177,28 	 183,83 	 15,87 
25.11.2006	 1 663,53 	 1 429,24 	 374,99 	 2 140,00 	 2 796,77 	 30,28 	 16,73 	 1 880,49 	 7 400,11 	 55,07 	 4 008,24 	 809,62 	 162,24 	 338,57 	 728,71 	 80,69 	 3 186,85 	 1 377,71 	 424,86 	 4 133,73 	 99,73 	 308,78 	 1 765,39 	 178,69 	 184,60 	 15,87 
26.11.2006	 1 663,53 	 1 429,24 	 374,99 	 2 140,00 	 2 796,77 	 30,28 	 16,73 	 1 880,49 	 7 400,11 	 55,07 	 4 008,24 	 809,62 	 162,24 	 338,57 	 728,71 	 80,69 	 3 186,85 	 1 377,71 	 424,86 	 4 133,73 	 99,73 	 308,78 	 1 765,39 	 178,69 	 184,60 	 15,87 
27.11.2006	 1 663,53 	 1 429,24 	 374,99 	 2 140,00 	 2 796,77 	 30,28 	 16,73 	 1 880,49 	 7 400,11 	 55,07 	 4 008,24 	 809,62 	 162,24 	 338,57 	 728,71 	 80,69 	 3 186,85 	 1 377,71 	 424,86 	 4 133,73 	 99,73 	 308,78 	 1 765,39 	 178,69 	 184,60 	 15,87 
28.11.2006	 1 665,99 	 1 433,84 	 376,26 	 2 140,00 	 2 805,11 	 30,52 	 16,73 	 1 886,38 	 7 399,85 	 55,15 	 4 019,16 	 811,96 	 162,24 	 339,54 	 732,22 	 81,16 	 3 186,85 	 1 378,42 	 424,96 	 4 139,51 	 100,04 	 310,22 	 1 770,57 	 179,25 	 184,01 	 15,87 
29.11.2006	 1 665,24 	 1 438,12 	 377,28 	 2 140,00 	 2 813,14 	 30,69 	 16,73 	 1 891,04 	 7 400,36 	 55,15 	 4 032,41 	 814,25 	 162,24 	 340,02 	 733,74 	 81,21 	 3 216,91 	 1 379,44 	 424,25 	 4 159,84 	 100,30 	 310,49 	 1 774,53 	 179,77 	 184,05 	 15,87 
30.11.2006	 1 674,76 	 1 440,54 	 377,94 	 2 140,00 	 2 817,42 	 30,85 	 16,72 	 1 887,96 	 7 400,62 	 55,15 	 4 036,59 	 815,98 	 162,43 	 340,67 	 736,99 	 81,32 	 3 219,31 	 1 384,26 	 424,23 	 4 170,65 	 100,60 	 310,17 	 1 773,80 	 180,08 	 184,21 	 15,87 
01.12.2006	 1 685,36 	 1 443,17 	 378,64 	 2 140,00 	 2 822,45 	 31,26 	 16,73 	 1 878,18 	 7 399,47 	 55,15 	 4 044,99 	 817,46 	 162,43 	 344,69 	 738,98 	 81,34 	 3 222,80 	 1 387,31 	 423,71 	 4 182,31 	 100,89 	 311,27 	 1 772,84 	 180,39 	 184,30 	 15,87 
02.12.2006	 1 691,35 	 1 449,18 	 380,21 	 2 140,00 	 2 834,00 	 31,37 	 16,73 	 1 877,60 	 7 398,44 	 55,15 	 4 061,11 	 820,88 	 162,80 	 346,82 	 745,23 	 81,53 	 3 226,54 	 1 385,11 	 422,26 	 4 215,48 	 101,52 	 313,47 	 1 785,34 	 181,13 	 184,31 	 15,87 
03.12.2006	 1 691,35 	 1 449,18 	 380,21 	 2 140,00 	 2 834,00 	 31,37 	 16,73 	 1 877,60 	 7 398,44 	 55,15 	 4 061,11 	 820,88 	 162,80 	 346,82 	 745,23 	 81,53 	 3 226,54 	 1 385,11 	 422,26 	 4 215,48 	 101,52 	 313,47 	 1 785,34 	 181,13 	 184,31 	 15,87 
04.12.2006	 1 691,35 	 1 449,18 	 380,21 	 2 140,00 	 2 834,00 	 31,37 	 16,73 	 1 877,60 	 7 398,44 	 55,15 	 4 061,11 	 820,88 	 162,80 	 346,82 	 745,23 	 81,53 	 3 226,54 	 1 385,11 	 422,26 	 4 215,48 	 101,52 	 313,47 	 1 785,34 	 181,13 	 184,31 	 15,87 
05.12.2006	 1 682,36 	 1 453,95 	 381,36 	 2 140,00 	 2 844,49 	 31,63 	 16,73 	 1 873,09 	 7 399,47 	 55,15 	 4 075,41 	 823,63 	 162,68 	 347,95 	 745,72 	 81,66 	 3 233,22 	 1 384,62 	 422,92 	 4 229,50 	 101,54 	 315,09 	 1 787,06 	 181,75 	 184,90 	 15,87 
06.12.2006	 1 686,43 	 1 456,13 	 381,89 	 2 140,00 	 2 847,80 	 31,35 	 16,73 	 1 876,45 	 7 399,85 	 55,15 	 4 080,47 	 824,81 	 162,86 	 349,18 	 747,57 	 81,73 	 3 243,47 	 1 390,20 	 424,33 	 4 228,75 	 101,74 	 314,74 	 1 789,60 	 182,04 	 186,39 	 15,87 
07.12.2006	 1 681,93 	 1 452,57 	 381,05 	 2 140,00 	 2 841,06 	 31,00 	 16,72 	 1 872,92 	 7 402,15 	 55,15 	 4 068,05 	 822,79 	 163,11 	 349,42 	 746,71 	 81,72 	 3 246,25 	 1 389,66 	 423,34 	 4 205,85 	 101,42 	 314,00 	 1 788,10 	 181,57 	 186,22 	 15,87 
08.12.2006	 1 692,31 	 1 456,18 	 381,92 	 2 140,00 	 2 847,80 	 31,03 	 16,72 	 1 865,66 	 7 402,15 	 55,15 	 4 076,19 	 824,71 	 163,02 	 351,25 	 747,01 	 81,71 	 3 240,69 	 1 390,65 	 424,01 	 4 214,41 	 101,77 	 314,34 	 1 792,14 	 182,00 	 186,19 	 15,87 
09.12.2006	 1 686,64 	 1 453,71 	 381,32 	 2 140,00 	 2 843,42 	 31,01 	 16,72 	 1 862,00 	 7 404,08 	 55,15 	 4 070,38 	 823,05 	 163,23 	 350,22 	 741,61 	 81,57 	 3 241,16 	 1 387,40 	 425,28 	 4 194,72 	 101,65 	 313,86 	 1 789,37 	 181,72 	 185,02 	 15,87 
10.12.2006	 1 686,64 	 1 453,71 	 381,32 	 2 140,00 	 2 843,42 	 31,01 	 16,72 	 1 862,00 	 7 404,08 	 55,15 	 4 070,38 	 823,05 	 163,23 	 350,22 	 741,61 	 81,57 	 3 241,16 	 1 387,40 	 425,28 	 4 194,72 	 101,65 	 313,86 	 1 789,37 	 181,72 	 185,02 	 15,87 
11.12.2006	 1 686,64 	 1 453,71 	 381,32 	 2 140,00 	 2 843,42 	 31,01 	 16,72 	 1 862,00 	 7 404,08 	 55,15 	 4 070,38 	 823,05 	 163,23 	 350,22 	 741,61 	 81,57 	 3 241,16 	 1 387,40 	 425,28 	 4 194,72 	 101,65 	 313,86 	 1 789,37 	 181,72 	 185,02 	 15,87 
12.12.2006	 1 675,73 	 1 444,68 	 378,99 	 2 140,00 	 2 825,76 	 30,85 	 16,72 	 1 862,73 	 7 400,49 	 55,29 	 4 046,52 	 817,95 	 163,23 	 347,94 	 739,95 	 81,38 	 3 236,75 	 1 386,32 	 424,60 	 4 179,74 	 101,24 	 312,15 	 1 777,70 	 180,57 	 183,13 	 15,87 
13.12.2006	 1 682,25 	 1 447,76 	 379,81 	 2 140,00 	 2 831,65 	 30,86 	 16,72 	 1 865,98 	 7 401,39 	 55,29 	 4 058,03 	 820,25 	 163,67 	 348,47 	 742,90 	 81,49 	 3 223,03 	 1 389,79 	 424,67 	 4 191,73 	 101,42 	 311,95 	 1 779,55 	 180,98 	 183,08 	 15,87 
14.12.2006	 1 685,57 	 1 450,21 	 380,59 	 2 140,00 	 2 836,46 	 30,85 	 16,73 	 1 858,20 	 7 402,41 	 55,29 	 4 070,38 	 821,51 	 163,86 	 349,23 	 746,40 	 81,58 	 3 229,54 	 1 390,15 	 424,81 	 4 209,06 	 101,62 	 313,83 	 1 779,26 	 181,28 	 182,74 	 15,87 
15.12.2006	 1 682,57 	 1 447,85 	 379,86 	 2 140,00 	 2 831,86 	 30,87 	 16,73 	 1 849,77 	 7 404,20 	 55,29 	 4 060,34 	 819,83 	 164,30 	 345,83 	 745,11 	 81,48 	 3 234,16 	 1 390,97 	 426,04 	 4 209,59 	 101,48 	 312,58 	 1 772,40 	 180,98 	 182,28 	 15,87 
16.12.2006	 1 669,52 	 1 433,74 	 376,24 	 2 140,00 	 2 804,68 	 31,07 	 16,74 	 1 850,25 	 7 402,15 	 55,29 	 4 021,42 	 812,25 	 164,49 	 342,65 	 740,22 	 81,28 	 3 223,72 	 1 387,22 	 424,04 	 4 187,12 	 101,35 	 309,04 	 1 755,61 	 179,27 	 180,98 	 15,87 
17.12.2006	 1 669,52 	 1 433,74 	 376,24 	 2 140,00 	 2 804,68 	 31,07 	 16,74 	 1 850,25 	 7 402,15 	 55,29 	 4 021,42 	 812,25 	 164,49 	 342,65 	 740,22 	 81,28 	 3 223,72 	 1 387,22 	 424,04 	 4 187,12 	 101,35 	 309,04 	 1 755,61 	 179,27 	 180,98 	 15,87 
18.12.2006	 1 669,52 	 1 433,74 	 376,24 	 2 140,00 	 2 804,68 	 31,07 	 16,74 	 1 850,25 	 7 402,15 	 55,29 	 4 021,42 	 812,25 	 164,49 	 342,65 	 740,22 	 81,28 	 3 223,72 	 1 387,22 	 424,04 	 4 187,12 	 101,35 	 309,04 	 1 755,61 	 179,27 	 180,98 	 15,87 
19.12.2006	 1 674,87 	 1 433,74 	 376,23 	 2 140,00 	 2 804,47 	 31,28 	 16,74 	 1 848,73 	 7 402,15 	 55,40 	 4 020,67 	 811,97 	 165,25 	 344,45 	 739,05 	 81,10 	 3 214,02 	 1 387,67 	 424,39 	 4 182,42 	 101,17 	 310,14 	 1 752,59 	 179,22 	 181,50 	 15,87 
20.12.2006	 1 675,08 	 1 440,16 	 377,86 	 2 140,00 	 2 816,45 	 31,03 	 16,74 	 1 849,61 	 7 401,00 	 55,40 	 4 038,88 	 815,60 	 165,12 	 344,86 	 740,64 	 81,11 	 3 212,10 	 1 385,88 	 426,19 	 4 196,75 	 101,42 	 310,96 	 1 757,92 	 180,04 	 181,18 	 15,87 
21.12.2006	 1 680,22 	 1 446,63 	 379,61 	 2 140,00 	 2 829,62 	 30,91 	 16,75 	 1 861,68 	 7 401,00 	 55,40 	 4 056,49 	 819,39 	 166,28 	 346,59 	 741,77 	 81,44 	 3 220,83 	 1 389,20 	 427,49 	 4 216,98 	 102,53 	 313,77 	 1 763,42 	 180,86 	 181,17 	 15,87 
22.12.2006	 1 682,25 	 1 443,36 	 378,69 	 2 140,00 	 2 823,30 	 30,79 	 16,72 	 1 862,81 	 7 401,26 	 55,40 	 4 047,28 	 817,78 	 166,28 	 346,53 	 742,80 	 81,39 	 3 226,56 	 1 390,02 	 426,68 	 4 210,34 	 102,53 	 314,50 	 1 759,58 	 180,46 	 181,33 	 15,87 
23.12.2006	 1 684,29 	 1 445,02 	 379,19 	 2 140,00 	 2 826,30 	 30,65 	 16,73 	 1 854,50 	 7 401,00 	 55,40 	 4 051,88 	 818,20 	 166,28 	 345,48 	 740,23 	 81,39 	 3 221,24 	 1 389,84 	 427,81 	 4 208,42 	 102,56 	 314,78 	 1 764,22 	 180,64 	 180,77 	 15,87 
24.12.2006	 1 684,29 	 1 445,02 	 379,19 	 2 140,00 	 2 826,30 	 30,65 	 16,73 	 1 854,50 	 7 401,00 	 55,40 	 4 051,88 	 818,20 	 166,28 	 345,48 	 740,23 	 81,39 	 3 221,24 	 1 389,84 	 427,81 	 4 208,42 	 102,56 	 314,78 	 1 764,22 	 180,64 	 180,77 	 15,87 
25.12.2006	 1 684,29 	 1 445,02 	 379,19 	 2 140,00 	 2 826,30 	 30,65 	 16,73 	 1 854,50 	 7 401,00 	 55,40 	 4 051,88 	 818,20 	 166,28 	 345,48 	 740,23 	 81,39 	 3 221,24 	 1 389,84 	 427,81 	 4 208,42 	 102,56 	 314,78 	 1 764,22 	 180,64 	 180,77 	 15,87 
26.12.2006	 1 684,29 	 1 445,02 	 379,19 	 2 140,00 	 2 826,30 	 30,65 	 16,73 	 1 854,50 	 7 401,00 	 55,40 	 4 051,88 	 818,20 	 166,28 	 345,48 	 740,23 	 81,39 	 3 221,24 	 1 389,84 	 427,81 	 4 208,42 	 102,56 	 314,78 	 1 764,22 	 180,64 	 180,77 	 15,87 
27.12.2006	 1 681,72 	 1 437,11 	 376,99 	 2 140,00 	 2 810,89 	 29,52 	 16,74 	 1 847,85 	 7 401,26 	 55,68 	 4 030,51 	 813,63 	 166,28 	 343,16 	 735,40 	 81,18 	 3 222,37 	 1 389,38 	 427,98 	 4 192,90 	 101,43 	 312,50 	 1 754,67 	 179,63 	 179,98 	 15,87 
28.12.2006	 1 681,29 	 1 439,04 	 377,58 	 2 140,00 	 2 814,42 	 29,79 	 16,77 	 1 841,73 	 7 401,26 	 55,68 	 4 037,74 	 814,80 	 166,70 	 342,03 	 733,30 	 81,26 	 3 222,37 	 1 392,10 	 424,48 	 4 191,30 	 101,80 	 312,02 	 1 754,60 	 179,90 	 180,35 	 15,87 
29.12.2006	 1 686,32 	 1 438,03 	 377,21 	 2 140,00 	 2 812,28 	 29,93 	 16,82 	 1 843,56 	 7 401,26 	 55,68 	 4 035,83 	 814,25 	 165,89 	 341,44 	 732,93 	 81,13 	 3 218,17 	 1 393,50 	 424,52 	 4 191,19 	 101,98 	 311,18 	 1 747,94 	 179,76 	 180,05 	 15,87 
30.12.2006	 1 690,71 	 1 440,25 	 377,92 	 2 140,00 	 2 817,31 	 29,93 	 16,88 	 1 844,27 	 7 401,26 	 55,68 	 4 041,93 	 816,02 	 165,73 	 340,88 	 734,92 	 81,13 	 3 216,76 	 1 395,86 	 423,39 	 4 197,61 	 102,57 	 311,35 	 1 753,60 	 180,06 	 180,01 	 15,87 
31.12.2006	 1 690,71 	 1 440,25 	 377,92 	 2 140,00 	 2 817,31 	 29,93 	 16,88 	 1 844,27 	 7 401,26 	 55,68 	 4 041,93 	 816,02 	 165,73 	 340,88 	 734,92 	 81,13 	 3 216,76 	 1 395,86 	 423,39 	 4 197,61 	 102,57 	 311,35 	 1 753,60 	 180,06 	 180,01 	 15,87 
